Fre(kHz),Re,Im
-149.917602539063,0.643878575186011,0.682688061538983,ZeroPoint:Tj,63,1.3
-149.726867675781,0.76105866923589,1.29562671072179,Const.;stime,-19.4778704,6.4E-07
-149.5361328125,0.22490447071276,0.896005506233362,Fre.Range:Tau,-150:150,1.5E-05
-149.345397949219,-0.181629046618597,1.15235191170085,FFTSize:DataSize:Firstpul,8192:8192,4.5E-07
-149.154663085938,0.613652605009416,1.55530318909058,16kspinF6666,Freq.=141390000
-148.963928222656,-0.0685719043809079,1.01325506181766
-148.773193359375,0.088527290838967,0.748369342391471
-148.582458496094,0.498365854833541,1.19404897102622
-148.391723632813,0.69438927655378,1.42066362087822
-148.200988769531,0.741077217772349,0.886893049055489
-148.01025390625,0.211937991868807,1.0470673594982
-147.819519042969,0.198332124173462,1.6099633726483
-147.628784179688,0.544632278584561,0.989851944325315
-147.438049316406,0.613951065833674,1.17229653444769
-147.247314453125,0.348430062317857,1.19623555714066
-147.056579589844,0.790430075963948,0.975245658934433
-146.865844726563,0.663314803922667,1.2632709234528
-146.675109863281,0.391326001814356,1.25249997471135
-146.484375,0.630035644989453,0.899826690378392
-146.293640136719,0.246161379225295,0.956720152647287
-146.102905273438,0.0447563010012685,1.0833443832572
-145.912170410156,0.368571570775347,1.15251233343161
-145.721435546875,0.0203186055457932,1.27881857662642
-145.530700683594,0.439097637732142,1.15270973903001
-145.339965820313,0.607039031908834,0.959985686973827
-145.149230957031,0.263110203953958,1.25761569995548
-144.95849609375,0.621604189209107,1.40540045186374
-144.767761230469,0.0157463575474749,1.45794846793248
-144.577026367188,0.767619233358534,1.14772457458111
-144.386291503906,0.588446598527536,1.4171205240732
-144.195556640625,0.186546329094421,1.05094701638209
-144.004821777344,0.404034742728052,1.15995553998255
-143.814086914063,-0.123859933581179,0.839861168664189
-143.623352050781,0.516028101099397,1.23474912137622
-143.4326171875,0.41190546119522,1.61188064667985
-143.241882324219,0.445099473366344,1.23357676879077
-143.051147460938,-0.253586388740852,1.29006991255175
-142.860412597656,0.628892769032965,0.666928212956905
-142.669677734375,0.561725230353481,1.22599565225646
-142.478942871094,0.345964859006281,1.1060063308036
-142.288208007813,0.191978612506011,1.57239630180907
-142.097473144531,0.0153555327241826,1.137817352701
-141.90673828125,0.803850908490871,1.08385619837948
-141.716003417969,0.00813077256623462,1.45974914890341
-141.525268554688,0.31104572246384,1.13775041553554
-141.334533691406,0.325651682389372,1.28639157531247
-141.143798828125,0.284099060181198,0.751581987805838
-140.953063964844,0.617408108900571,1.1977335091873
-140.762329101563,-0.00584396843886372,1.65279678209918
-140.571594238281,0.200434372186024,0.926114256205365
-140.380859375,-0.0264643435150722,1.19857074735844
-140.190124511719,0.409773354735731,1.28765066133554
-139.999389648438,-0.182599957056346,1.14422325822626
-139.808654785156,0.330321491647433,1.67168885594603
-139.617919921875,0.135213173323255,1.39156955450224
-139.427185058594,0.486536140985592,1.076079702238
-139.236450195313,0.692153650240735,1.66289042771783
-139.045715332031,0.0440288737605421,1.47455747450631
-138.85498046875,0.393163223558751,0.834594339194986
-138.664245605469,0.853432477187621,1.51265209500121
-138.473510742188,0.523233970143701,0.71113973564841
-138.282775878906,0.177683571041646,1.24247489928173
-138.092041015625,0.454088848475342,1.1276646732898
-137.901306152344,0.202480018560393,1.01819880069955
-137.710571289063,0.647232928367043,0.86728065771905
-137.519836425781,0.109672558687977,1.04626391886949
-137.3291015625,0.30466144003664,1.44904901242601
-137.138366699219,-0.14801874977879,1.29106451950377
-136.947631835938,0.481834278505128,0.83331426926251
-136.756896972656,-0.0755482070943646,1.46137893820562
-136.566162109375,0.362881506246508,1.35119749476801
-136.375427246094,0.0804129717686673,1.38174676583117
-136.184692382813,0.756314480355779,0.923442585957988
-135.993957519531,0.342595066606482,1.1358209016551
-135.80322265625,0.837300980144601,1.27265891437823
-135.612487792969,0.47315896197174,1.32277895538467
-135.421752929688,0.0380326618474138,0.866247019431445
-135.231018066406,0.00435850537096295,0.944453035054474
-135.040283203125,0.37320800139691,1.7907695990856
-134.849548339844,0.90049388639444,1.61043678295521
-134.658813476563,-0.0276100727886941,1.39455676604367
-134.468078613281,-0.162445875769318,1.77948911900085
-134.27734375,0.171065939899059,0.942234569954373
-134.086608886719,0.274181598345849,0.957050908621773
-133.895874023438,0.141557880163274,1.06505861040566
-133.705139160156,0.931648460812036,1.63397369824335
-133.514404296875,0.694668706867441,1.24438967059237
-133.323669433594,0.333674479735474,1.5025365077482
-133.132934570313,0.359942030978789,0.981650168622493
-132.942199707031,0.386230801676909,1.85288179054028
-132.75146484375,0.153865506873881,1.20037172650491
-132.560729980469,0.768791880480707,1.29908406427108
-132.369995117188,0.537043546549805,1.15234358318946
-132.179260253906,-0.101689247892999,1.40475063048385
-131.988525390625,0.0560036496945521,1.09155202956872
-131.797790527344,0.363724680210233,1.89763074723473
-131.607055664063,0.542719436593925,1.19895766520191
-131.416320800781,-0.0580623216844934,1.17227685733011
-131.2255859375,0.316151482975645,1.33673313913925
-131.034851074219,0.0171117436340508,1.22316145193458
-130.844116210938,0.794159733628042,1.37321061471731
-130.653381347656,0.280586265996351,1.24963067026224
-130.462646484375,0.266280534555613,1.24299371846429
-130.271911621094,0.948008712828629,1.54677042878488
-130.081176757813,0.283665449685865,1.254128498975
-129.890441894531,0.184644138611579,1.3199431589676
-129.69970703125,-0.130286152306173,1.86423648691544
-129.508972167969,0.569300604218836,1.31147877165294
-129.318237304688,0.643071992487813,1.27880133404343
-129.127502441406,0.547043306966758,1.7667646326808
-128.936767578125,-0.014118414097283,1.9201938177612
-128.746032714844,0.364616068987827,1.67690220379265
-128.555297851563,-0.129091362122674,1.52302533077994
-128.364562988281,0.721117617270256,1.29942528317986
-128.173828125,0.891775587610063,1.20123038988487
-127.983093261719,0.418517569538344,1.37763764056049
-127.792358398438,-0.0328459644256513,1.0198842003368
-127.601623535156,0.692781128266492,1.38448957895749
-127.410888671875,0.318582150498827,1.75398112483423
-127.220153808594,-0.0424490091585727,1.53340584194264
-127.029418945313,0.69640762123511,1.18720708445088
-126.838684082031,0.330338676014345,1.66101236346409
-126.64794921875,0.29279092840893,1.01001533789532
-126.457214355469,0.461102450039014,1.53314093857803
-126.266479492188,0.438097902706307,1.01967033271563
-126.075744628906,-0.0831630244406947,1.26612017877696
-125.885009765625,0.360807039298727,2.19406613070532
-125.694274902344,0.339193782347247,1.59700200007236
-125.503540039063,0.579395862851273,1.38958356360517
-125.312805175781,0.41703309364912,1.0864403005415
-125.1220703125,-0.0433734689872422,1.04740869778795
-124.931335449219,0.691991528445359,1.79324379973688
-124.740600585938,0.296843215603541,1.52907770033842
-124.549865722656,0.52022755917306,1.37406938926381
-124.359130859375,0.625268740962342,1.83453119748367
-124.168395996094,0.562874782187028,1.26589627973609
-123.977661132813,0.190949707784804,1.2858264512011
-123.786926269531,-0.310938393765806,1.27266212281494
-123.59619140625,0.912382989964844,1.21164610810604
-123.405456542969,0.279151173367467,1.33529418143504
-123.214721679688,0.392474827584897,1.52406749214501
-123.023986816406,-0.196449468557424,1.48452512608711
-122.833251953125,0.207517253778041,1.90814057572323
-122.642517089844,0.247004546658942,2.06839509042725
-122.451782226563,0.552054767407583,1.70597755880963
-122.261047363281,0.39217320147104,1.4093184281934
-122.0703125,0.0107030403394987,1.45735966935021
-121.879577636719,-0.210287361978027,1.58385879583253
-121.688842773438,0.490658196118201,1.68528656365266
-121.498107910156,0.0209333325865583,1.45899818231891
-121.307373046875,0.352530363528508,1.43589387752668
-121.116638183594,-0.118622177603331,1.51666130944642
-120.925903320313,0.0547674961598684,1.79824461667896
-120.735168457031,0.510644001389481,1.70700997097664
-120.54443359375,0.258681367058068,1.88309192759117
-120.353698730469,-0.229140719295775,1.98121078671468
-120.162963867188,0.131057395704354,1.64951299669559
-119.972229003906,0.423367971229247,1.49906407208939
-119.781494140625,0.458512306621467,0.78032439175865
-119.590759277344,-0.256778897865583,1.98803887082785
-119.400024414063,0.416254668643813,1.48898919405675
-119.209289550781,0.250993739482648,1.57251741412426
-119.0185546875,0.342318932166045,1.91226983508308
-118.827819824219,0.104002782263361,1.64456832337284
-118.637084960938,0.16807431134252,1.84878304307983
-118.446350097656,0.520545820619164,1.63064671391824
-118.255615234375,0.344124600406674,1.09456459235747
-118.064880371094,0.352929021748951,1.84790220600334
-117.874145507813,0.364076103180307,1.22648562296584
-117.683410644531,0.160241272694715,1.48154758405133
-117.49267578125,0.660267989598159,1.42010886980485
-117.301940917969,0.162714811910942,1.84823395394921
-117.111206054688,0.179535713254217,0.992169067667711
-116.920471191406,0.0797961530779034,1.81905874708498
-116.729736328125,0.224299841292918,1.41261335142349
-116.539001464844,0.0589295505980474,1.75600835560256
-116.348266601563,0.722678777139814,1.64513414608164
-116.157531738281,0.566951944590615,1.75275332895799
-115.966796875,0.390383906826323,1.4047489761571
-115.776062011719,0.62075795603368,1.53478141302612
-115.585327148438,0.26297076555848,1.3698047960505
-115.394592285156,0.500844283502548,2.03222941403199
-115.203857421875,0.0652687692184948,1.40299925141396
-115.013122558594,0.148948049697075,1.2748713090742
-114.822387695313,0.630880991883062,1.07352106640248
-114.631652832031,0.394488651338261,1.69888754438901
-114.44091796875,0.526294201175127,1.47489487336969
-114.250183105469,0.262099424019286,1.78718895992845
-114.059448242188,0.495153368522845,1.7394655720336
-113.868713378906,0.0828408214538279,1.38599646122425
-113.677978515625,0.283776315395011,1.45682416418416
-113.487243652344,0.497232892218402,1.57858348614536
-113.296508789063,0.684151187637418,1.8014033573099
-113.105773925781,0.307696104940207,1.59167894762558
-112.9150390625,-0.13048018461125,1.68643202241607
-112.724304199219,0.370367846221856,1.97106368753798
-112.533569335938,0.693331319474636,0.988878055394648
-112.342834472656,0.493717865454339,1.73976265187439
-112.152099609375,0.331253065191622,1.64685580125971
-111.961364746094,0.871209381702597,1.91994614094883
-111.770629882813,0.0918211955123634,1.78555046880406
-111.579895019531,0.647813278949424,2.04323913154206
-111.38916015625,0.0247997236794243,2.00081304395658
-111.198425292969,0.304950228882198,2.47747534715934
-111.007690429688,0.523816996143049,1.51421931850516
-110.816955566406,-0.0134134817623908,1.29402721238583
-110.626220703125,0.37469421699514,2.38730407588718
-110.435485839844,0.811634481915866,2.19459708908775
-110.244750976563,0.352440018359136,1.61843775747582
-110.054016113281,0.44170417130393,1.47148340984158
-109.86328125,1.00032401527052,1.30865077071925
-109.672546386719,0.103187022378998,1.72171956483441
-109.481811523438,0.334379517327585,1.9887242676807
-109.291076660156,0.357744893201554,1.65504977799736
-109.100341796875,0.805238934298398,1.92506718492763
-108.909606933594,0.420810044226628,2.1224002129153
-108.718872070313,0.262666176840755,2.12900336364187
-108.528137207031,-0.142346178566478,1.54572822539984
-108.33740234375,0.173573988993499,2.43221582858077
-108.146667480469,0.075952020794755,2.42592028203447
-107.955932617188,0.703966294556081,1.76805499735944
-107.765197753906,0.424842371649827,2.30197158764289
-107.574462890625,0.467317381904896,2.25860886146273
-107.383728027344,0.0935906310289807,1.7200627638062
-107.192993164063,0.537835197674758,1.87085833551038
-107.002258300781,0.605532931937513,1.82196254593506
-106.8115234375,0.436579263902471,1.59989439439675
-106.620788574219,0.177783451567737,1.34886145283977
-106.430053710938,0.414006440527178,1.4050576719217
-106.239318847656,-0.274908369438598,1.66708812773554
-106.048583984375,0.539251383753994,1.96520235780529
-105.857849121094,0.360124504576324,1.67403541061591
-105.667114257813,0.0956588043181297,1.90915314268373
-105.476379394531,0.171718560158205,1.86081144096045
-105.28564453125,0.681948636700514,1.52829161145702
-105.094909667969,0.189989527101698,2.37445812588973
-104.904174804688,0.417423744709149,1.9869342012901
-104.713439941406,-0.106609924909108,1.83134844586387
-104.522705078125,0.273379927823922,1.95551505414976
-104.331970214844,0.16004407177788,2.0986215471309
-104.141235351563,0.535423005662878,1.87602345408856
-103.950500488281,0.545524284961411,1.82148307258496
-103.759765625,0.46871089678917,1.96798815363192
-103.569030761719,0.342616322521497,1.69098203817119
-103.378295898438,0.716385961667978,1.84744460066245
-103.187561035156,0.770549426285889,2.03449330596514
-102.996826171875,0.849339335301113,1.69536915286763
-102.806091308594,0.454746573447763,1.4308189397439
-102.615356445313,0.0497076590685131,2.21764590722931
-102.424621582031,0.706253681249872,1.57290216038886
-102.23388671875,0.387691992718589,1.1510521260149
-102.043151855469,0.910925351896863,2.22049370998283
-101.852416992188,0.213119041864041,1.74847723835529
-101.661682128906,0.461166856798691,1.55793959639442
-101.470947265625,-0.105750856447925,1.96045825683751
-101.280212402344,0.379182055580118,2.19943946964598
-101.089477539063,0.480907034909195,1.97060384847752
-100.898742675781,-0.130316114501063,2.18952701401582
-100.7080078125,0.323458662231613,2.10070160650331
-100.517272949219,0.854988368793883,1.95043649519999
-100.326538085938,0.036176592622648,2.28785475390992
-100.135803222656,0.442157551011321,2.0902486897638
-99.945068359375,0.0385129487718413,2.36083192643298
-99.7543334960938,0.40580698072459,1.96289027740161
-99.5635986328125,0.8377868290463,1.35092178829597
-99.3728637695313,0.340403387313916,1.98503797859835
-99.18212890625,0.366278352509349,2.38305830543218
-98.9913940429688,0.471276428285599,1.83497134861387
-98.8006591796875,0.885105251239723,2.07294959527386
-98.6099243164063,0.499940273381079,2.08934359375469
-98.419189453125,0.290497327279766,1.76369555721329
-98.2284545898438,0.0685805474833993,2.00260523931024
-98.0377197265625,0.770151156805635,2.43182425164415
-97.8469848632813,0.428239566218823,1.55247193732153
-97.65625,0.489044256298603,1.7901156811656
-97.4655151367188,0.939269492061665,2.05511544080065
-97.2747802734375,0.0482422805399006,2.06324034054767
-97.0840454101563,0.450661902229078,2.0787653284316
-96.893310546875,-0.00992956951092281,1.89697560363087
-96.7025756835938,0.589842757401893,2.15171315159376
-96.5118408203125,0.344152148206299,2.28533723738918
-96.3211059570313,0.548255994991409,1.66437880956913
-96.13037109375,0.321709250430876,2.39588513353363
-95.9396362304688,0.347716815390425,1.66276799421089
-95.7489013671875,0.367763884552529,1.65450589659171
-95.5581665039063,-0.126072214576412,2.14057857346162
-95.367431640625,0.7104739515305,2.3964924018741
-95.1766967773438,0.266484076692568,1.97001500755017
-94.9859619140625,0.0464324531966778,1.95333480989885
-94.7952270507813,0.533616171489676,1.81497429365344
-94.6044921875,0.791059070040071,2.32512897630169
-94.4137573242188,-0.446291190436503,2.20463814965722
-94.2230224609375,0.812989267059928,2.74261947648413
-94.0322875976563,0.415809856977824,1.93995965416913
-93.841552734375,0.129158392659411,2.26398475892099
-93.6508178710938,0.67724086898124,1.66092615376735
-93.4600830078125,0.176968521994715,2.1555740213196
-93.2693481445313,0.0813420645223925,2.46258897122564
-93.07861328125,0.711530816707569,2.30796975503134
-92.8878784179688,0.530754229381767,1.90322908999899
-92.6971435546875,0.359616000955704,2.08916965035302
-92.5064086914063,-0.0584596440253872,2.67706426131642
-92.315673828125,0.195477586581837,2.41401272554832
-92.1249389648438,0.1968756963102,2.57003399772654
-91.9342041015625,0.667559740616137,1.46616830738922
-91.7434692382813,0.0736000148242789,2.51738334971056
-91.552734375,-0.104386888769388,1.80214730576962
-91.3619995117188,0.174068608727121,2.22436672072184
-91.1712646484375,0.670806682833133,1.90466417312132
-90.9805297851563,0.267695425504546,2.53922294462527
-90.789794921875,0.606834694944015,2.67986178283352
-90.5990600585938,0.753753828103544,2.1527055849823
-90.4083251953125,0.549883187635234,1.92237981885994
-90.2175903320313,-0.00195902052689898,1.96355207596961
-90.02685546875,0.369842839733643,1.91781532490647
-89.8361206054688,-0.0892203407341713,1.64573843575056
-89.6453857421875,0.412526712445343,1.72874137812333
-89.4546508789063,0.647670141256423,1.53646421539496
-89.263916015625,0.353642139292682,2.53061595612738
-89.0731811523438,-0.318466539756523,2.41437893291607
-88.8824462890625,0.394912324962369,2.62002948706452
-88.6917114257813,0.192185891042324,2.34339808062913
-88.5009765625,0.500924538464603,1.95556834628077
-88.3102416992188,0.824461871393851,2.60954037071865
-88.1195068359375,0.359547239305166,2.41162357874062
-87.9287719726563,0.549853006181444,2.67262200859058
-87.738037109375,-0.230755160552942,2.41163136862692
-87.5473022460938,0.974723144807418,1.97678420673703
-87.3565673828125,0.336173970333338,2.60983426920085
-87.1658325195313,0.604964223479426,2.69477647456913
-86.97509765625,0.5682223442611,2.91641628433154
-86.7843627929688,0.64020752118895,2.32772044530717
-86.5936279296875,0.477720133758803,2.02411938113415
-86.4028930664063,0.147038508225066,1.99443075437144
-86.212158203125,0.206609319294039,2.40454627713681
-86.0214233398438,0.698242185269768,2.40044952197822
-85.8306884765625,0.214793649826002,2.49445271028878
-85.6399536132813,0.205421476807532,2.53967977584308
-85.44921875,0.658106465633178,2.94963313158286
-85.2584838867188,0.339200811686686,2.47489654927771
-85.0677490234375,0.554649427793307,2.60576122165011
-84.8770141601563,0.203312357954472,3.05555093714377
-84.686279296875,0.537280466141308,2.70042358672582
-84.4955444335938,0.675495956142426,2.08469885278394
-84.3048095703125,0.238999524441799,2.68533794306517
-84.1140747070313,0.528471308696981,2.6125236560367
-83.92333984375,0.0512242974102598,2.94516198567266
-83.7326049804688,0.426505557197739,2.95748318583496
-83.5418701171875,0.350905351678051,2.58241384703538
-83.3511352539063,0.513770870096731,2.23281639365739
-83.160400390625,0.620027304443266,2.77500539994253
-82.9696655273438,0.791254434148256,2.91578584564387
-82.7789306640625,0.596870930302146,2.17840262826338
-82.5881958007813,0.00432002117363962,2.63238710953313
-82.3974609375,0.995723706535481,2.51018041985561
-82.2067260742188,0.82763541159212,2.54790309425093
-82.0159912109375,0.303922247502319,2.81304744301744
-81.8252563476563,0.717728812008888,2.91437692097081
-81.634521484375,0.515040058417981,2.62521236366057
-81.4437866210938,0.736319309585053,2.14579990799183
-81.2530517578125,0.24194355336489,2.54157012755751
-81.0623168945313,0.185536181097086,2.38849857507163
-80.87158203125,-0.356717108000689,2.52820024483919
-80.6808471679688,0.523854220535328,2.78786865638429
-80.4901123046875,0.644712280090334,2.82316479810206
-80.2993774414063,0.562257099828461,2.63725813768393
-80.108642578125,0.427637052235633,3.13641050471047
-79.9179077148438,0.203328214821163,2.35169843473026
-79.7271728515625,0.534771419714231,2.88416862068999
-79.5364379882813,0.736225685344018,2.791859246
-79.345703125,0.644106186517114,2.42645226278999
-79.1549682617188,0.0542199455272847,2.5908697921419
-78.9642333984375,-0.217556297866829,2.84136121835152
-78.7734985351563,0.393117610966763,2.66398964194123
-78.582763671875,0.519760466121281,2.65145122786111
-78.3920288085938,-0.053216680464876,2.79093117295584
-78.2012939453125,0.137409065975911,3.0959649627078
-78.0105590820313,0.497230497948134,2.54312753667887
-77.81982421875,0.237064621207838,3.23721882077754
-77.6290893554688,0.489362160237023,2.71141460591342
-77.4383544921875,0.508202946918855,2.66682839996159
-77.2476196289063,0.417039033927948,2.9377866776884
-77.056884765625,0.589272182841517,2.68032520021236
-76.8661499023438,0.913368487205302,2.74957125934467
-76.6754150390625,0.0905169552408514,3.20395637536874
-76.4846801757813,0.439254897996089,2.74837621135798
-76.2939453125,0.710018463925628,2.95090015310728
-76.1032104492188,0.364988829484994,2.7971434202926
-75.9124755859375,0.603044257595953,3.22405698506893
-75.7217407226563,0.378766504723357,3.09819754290296
-75.531005859375,0.62886758788532,3.05678152859782
-75.3402709960938,0.418560885309856,3.18504011160823
-75.1495361328125,0.6028750370031,2.62997711931115
-74.9588012695313,0.870352615581713,3.1829938788286
-74.76806640625,0.201772305814679,3.01199498883399
-74.5773315429688,-0.243647065610758,3.06866657096244
-74.3865966796875,0.316072416402516,2.97776113643941
-74.1958618164063,0.0966970749246385,3.00304690839386
-74.005126953125,0.185780891184017,3.18868439553317
-73.8143920898438,0.456251351580583,3.44035428103245
-73.6236572265625,0.510857239281353,3.3149116577289
-73.4329223632813,0.118841976008354,3.27298885403332
-73.2421875,0.238499751185082,3.11063868029981
-73.0514526367188,0.415840907496482,3.44441114244699
-72.8607177734375,0.656289954873406,3.18510090350855
-72.6699829101563,0.374889120642448,3.57486614994502
-72.479248046875,0.814322003258656,3.00410224819779
-72.2885131835938,0.462023417565163,3.45248870285957
-72.0977783203125,0.728502512771762,3.13646420068775
-71.9070434570313,0.731002668907216,3.24293596048351
-71.71630859375,0.179575648249532,3.28739782689144
-71.5255737304688,0.600536348648395,3.25561848564298
-71.3348388671875,0.235610888737382,3.14886727714093
-71.1441040039063,0.161846558139787,3.37579492887764
-70.953369140625,0.746569341741876,3.04384202846988
-70.7626342773438,0.433865345036521,3.24551342039643
-70.5718994140625,-0.175892827711218,3.11622297298001
-70.3811645507813,0.64152451465842,3.38031440022274
-70.1904296875,0.750721849400446,3.59737147175916
-69.9996948242188,0.687348514498757,3.04331413559967
-69.8089599609375,0.252019218955248,3.01600962028451
-69.6182250976563,0.563928537044259,3.71300605378165
-69.427490234375,1.00744850310727,3.44619329326219
-69.2367553710938,0.706944939522908,3.44301233272476
-69.0460205078125,0.452064817803766,4.4752084570502
-68.8552856445313,0.789545158982547,3.19181901738739
-68.66455078125,0.896736711469643,3.65844298812804
-68.4738159179688,0.400142513186857,3.77837664951709
-68.2830810546875,0.74385290476595,3.49005621845913
-68.0923461914063,0.537319574164851,3.55202526950957
-67.901611328125,0.711679164119479,3.198384362894
-67.7108764648438,0.166009283861327,3.98867797296279
-67.5201416015625,0.474559111315633,3.87836050295156
-67.3294067382813,0.461011656538152,3.53283062920976
-67.138671875,1.13216270507433,3.87200124247532
-66.9479370117188,0.402986220328316,4.35841613604866
-66.7572021484375,0.678677709928342,3.73976456110693
-66.5664672851563,0.660434247554122,3.70753159841428
-66.375732421875,0.287816059576085,3.91497980396086
-66.1849975585938,0.54935673407199,3.51511815792672
-65.9942626953125,1.20724988161008,4.00445671953704
-65.8035278320313,0.547353102521956,4.29025242975722
-65.61279296875,0.311320778116184,4.08659652869935
-65.4220581054688,0.572315422029674,4.07597337721746
-65.2313232421875,0.104045982746031,3.93410062823512
-65.0405883789063,1.02540258316189,4.53005447324854
-64.849853515625,1.63443673209958,4.07447404624691
-64.6591186523438,0.905937755214147,4.22730194944321
-64.4683837890625,0.955002316090476,4.01176092326223
-64.2776489257813,0.403991603319186,3.85425441134582
-64.0869140625,0.870320981139807,5.03854738456447
-63.8961791992188,1.24774798739003,4.18574723214224
-63.7054443359375,1.45147241549541,4.41962795792092
-63.5147094726563,0.911385198907892,4.5230308653433
-63.323974609375,1.07813337037156,4.81925830044661
-63.1332397460938,1.32876029511864,4.63464692374074
-62.9425048828125,0.569116080942843,4.60656414472764
-62.7517700195313,0.899698470190502,4.38409597607853
-62.56103515625,1.05543433582129,4.60062732850851
-62.3703002929688,1.57620990502799,4.58546203428745
-62.1795654296875,0.869698046957267,4.80520680510082
-61.9888305664063,0.630688270921486,4.48916094227669
-61.798095703125,1.26239143491841,4.14936104855891
-61.6073608398438,1.62910163936548,4.62514018330364
-61.4166259765625,0.717672872739831,4.00300833127468
-61.2258911132813,0.86777214669956,4.75270332404578
-61.03515625,0.713703492959596,4.75067713994086
-60.8444213867188,1.11547523184222,4.99099717665091
-60.6536865234375,1.21341588920908,4.73310545501594
-60.4629516601563,1.27970500118423,4.33196363970557
-60.272216796875,1.35192011076114,4.70020286462891
-60.0814819335938,1.11540687018346,4.84234126888411
-59.8907470703125,1.44048863375303,4.72410575048561
-59.7000122070313,1.53623825234709,4.5539286789886
-59.50927734375,1.78380447277194,4.6339367921551
-59.3185424804688,1.57399903462682,5.02362495799485
-59.1278076171875,1.69519817668241,5.12579356124536
-58.9370727539063,1.74694375709116,4.75803139847503
-58.746337890625,0.928597456837885,4.4616793621936
-58.5556030273438,1.55966520493075,5.29230819961143
-58.3648681640625,1.97905220931752,4.57070991539175
-58.1741333007813,1.87100554439388,4.60334690858489
-57.9833984375,1.96481666496382,5.3134263038773
-57.7926635742188,2.22906141952033,4.78034673104404
-57.6019287109375,1.74374148785602,5.0122362427829
-57.4111938476563,1.75064601853366,4.9224033378735
-57.220458984375,1.89175953387433,5.41899930932342
-57.0297241210938,1.84096627811082,5.05848171488409
-56.8389892578125,2.27491721338819,4.60318648002874
-56.6482543945313,1.62560013278689,4.779170113546
-56.45751953125,2.2948159551483,5.19620994081293
-56.2667846679688,1.99998728471467,4.37352181080623
-56.0760498046875,1.96619647547329,5.30832286754724
-55.8853149414063,2.38683118141009,5.05922013456817
-55.694580078125,2.26535657504022,4.79431430554254
-55.5038452148438,2.5939404199483,4.89522979366444
-55.3131103515625,2.12853426688548,4.93597074502671
-55.1223754882813,2.22533526736785,4.89917742517907
-54.931640625,2.65178616213198,4.93361618060741
-54.7409057617188,2.06922792633194,4.90183584708303
-54.5501708984375,2.38270548240164,5.26369135137772
-54.3594360351563,2.7175291547929,5.35977977300456
-54.168701171875,2.72214001383067,4.96063877225096
-53.9779663085938,2.74376201413019,5.48859819812347
-53.7872314453125,2.83128001709439,5.42537309382453
-53.5964965820313,3.24478522773144,4.27491423728743
-53.40576171875,1.97809007254169,5.49794835189348
-53.2150268554688,3.36154849130264,5.53408546354438
-53.0242919921875,2.73803579359158,4.96153000644212
-52.8335571289063,2.74683952297907,4.8806757278953
-52.642822265625,2.6909959116286,5.39212299221784
-52.4520874023438,2.51562402038154,4.96001407365495
-52.2613525390625,3.16109251515392,5.56194276347297
-52.0706176757813,2.75953557458581,5.64496856910239
-51.8798828125,3.20570350412636,5.17115345988721
-51.6891479492188,3.0936831534309,4.78455820248003
-51.4984130859375,3.15541400087796,5.33993874615043
-51.3076782226563,3.15999101555154,5.4944211834508
-51.116943359375,2.87670948435972,5.31403308291743
-50.9262084960938,3.22869102920797,5.60403515428701
-50.7354736328125,3.35076708809821,4.92766299353667
-50.5447387695313,3.68473719289006,4.95087672602279
-50.35400390625,3.27670411735487,5.11002807704437
-50.1632690429688,3.48257119538216,5.20542635761205
-49.9725341796875,3.3591056721128,5.21574885825521
-49.7817993164063,3.18023927747332,4.92695843661701
-49.591064453125,4.00486108968406,4.71836291164145
-49.4003295898438,3.49782978035245,5.24339616482211
-49.2095947265625,3.80568925149007,4.87979852011326
-49.0188598632813,3.42468768709516,4.96711266816896
-48.828125,3.87748275532234,5.13028872858691
-48.6373901367188,3.59095746842632,4.88983183310835
-48.4466552734375,3.58078470312114,4.43908085428215
-48.2559204101563,4.01475248773041,5.08333224390547
-48.065185546875,3.91495537383282,4.91838147466435
-47.8744506835938,3.6671629091787,4.8236391068596
-47.6837158203125,4.26411688814823,4.57207269102833
-47.4929809570313,3.59318091006011,4.61668779808558
-47.30224609375,3.34152255974806,4.99870859402397
-47.1115112304688,4.06964103028677,4.5133976216909
-46.9207763671875,4.32371325451899,4.74458093502192
-46.7300415039063,4.21810212167631,4.44279751006505
-46.539306640625,3.86437354907594,4.6056731890368
-46.3485717773438,4.14242970954554,4.62112027165173
-46.1578369140625,4.15675038160474,4.72847009985522
-45.9671020507813,4.44395616454767,4.12188215257822
-45.7763671875,4.14672001020894,4.10159347852914
-45.5856323242188,4.17513895164752,4.52502763205816
-45.3948974609375,4.04853513508178,5.11225997524271
-45.2041625976563,4.63877469054473,4.29191298178609
-45.013427734375,3.92567238952123,4.16275108557091
-44.8226928710938,4.20844615228588,4.41032297074299
-44.6319580078125,4.60227711145998,4.19320984176826
-44.4412231445313,4.73458920466068,4.1978193200455
-44.25048828125,4.43523778200058,4.49543774257017
-44.0597534179688,4.51148049021508,3.99442493422493
-43.8690185546875,4.67691059210529,4.42635621014891
-43.6782836914063,4.67661565716792,4.12580849292721
-43.487548828125,3.82752021195792,3.64461049165143
-43.2968139648438,4.41543016883863,4.0805907188996
-43.1060791015625,4.41564072235446,4.1660105496247
-42.9153442382813,4.28772761099464,4.2819070924747
-42.724609375,4.36685262030336,4.34395896526485
-42.5338745117188,4.26254094983112,3.99798585029337
-42.3431396484375,4.40754199804223,3.70196763584984
-42.1524047851563,4.77619350006945,4.12565710584014
-41.961669921875,4.64799457486179,4.00886495773369
-41.7709350585938,4.04089687162076,3.91384978015168
-41.5802001953125,4.49718211501762,3.83437814605961
-41.3894653320313,4.24755360227404,4.11469668667228
-41.19873046875,4.12284670837408,3.83485199533058
-41.0079956054688,4.23786814483203,3.73493795740769
-40.8172607421875,4.37223856418275,3.97126235863368
-40.6265258789063,4.39039674750043,3.76715793108043
-40.435791015625,3.86852659724291,3.52649405708912
-40.2450561523438,4.77888640424881,4.47694293651963
-40.0543212890625,4.13827107658048,3.75131883659447
-39.8635864257813,4.46958405339236,4.0278420524877
-39.6728515625,4.666327216916,3.40047644305434
-39.4821166992188,4.48747677650237,4.1619095566455
-39.2913818359375,3.61161953800792,3.9459604931133
-39.1006469726563,4.32258601024312,4.34409353285983
-38.909912109375,4.16724768665352,4.75043764663981
-38.7191772460938,4.35787718658412,4.10874092862511
-38.5284423828125,4.70755499456771,3.55160012487711
-38.3377075195313,3.87889077537663,4.2123876670169
-38.14697265625,3.73523585126157,3.8497397627729
-37.9562377929688,4.05997919117276,3.77559388923559
-37.7655029296875,3.72417238069674,4.40157935882523
-37.5747680664063,3.77870487527534,4.11982318082285
-37.384033203125,4.03085175566786,4.12444688778601
-37.1932983398438,3.92335142397526,4.06729192603088
-37.0025634765625,4.4744699032428,4.29474682878804
-36.8118286132813,3.98754906439434,4.42221929658566
-36.62109375,3.68306428132332,4.60540942695483
-36.4303588867188,3.51742227947686,4.5785337924647
-36.2396240234375,4.05595548332038,4.00890809813064
-36.0488891601563,4.34295174468087,4.15736155372177
-35.858154296875,3.93784202906844,4.5482507707041
-35.6674194335938,4.23882937598165,4.3685828567522
-35.4766845703125,4.21938273493801,4.56065797263234
-35.2859497070313,4.19635595997165,4.9965946455178
-35.09521484375,3.82969182626201,4.94649492119203
-34.9044799804688,4.60722879140423,4.7103633805266
-34.7137451171875,4.42107988920813,4.84197842364373
-34.5230102539063,4.73098427915024,4.88871083811846
-34.332275390625,4.42791767953947,5.19211431392562
-34.1415405273438,4.24764185400989,5.22062852347098
-33.9508056640625,4.37902986715893,4.83818489658114
-33.7600708007813,5.08345487743101,5.2109133402733
-33.5693359375,4.71118223223417,4.90914479493739
-33.3786010742188,4.64357901593063,5.38757380518783
-33.1878662109375,5.13020919735927,5.3588946729679
-32.9971313476563,5.48506782502809,5.79356263132941
-32.806396484375,4.99705077560084,5.26872886786423
-32.6156616210938,5.0011622607238,5.25485595999913
-32.4249267578125,5.12450760865568,5.75898000555076
-32.2341918945313,5.41439194381316,5.23325195962163
-32.04345703125,5.52787719815586,5.83394574569445
-31.8527221679688,5.23833998161319,5.79480938502297
-31.6619873046875,5.6337296452029,5.97884801296026
-31.4712524414063,5.74591559127717,5.54661369123726
-31.280517578125,6.26521508088768,5.65865026157832
-31.0897827148438,6.18245571024028,5.07750536284354
-30.8990478515625,6.56207779123019,5.9318766839917
-30.7083129882813,6.1958485057729,6.09869753608717
-30.517578125,6.03546645713332,5.81582349820435
-30.3268432617188,6.16254301909295,5.46870468323084
-30.1361083984375,6.49115608460433,5.45937973095895
-29.9453735351563,6.6504579314264,5.66119735687071
-29.754638671875,6.43344498878489,5.61643114261856
-29.5639038085938,6.82377665936209,5.7334657740206
-29.3731689453125,7.56250448315324,5.31523504515844
-29.1824340820313,6.9981700097627,6.04825024068629
-28.99169921875,7.94904611290003,6.0146964753386
-28.8009643554688,8.10529366649659,6.26105395199917
-28.6102294921875,7.59820825330604,5.68905319527026
-28.4194946289063,8.32712563942457,5.72388393926952
-28.228759765625,7.97782757003315,5.71003312068578
-28.0380249023438,7.60399459330681,5.34629493608887
-27.8472900390625,8.24731491495081,4.96485104822679
-27.6565551757813,8.79859500576806,4.94315744300981
-27.4658203125,8.63050120854723,4.74085782052682
-27.2750854492188,8.34227022119089,4.83890125818766
-27.0843505859375,9.15977528853498,4.67437262470439
-26.8936157226563,9.33630944421033,4.27964088547993
-26.702880859375,9.17417848081969,4.76122012323063
-26.5121459960938,8.80136267952005,3.87141820533549
-26.3214111328125,9.40997275672538,4.25123195378896
-26.1306762695313,8.91989625330227,4.02620574756104
-25.93994140625,9.69650964895771,4.00515408789391
-25.7492065429688,9.09575937123386,3.52100251269289
-25.5584716796875,9.39324491478606,3.33802722581541
-25.3677368164063,9.70340423058381,3.16464343329564
-25.177001953125,9.58842242442037,3.02484280408457
-24.9862670898438,9.81105882051947,2.95593568400044
-24.7955322265625,10.2352497724493,2.80401483091918
-24.6047973632813,9.6683145019914,2.51609012845485
-24.4140625,10.2403147524843,2.48630218331522
-24.2233276367188,10.7464855640096,2.31073205731829
-24.0325927734375,9.85783904068291,2.37722140474448
-23.8418579101563,10.5269333408514,2.08555444065656
-23.651123046875,9.69972934228521,2.39616039796269
-23.4603881835938,9.92051134223917,1.55303685211008
-23.2696533203125,10.5576957231834,1.84079970865256
-23.0789184570313,9.83597910278057,1.62124168707904
-22.88818359375,9.50220889870391,1.49789809969737
-22.6974487304688,10.358513519252,1.25341461537898
-22.5067138671875,10.0152123225677,0.942279709621285
-22.3159790039063,10.3766070403632,0.931188706470974
-22.125244140625,10.0946237805955,0.446202051807179
-21.9345092773438,9.33529105982827,0.657866586358758
-21.7437744140625,10.0768708644078,0.337706745084451
-21.5530395507813,9.9703008642071,0.603881186970285
-21.3623046875,9.53700596550843,-0.0910047865344931
-21.1715698242188,9.55533909285706,0.258710971191718
-20.9808349609375,9.61881316627581,-0.552910323297884
-20.7901000976563,9.03370912867886,-0.476609135096391
-20.599365234375,8.82154489764933,-0.211799836017102
-20.4086303710938,9.17814787208622,-0.0832346119934111
-20.2178955078125,9.31497726562215,-0.624384656169515
-20.0271606445313,8.87129259123091,-0.567961686230124
-19.83642578125,8.76249656684683,-1.15150411741042
-19.6456909179688,8.84463494620289,-1.1721048553997
-19.4549560546875,8.39223092011122,-1.33388957148294
-19.2642211914063,8.41468634987005,-1.00070128134721
-19.073486328125,8.47796799974238,-1.57221871098085
-18.8827514648438,8.88387342417836,-1.61035072478332
-18.6920166015625,8.36775644206994,-1.37975185374313
-18.5012817382813,7.88616888884519,-0.838137718494517
-18.310546875,7.94292948851117,-1.82249293567986
-18.1198120117188,8.03843978697977,-1.67106017594578
-17.9290771484375,7.55211780467644,-1.52739063198231
-17.7383422851563,7.62351488784113,-1.90311325388829
-17.547607421875,7.87544102175869,-2.03381175088884
-17.3568725585938,7.09547979762014,-1.82556462628829
-17.1661376953125,7.11993690744309,-2.06709047724556
-16.9754028320313,7.02928374631017,-1.62003361081814
-16.78466796875,7.00728454174159,-1.72076942827127
-16.5939331054688,7.05954627602868,-1.19720940362621
-16.4031982421875,6.96422448169554,-1.88841162835724
-16.2124633789063,6.90856074451619,-1.84203964014022
-16.021728515625,6.84336194137711,-1.98841516719574
-15.8309936523438,6.17807369232276,-1.5151479418929
-15.6402587890625,6.4673257216313,-1.43266595497571
-15.4495239257813,6.28606023899443,-1.96140566776718
-15.2587890625,5.90947225591166,-1.97909379947322
-15.0680541992188,5.8842331835528,-1.00772049882297
-14.8773193359375,6.2040251686158,-1.28973407408156
-14.6865844726563,6.24801084167036,-0.82858381565963
-14.495849609375,5.3705034855534,-1.24224532563557
-14.3051147460938,5.66615960432463,-0.996597363163863
-14.1143798828125,5.27623849128824,-1.87574587878584
-13.9236450195313,5.39826037867898,-1.00470412331512
-13.73291015625,5.5050724778559,-0.618248332327564
-13.5421752929688,5.61932193995987,-1.12588945360468
-13.3514404296875,5.22135176019266,-1.27994850672919
-13.1607055664063,5.34798584624255,-1.2168300204293
-12.969970703125,4.99516655561817,-0.838590443169092
-12.7792358398438,5.12305484290475,-0.422032789113982
-12.5885009765625,5.35074533228812,-0.544831066584339
-12.3977661132813,5.13523964273844,-0.618243685949227
-12.20703125,4.90785286152622,-0.530980066415668
-12.0162963867188,4.87499802292708,-0.856555845712068
-11.8255615234375,4.97018868953884,-0.73517075471105
-11.6348266601563,5.04849337235193,-0.00603369317953209
-11.444091796875,5.20527304056372,-0.422638606721706
-11.2533569335938,5.16952606426283,0.232863072835203
-11.0626220703125,5.2154137629135,-0.129873096628194
-10.8718872070313,5.36428903942674,-0.17227509755723
-10.68115234375,5.47115314630314,0.850682133571901
-10.4904174804688,5.07843065341538,-0.0430558193975934
-10.2996826171875,5.46952587927859,0.0557132728932353
-10.1089477539063,5.33707106799804,0.137986601943758
-9.918212890625,5.4162012026667,0.74076293319676
-9.72747802734375,6.06813991736883,1.24055204282017
-9.5367431640625,5.22423892508962,0.510833162087059
-9.34600830078125,5.47823100732154,1.03925065495174
-9.1552734375,5.43272215852448,0.973422440501353
-8.96453857421875,6.12629883506779,0.865956104404469
-8.7738037109375,5.88733032479578,0.55668433863759
-8.58306884765625,5.96764611876766,1.41183255215843
-8.392333984375,5.98478590755601,1.2433328929832
-8.20159912109375,5.89494326842755,1.02888345287154
-8.0108642578125,5.75108765139017,1.18333204910752
-7.82012939453125,6.32951634932823,1.44261859869798
-7.62939453125,6.40012633919462,1.08599605813482
-7.43865966796875,7.28082477492696,1.27744141112613
-7.2479248046875,6.58068383188308,1.06641449323446
-7.05718994140625,7.0695271819758,0.999912656029157
-6.866455078125,6.32229798410434,0.938413264503251
-6.67572021484375,6.85230523412799,1.09952440199877
-6.4849853515625,7.6327590570714,1.5198404832335
-6.29425048828125,7.66907705323927,1.28260286288395
-6.103515625,7.88117062776389,1.12212629801136
-5.91278076171875,7.8293211782789,1.08738404799959
-5.7220458984375,7.68792921268343,1.11834089744427
-5.53131103515625,7.69015377102056,0.829433867430698
-5.340576171875,8.43774031593303,0.844715242022775
-5.14984130859375,7.92533732045228,0.916658455775855
-4.9591064453125,7.73001719425977,0.95913928702354
-4.76837158203125,8.22992886149618,1.05957235543383
-4.57763671875,8.51328191202021,0.70369934598068
-4.38690185546875,8.66329442859868,0.714001077574768
-4.1961669921875,8.4206744670109,-0.27825267963739
-4.00543212890625,8.58973348274689,-0.0494004694823461
-3.814697265625,8.26156120228983,0.117921575551107
-3.62396240234375,8.76397872232773,0.149383390030159
-3.4332275390625,8.92517516826868,0.265601285625531
-3.24249267578125,9.4251566604467,-0.745568511581932
-3.0517578125,9.25536310092533,-0.367563755308763
-2.86102294921875,9.84022379713027,-0.15328973819504
-2.6702880859375,9.06260232519113,-1.13321420992097
-2.47955322265625,9.10658263841189,-1.26340899553673
-2.288818359375,9.7321496909885,-0.835380253691153
-2.09808349609375,9.15034163278428,-1.42107110198272
-1.9073486328125,9.40737272160355,-1.28567834928812
-1.71661376953125,9.42448254152134,-1.53935363648847
-1.52587890625,9.24979016367037,-1.71105144308647
-1.33514404296875,9.70503811836703,-1.68675166193122
-1.1444091796875,9.24825607972983,-1.51707981010727
-0.95367431640625,9.04543736011724,-2.03192885890551
-0.762939453125,9.25007804965276,-1.81232654971189
-0.57220458984375,9.61863277201751,-2.38289097152397
-0.3814697265625,9.38652144210101,-2.78719344950241
-0.19073486328125,9.39057418741499,-3.15114836799172
0,9.23139155997805,-2.87006556149961
0.19073486328125,9.55683786587775,-2.87118023650453
0.3814697265625,8.9857110399,-2.78221073453041
0.57220458984375,9.79927380535984,-3.13577592806016
0.762939453125,8.85075778642537,-3.71118183774844
0.95367431640625,9.06407889541087,-3.14867623609941
1.1444091796875,9.18240774053358,-3.80870523810686
1.33514404296875,9.1267187157514,-3.85054522277927
1.52587890625,8.80881250997884,-4.22807626286592
1.71661376953125,8.76184898907113,-3.94453869251144
1.9073486328125,8.86214398275383,-4.51121905790652
2.09808349609375,8.7980242798586,-4.28365158158906
2.288818359375,8.62137752977152,-4.79483950526477
2.47955322265625,8.31178565351405,-4.43016727204864
2.6702880859375,8.46406916447403,-4.41586975525232
2.86102294921875,8.05751147749452,-4.94542338095536
3.0517578125,8.22562703061872,-5.12762596039237
3.24249267578125,8.2954614991251,-5.65035366983863
3.4332275390625,7.91476768431278,-5.56127583380131
3.62396240234375,7.63749810680436,-5.52756935857505
3.814697265625,7.5662877497533,-5.24631038777345
4.00543212890625,7.57563367417864,-5.67175261144951
4.1961669921875,7.28734714512794,-5.09628930229865
4.38690185546875,7.2273089035632,-6.01268491901574
4.57763671875,7.25410585338473,-5.29793517583102
4.76837158203125,7.30202545821273,-5.84889052213421
4.9591064453125,6.75648142483747,-5.92461445551072
5.14984130859375,6.66741390352297,-5.73624753734426
5.340576171875,6.15463509354567,-6.27937499137334
5.53131103515625,6.23015705271899,-6.0437771810691
5.7220458984375,6.47038744212145,-6.03373733714488
5.91278076171875,5.4740373573052,-5.96616095877799
6.103515625,6.49117553629721,-6.06585643955493
6.29425048828125,5.87698556280616,-6.54483657857795
6.4849853515625,6.01181705723019,-6.42923472424096
6.67572021484375,5.71176541700554,-6.23228988712578
6.866455078125,4.98745050573605,-6.34667157176262
7.05718994140625,5.36126710224836,-6.24160584146707
7.2479248046875,5.12111735551774,-5.91717601101118
7.43865966796875,4.9491002660042,-6.04119069607318
7.62939453125,4.8076582522294,-6.13652878242921
7.82012939453125,4.87311018397313,-6.27814524576232
8.0108642578125,4.50131274030529,-6.02037093478033
8.20159912109375,4.69755406402417,-6.09621797153454
8.392333984375,4.59464474515362,-6.03139951216264
8.58306884765625,4.39578730936439,-6.26007256088658
8.7738037109375,4.07752466278253,-5.98453563527753
8.96453857421875,3.99287976846173,-6.02138994006137
9.1552734375,4.17945611390352,-6.90771421779797
9.34600830078125,4.28627775505353,-6.22586020720202
9.5367431640625,3.90412346842104,-5.83257222121955
9.72747802734375,3.49912253912074,-6.32699103436477
9.918212890625,3.71447699243359,-6.0370982149464
10.1089477539063,3.61080491996562,-6.02775114352781
10.2996826171875,3.51492622305146,-5.94953442414464
10.4904174804688,3.30605760823094,-5.61543554388415
10.68115234375,3.75989232054408,-5.55504035023904
10.8718872070313,3.06600287298827,-5.78606289705692
11.0626220703125,3.07544893276838,-5.65877503596965
11.2533569335938,3.13843288717772,-5.26992003513406
11.444091796875,2.78976510050777,-5.26675295790404
11.6348266601563,2.54296215631752,-5.83591790150515
11.8255615234375,2.53096768282955,-5.39258914733591
12.0162963867188,2.47718864893809,-5.33536372028393
12.20703125,2.81381292009822,-5.18989461003388
12.3977661132813,2.37183604732285,-4.95925046779996
12.5885009765625,2.78280036414227,-5.02212562215556
12.7792358398438,2.12290941815152,-4.84201498736074
12.969970703125,2.06841409152919,-4.50281671343532
13.1607055664063,1.94775968978321,-4.9083880475909
13.3514404296875,1.82050218608481,-4.84880572270015
13.5421752929688,2.15079263419248,-4.64118567190759
13.73291015625,2.33909483522892,-4.86725046313876
13.9236450195313,1.85764893380462,-4.43125900184046
14.1143798828125,2.10534155347927,-4.5199506813273
14.3051147460938,1.61156438819414,-4.67914202139476
14.495849609375,1.84617379907933,-4.41429626787314
14.6865844726563,1.55053584030382,-4.30328180806624
14.8773193359375,2.14241983141668,-4.03745436550417
15.0680541992188,2.2174211327088,-3.73470191294236
15.2587890625,2.08537751201023,-4.33567558046483
15.4495239257813,1.86543666395103,-4.54953996541594
15.6402587890625,1.57431262526099,-4.03776529937233
15.8309936523438,1.60245454161892,-4.33624221371479
16.021728515625,1.79345959871185,-4.25335352636494
16.2124633789063,1.67521196042109,-4.35919302340668
16.4031982421875,1.49858716814531,-3.89584111675669
16.5939331054688,2.13581181943409,-3.00042690489349
16.78466796875,1.8947415697658,-3.51997149289029
16.9754028320313,0.83632546093139,-3.93950664054754
17.1661376953125,1.34934661048943,-3.70408755882641
17.3568725585938,1.84537748420019,-4.09109218136408
17.547607421875,1.30768021355241,-3.14213355267317
17.7383422851563,1.40145921245955,-3.12434842206824
17.9290771484375,1.69026208777836,-3.54587418593441
18.1198120117188,1.21010883591513,-3.12600132676143
18.310546875,1.41988706588678,-3.72226183893804
18.5012817382813,1.70396201476668,-3.29198218335782
18.6920166015625,1.46296220664843,-2.90866447693287
18.8827514648438,1.23466419099951,-3.28470056081187
19.073486328125,1.67566806457951,-3.54504523277349
19.2642211914063,1.14769153736562,-2.91781865146337
19.4549560546875,1.40261512332339,-3.30654590655338
19.6456909179688,0.9913758633313,-3.11624855273089
19.83642578125,1.66734870740281,-2.82033436442834
20.0271606445313,1.57747234846546,-3.45545789549217
20.2178955078125,1.84673283536463,-3.05055549180465
20.4086303710938,1.644433938413,-2.48340027465764
20.599365234375,1.33103875381057,-2.79498423777279
20.7901000976563,1.4865347359589,-2.35512247218697
20.9808349609375,1.5490726954176,-3.05496966771657
21.1715698242188,1.44496588438661,-2.84681426889736
21.3623046875,1.70412836259104,-3.26196509662087
21.5530395507813,1.8466842063518,-2.48558414998916
21.7437744140625,1.06169679409294,-2.56520977911571
21.9345092773438,1.10624564161495,-2.13781299015997
22.125244140625,1.53356629911311,-3.15496023693188
22.3159790039063,1.04775266901375,-2.15680464929655
22.5067138671875,1.60377991824878,-2.22654691968651
22.6974487304688,1.1340029625387,-2.006507194976
22.88818359375,0.694477008601829,-2.26366385855361
23.0789184570313,1.52583076624832,-2.01082081904516
23.2696533203125,1.62444199191101,-2.47885881488501
23.4603881835938,1.58483210369662,-2.10698997722193
23.651123046875,1.09559692157377,-1.93717011132356
23.8418579101563,1.0216450480124,-1.54535110197911
24.0325927734375,1.14508567316872,-1.91418656100643
24.2233276367188,1.42297419477139,-1.71303468288042
24.4140625,1.47609610554302,-2.04141307562994
24.6047973632813,1.76082058350675,-1.59480153226458
24.7955322265625,1.32868908143817,-1.47618180462075
24.9862670898438,0.983871108781263,-2.14444009953221
25.177001953125,1.64015823771785,-1.22102021528226
25.3677368164063,1.21528421727285,-1.28083255944789
25.5584716796875,1.22009656549948,-2.29364550611234
25.7492065429688,1.68646208199425,-1.43312950062837
25.93994140625,1.68717805960576,-1.2361629420747
26.1306762695313,1.33374736390868,-1.46846562030447
26.3214111328125,1.73864256964304,-1.57610020407178
26.5121459960938,1.67081186928396,-1.50593186544379
26.702880859375,1.47510165687928,-1.21480416385597
26.8936157226563,1.61892681932104,-1.37182899826061
27.0843505859375,1.87419291282383,-0.95649278453587
27.2750854492188,1.86022089553527,-1.35616470657482
27.4658203125,2.2968672217352,-0.643799826900723
27.6565551757813,1.53483788639443,-1.51627626262789
27.8472900390625,1.97674533314498,-0.590200856043203
28.0380249023438,1.5318733902879,-1.39925969051344
28.228759765625,2.36143674854254,-1.03166361900558
28.4194946289063,2.41789560869287,-0.892102604588149
28.6102294921875,1.57752378520441,-0.713142486314817
28.8009643554688,1.91739587421981,-1.00050637822829
28.99169921875,1.26505563727577,-1.07173786856036
29.1824340820313,1.40583294510922,-1.23572325158617
29.3731689453125,2.68867568913638,-0.679061215809743
29.5639038085938,2.68733064058307,-0.308796695212558
29.754638671875,2.43754537963689,-0.389303670550584
29.9453735351563,2.07562367146593,-0.644048694194241
30.1361083984375,2.50867375384311,-0.817110223973913
30.3268432617188,2.56083045469682,-0.167801499883494
30.517578125,2.3028490729533,-0.939323259870952
30.7083129882813,3.13125670614176,-0.533534606599712
30.8990478515625,2.56998082131217,-0.541687342197569
31.0897827148438,2.45953427122701,-0.720575264043151
31.280517578125,2.58400680739903,-0.227180639478357
31.4712524414063,3.23905356871353,-0.730284356049602
31.6619873046875,2.92087772720536,-0.204278276939847
31.8527221679688,3.01298477621347,0.0964618024040683
32.04345703125,3.05562850130164,-1.01712286624563
32.2341918945313,2.86383770157333,-0.489004219411644
32.4249267578125,3.37129982399945,-0.246109431013589
32.6156616210938,3.24488248841154,-0.470562189494321
32.806396484375,3.56717002684602,-0.760110765361227
32.9971313476563,2.90382904474683,-0.512279079027801
33.1878662109375,3.42276514299401,-0.857447274700497
33.3786010742188,3.84180531838324,-0.698038278430194
33.5693359375,3.46979977033971,-0.47161812938213
33.7600708007813,3.00581310498376,-0.519783903073687
33.9508056640625,3.87615083317469,-0.719450626361167
34.1415405273438,3.7389932095793,-0.504328994875681
34.332275390625,4.33099902168509,-0.876138087140412
34.5230102539063,4.09956166367184,-0.392917640611002
34.7137451171875,3.81749923545771,-0.77155534637154
34.9044799804688,4.3200010488759,-0.903906135941849
35.09521484375,4.04159389769295,-0.825407664255511
35.2859497070313,4.44436026386472,-1.26644076919962
35.4766845703125,4.39737699296307,-1.02207293006138
35.6674194335938,5.13996663333916,-0.981484596741105
35.858154296875,4.26063251702549,-1.25907423679276
36.0488891601563,3.66753010254628,-1.36206861657196
36.2396240234375,4.36430433296775,-1.59275559904159
36.4303588867188,4.11787761457715,-1.99207264067775
36.62109375,4.87041346435671,-1.28994240778341
36.8118286132813,4.52077799111046,-1.1684488597416
37.0025634765625,4.76025107410908,-1.75833781161343
37.1932983398438,4.68030923318496,-1.78296184258843
37.384033203125,4.48263354660277,-1.6150866968132
37.5747680664063,4.69440943461658,-1.97355089846154
37.7655029296875,4.98260017134963,-1.98922481635296
37.9562377929688,4.06610035227523,-1.68338984735242
38.14697265625,4.67391156227864,-2.29875728353961
38.3377075195313,4.48044843584396,-2.03421792719399
38.5284423828125,5.06244289769987,-1.91869434060322
38.7191772460938,4.47314866923932,-2.44676734750435
38.909912109375,4.94152855586279,-2.44547096356881
39.1006469726563,4.70646054538243,-2.66688776878256
39.2913818359375,4.9689017532359,-2.50717851966948
39.4821166992188,5.08722199564954,-2.64748630709895
39.6728515625,4.72142675953699,-3.42086612699474
39.8635864257813,4.86362010882224,-2.72231967583176
40.0543212890625,4.27935323311453,-2.77114089440086
40.2450561523438,4.35475203476933,-3.23381409066791
40.435791015625,4.24570783493979,-3.05071071543315
40.6265258789063,4.94089361291129,-3.26373522030232
40.8172607421875,4.87819599383463,-3.14504689124843
41.0079956054688,4.61943336750078,-2.89951921877928
41.19873046875,5.00358764678041,-3.27481991186089
41.3894653320313,4.60212838399514,-2.84235238374602
41.5802001953125,4.32773340550748,-3.70179185861605
41.7709350585938,3.9127566448025,-3.29026596777461
41.961669921875,4.22725645977662,-3.60181447719935
42.1524047851563,4.44698447588533,-3.45039669069585
42.3431396484375,4.4537328449528,-3.92058267222813
42.5338745117188,4.13408321883336,-4.05296547876453
42.724609375,4.29910685953023,-3.45721557999392
42.9153442382813,4.31184547070771,-3.58437375243187
43.1060791015625,3.66676086049003,-3.43305810023167
43.2968139648438,3.58938577532424,-3.77619801383443
43.487548828125,4.34117559518078,-3.72712643657171
43.6782836914063,3.54565184597304,-4.5340999334201
43.8690185546875,4.28676094867521,-4.49510100839226
44.0597534179688,3.73990120763373,-3.74448852665046
44.25048828125,3.56634753028657,-4.01515266222567
44.4412231445313,3.49734517426363,-4.21615290999579
44.6319580078125,3.11718643947071,-4.05465807702876
44.8226928710938,2.98615858219644,-4.69897957200382
45.013427734375,3.03416039785395,-4.10975978431761
45.2041625976563,3.34228978770367,-4.38128630637438
45.3948974609375,3.11053199656046,-4.29653622514236
45.5856323242188,3.51404776633331,-4.16692036113947
45.7763671875,2.54250320830008,-4.53696881718761
45.9671020507813,3.11748083491611,-4.35664386045096
46.1578369140625,3.12194642050875,-3.94045291051546
46.3485717773438,2.84524752565249,-4.20585673979728
46.539306640625,3.21201372951128,-3.58868961076804
46.7300415039063,2.65937458793199,-4.58888725953656
46.9207763671875,2.9046443577312,-4.57174621424967
47.1115112304688,2.74910929277385,-4.45593916233406
47.30224609375,2.45936051800348,-4.12384616311456
47.4929809570313,2.40136795211081,-4.50996532720683
47.6837158203125,2.33508850907596,-3.93104092181723
47.8744506835938,2.65022656965874,-4.69690759424864
48.065185546875,2.48965766441891,-4.85518325702054
48.2559204101563,2.53446700629644,-4.3320214589753
48.4466552734375,2.29193987226796,-4.44085975137272
48.6373901367188,2.1903502839638,-4.34269960607592
48.828125,2.21283434067004,-4.60433623398282
49.0188598632813,1.93642673002399,-3.97944488956127
49.2095947265625,2.77858784933485,-4.53057137691163
49.4003295898438,2.30150334870545,-4.17986153726125
49.591064453125,1.96649442087889,-4.82055863958494
49.7817993164063,2.23779165180924,-4.33616182999975
49.9725341796875,1.72743858042678,-4.49716950253795
50.1632690429688,1.8635830351238,-4.10010372294311
50.35400390625,1.66304004288113,-3.91407659788715
50.5447387695313,2.17744606655672,-4.03312919135563
50.7354736328125,1.57151107418898,-4.39480234131201
50.9262084960938,1.84452644080967,-4.11959073411434
51.116943359375,1.80345198564297,-4.14242512771566
51.3076782226563,1.55792599863089,-3.95967278868839
51.4984130859375,1.12971658551968,-4.3072192112235
51.6891479492188,1.15720168324524,-4.00112464484878
51.8798828125,1.51602253410471,-4.1690682716285
52.0706176757813,1.32203228282166,-3.86781718362047
52.2613525390625,1.01357538622888,-3.72231419834815
52.4520874023438,1.04191773731204,-3.70768665890446
52.642822265625,1.35242551389523,-4.19297062600814
52.8335571289063,1.59572851870743,-4.1566518069812
53.0242919921875,1.71343532765865,-3.65281896149921
53.2150268554688,1.20856757465199,-3.7147529528856
53.40576171875,0.635032469015733,-4.16143729125599
53.5964965820313,1.61235865355004,-3.80896739871614
53.7872314453125,0.819372938080994,-3.72208630794715
53.9779663085938,1.22792132026625,-4.28005224977999
54.168701171875,1.31025659362291,-4.00145943892996
54.3594360351563,0.987850237330309,-3.61680606193543
54.5501708984375,0.965166311029302,-3.62011886253023
54.7409057617188,0.745157349034409,-3.33588739401386
54.931640625,0.615988518935147,-3.85693224663017
55.1223754882813,0.744558858100849,-4.26863407584908
55.3131103515625,0.745970475608027,-4.12043880292654
55.5038452148438,0.613006509236066,-3.83106245585124
55.694580078125,0.215140792527561,-3.75382016289822
55.8853149414063,0.159342905701293,-3.44246392235726
56.0760498046875,0.673520581243663,-3.50027954351848
56.2667846679688,0.64255130650582,-3.17085555333529
56.45751953125,0.81327901720331,-3.23249474545202
56.6482543945313,0.6387299950913,-3.45397748756606
56.8389892578125,0.717976381376853,-3.57356965094927
57.0297241210938,1.11333476501024,-3.2343526064859
57.220458984375,1.15497497861865,-3.05033941084974
57.4111938476563,0.0671990907860083,-3.16907014459275
57.6019287109375,1.13563453631771,-3.67842995881801
57.7926635742188,0.955136056564448,-3.60250880975728
57.9833984375,0.483694343269588,-3.20211172368659
58.1741333007813,0.203075511983731,-3.77694225298809
58.3648681640625,0.606345281211787,-2.80056709032107
58.5556030273438,0.388160937188531,-2.92081926899754
58.746337890625,-0.155203205670189,-2.55558354766301
58.9370727539063,0.091238839173145,-2.7316592614656
59.1278076171875,0.803584922442207,-2.57324043413405
59.3185424804688,0.627376997625873,-2.4954034992951
59.50927734375,0.605774651257792,-2.60187093218016
59.7000122070313,0.999552499431356,-3.05574218405952
59.8907470703125,0.581889259423823,-2.48618084907203
60.0814819335938,1.166281468606,-3.05574039704673
60.272216796875,0.154987037293295,-3.15948924299869
60.4629516601563,0.553976727852901,-2.61209254095309
60.6536865234375,0.420919050828212,-2.93256210231466
60.8444213867188,0.111960516610815,-3.06799679432309
61.03515625,0.846139418402998,-3.01265294446102
61.2258911132813,0.346807852653048,-2.14260601454295
61.4166259765625,0.58413820516239,-2.70074749665765
61.6073608398438,0.386312475912367,-2.83523890930256
61.798095703125,-0.155646576585495,-2.25141066113143
61.9888305664063,0.656148866386268,-2.60310359622862
62.1795654296875,0.0712145509035074,-2.80092418407232
62.3703002929688,0.654661985061198,-2.52441621236625
62.56103515625,0.276809720124409,-2.42831121963187
62.7517700195313,-0.0443822141698401,-2.49177059545145
62.9425048828125,0.142426952732088,-1.72274822712852
63.1332397460938,0.671134519160276,-2.01779350167458
63.323974609375,0.735697376584514,-2.43031941406927
63.5147094726563,0.340413748943388,-2.40355305275081
63.7054443359375,0.61699546432082,-2.76172790913804
63.8961791992188,0.714636542492709,-2.56389120149478
64.0869140625,0.797252284612587,-1.78425270819987
64.2776489257813,-0.0866776157587946,-2.17297459110777
64.4683837890625,-0.00314620600094286,-1.69753873169463
64.6591186523438,0.53897632805569,-2.22703172730196
64.849853515625,0.69986038891804,-1.95140216935704
65.0405883789063,0.590518749570914,-2.34018128058249
65.2313232421875,0.518706643590702,-2.07798127112523
65.4220581054688,0.584870778160622,-2.26936250695359
65.61279296875,0.421491693657528,-2.44451215670478
65.8035278320313,1.10768685451001,-2.08512154670086
65.9942626953125,0.473511652339559,-1.89389396727734
66.1849975585938,0.552831706777306,-1.52578223131647
66.375732421875,0.366797778473971,-2.18209919707759
66.5664672851563,0.694249932424145,-2.01539915677097
66.7572021484375,0.727673293353394,-1.67943290407712
66.9479370117188,0.895156736586169,-1.29788542970167
67.138671875,0.34274851107123,-1.75344069033538
67.3294067382813,-0.0627286079418207,-1.11157938344611
67.5201416015625,0.456076452228991,-1.96985862764089
67.7108764648438,0.142855836455,-1.66994011329801
67.901611328125,0.361624831395006,-1.59362702520925
68.0923461914063,0.63004658978805,-1.74849850414127
68.2830810546875,0.346158482551966,-2.11565483145879
68.4738159179688,0.355031234562967,-1.8686971405908
68.66455078125,0.856063376139013,-1.60192236081759
68.8552856445313,0.109582153945814,-2.53496027526184
69.0460205078125,0.808103658992754,-1.5614940676363
69.2367553710938,0.653684936667701,-1.90749090334006
69.427490234375,-0.0457671180032767,-1.21435492483057
69.6182250976563,0.357075243186596,-1.73230723123649
69.8089599609375,0.9355474376428,-1.8690659996348
69.9996948242188,0.773410785084719,-1.6394264344624
70.1904296875,0.608159381834019,-1.15214890101492
70.3811645507813,0.88609730154922,-1.62347924662857
70.5718994140625,0.78579193248193,-1.52734132741694
70.7626342773438,0.853873811259923,-1.43467874770565
70.953369140625,0.188693636224413,-1.36208968800826
71.1441040039063,1.26024019313634,-1.54201267929951
71.3348388671875,0.640442607404585,-1.41562651689164
71.5255737304688,0.705005627204933,-1.09682589543151
71.71630859375,0.268911385786772,-1.353679775058
71.9070434570313,0.799644388335575,-1.30017210044513
72.0977783203125,0.391505718119212,-1.86810879671303
72.2885131835938,1.21454084018527,-1.6335191100156
72.479248046875,0.880128245435727,-1.1958281112397
72.6699829101563,0.775465390652838,-1.60733736631477
72.8607177734375,0.860082674558427,-1.3539095243713
73.0514526367188,1.0842958525576,-1.13827787073853
73.2421875,1.10037081690705,-1.46276418484835
73.4329223632813,1.16835443813848,-1.46952673641083
73.6236572265625,0.924024232801087,-1.42182345666059
73.8143920898438,0.873109739134843,-1.2317743920214
74.005126953125,1.02448803287347,-1.06070707359093
74.1958618164063,1.40013740746009,-1.02450799282639
74.3865966796875,0.919144075952432,-1.51720596844335
74.5773315429688,0.849617175490911,-1.45324821302542
74.76806640625,0.993306966972006,-1.35799779974806
74.9588012695313,1.48880511253774,-0.736162850634987
75.1495361328125,1.77136130311579,-0.941674384916353
75.3402709960938,0.706525756206164,-1.48772590311485
75.531005859375,1.6256351023538,-1.57048215049942
75.7217407226563,1.46316898944027,-0.972131136085924
75.9124755859375,1.22019981483541,-0.96286525002786
76.1032104492188,1.59116946522357,-1.41574718257261
76.2939453125,1.0052360017168,-1.23980273794749
76.4846801757813,1.30220606618804,-1.12199364927425
76.6754150390625,1.59801959271149,-0.929692991339268
76.8661499023438,1.52541928331745,-0.944854236266202
77.056884765625,1.64917065963946,-1.54183931762399
77.2476196289063,1.58126339913973,-1.15416813227805
77.4383544921875,1.5669882244998,-1.4973645754663
77.6290893554688,1.17151460834376,-1.4829927156762
77.81982421875,1.61821995464598,-1.43868678586721
78.0105590820313,2.0645015418746,-1.34455843218523
78.2012939453125,1.59614679919373,-0.812470769727211
78.3920288085938,1.87709371002189,-1.77484837765828
78.582763671875,1.62639118028073,-1.17363428440885
78.7734985351563,1.74107489302261,-1.80577605319445
78.9642333984375,1.92050595972299,-1.2136161769163
79.1549682617188,1.42765222314763,-1.66306501902759
79.345703125,1.47464645228153,-1.26956239907191
79.5364379882813,1.96223254445217,-2.01472556813764
79.7271728515625,1.61428588393643,-1.79983720171665
79.9179077148438,1.64733610661215,-1.1639463467128
80.108642578125,1.57883902866311,-1.60200093744983
80.2993774414063,1.71458766530785,-1.67069878944894
80.4901123046875,1.70843374301253,-1.43624686852429
80.6808471679688,1.88987847500999,-1.82777227178538
80.87158203125,1.69669100231675,-1.35204193050122
81.0623168945313,1.51440027573788,-1.19626020661076
81.2530517578125,2.05717947673121,-1.83184888008792
81.4437866210938,1.54060382470501,-1.66406406750369
81.634521484375,1.69547734417987,-1.1283626548605
81.8252563476563,1.66631894621893,-1.96192462669816
82.0159912109375,1.5517782327327,-1.77481734049478
82.2067260742188,1.92651350073499,-1.84828720390856
82.3974609375,1.71844206592405,-1.95934303841125
82.5881958007813,1.79198342125052,-1.95361017422081
82.7789306640625,1.59423571607839,-1.36485265640694
82.9696655273438,1.22658717475441,-1.72818281366559
83.160400390625,2.05218838453929,-1.74899985818389
83.3511352539063,1.87296543203415,-2.12921689407713
83.5418701171875,2.28831457473956,-1.36990883562343
83.7326049804688,1.29630776423471,-2.17397373716499
83.92333984375,2.10246099149388,-1.98463473997658
84.1140747070313,1.87982141207764,-1.85188615485817
84.3048095703125,1.76039942092592,-2.67290546751285
84.4955444335938,1.72054343553409,-1.8297279418016
84.686279296875,1.95020575277649,-2.12486761274971
84.8770141601563,1.77346100535828,-2.50730208748221
85.0677490234375,1.88500666754587,-1.36055922437296
85.2584838867188,1.22679442914714,-1.659798977384
85.44921875,1.71574472614573,-2.09827110928499
85.6399536132813,1.10714421892952,-2.32982577527999
85.8306884765625,1.40792370988967,-1.45615118595614
86.0214233398438,1.90177521241238,-2.09661095260689
86.212158203125,1.66290515222278,-1.76125344880352
86.4028930664063,1.93126290514232,-2.18472521338157
86.5936279296875,1.32668805397795,-2.52242941870004
86.7843627929688,1.07464006376507,-2.16998944555066
86.97509765625,1.24117309222953,-1.79693200504818
87.1658325195313,1.29564241552237,-2.26029392633579
87.3565673828125,1.50698451472159,-2.40335012642073
87.5473022460938,1.72768311019754,-2.22975280044838
87.738037109375,1.51255478593036,-2.16840510945249
87.9287719726563,1.58760873490253,-1.90966204128905
88.1195068359375,1.22670959365949,-2.51939246430826
88.3102416992188,1.72724235851746,-2.21420278074984
88.5009765625,0.796482631436098,-2.04973934794348
88.6917114257813,1.2734036326654,-2.27325056242058
88.8824462890625,1.74897830052156,-2.02441180802261
89.0731811523438,1.76660120166014,-2.40016529777206
89.263916015625,1.68388396906023,-2.26452836925537
89.4546508789063,1.87368842731101,-2.19363967749239
89.6453857421875,1.36195934572564,-1.67370005045218
89.8361206054688,1.08640714376317,-1.85386275215279
90.02685546875,1.21600231262229,-1.87740984985795
90.2175903320313,1.44703835276284,-1.83994156082471
90.4083251953125,1.34180622706557,-2.14480217535948
90.5990600585938,1.15893517695507,-2.09398682271965
90.789794921875,1.10024726071119,-1.84710482841813
90.9805297851563,1.54111514060772,-2.01489169327918
91.1712646484375,1.46294198533368,-1.34519786137436
91.3619995117188,1.04643433058745,-2.25137253396003
91.552734375,1.78988282159794,-1.66398509813721
91.7434692382813,1.24334232652607,-1.84539624024016
91.9342041015625,0.791229992061376,-2.13479594583799
92.1249389648438,1.12900961196453,-2.13957958181263
92.315673828125,1.55904494557178,-2.09967043457403
92.5064086914063,1.13229686153829,-1.92794329213247
92.6971435546875,1.73656679805561,-2.17797859978471
92.8878784179688,2.06534017855405,-2.27231081116725
93.07861328125,1.44774938511087,-2.28193383918034
93.2693481445313,1.8051738867573,-1.85107658653089
93.4600830078125,1.17963095220537,-1.93129928072819
93.6508178710938,1.79843450252464,-1.98688355648715
93.841552734375,0.795548316270868,-2.09822250488913
94.0322875976563,1.8280594179564,-2.79304225689924
94.2230224609375,1.59057836753836,-2.53826694166043
94.4137573242188,1.62334181423932,-2.30767139732803
94.6044921875,1.51844299334322,-2.68318525990665
94.7952270507813,1.50922413546227,-1.75731250644003
94.9859619140625,1.37216136893787,-2.00083804732848
95.1766967773438,1.04933064639867,-1.76926061100724
95.367431640625,1.15352576922762,-2.7774447478815
95.5581665039063,1.35310170115965,-1.9312824852526
95.7489013671875,1.2788570726918,-1.83688797400807
95.9396362304688,1.29079414667586,-2.34118271684394
96.13037109375,1.08595960840909,-2.27436542267142
96.3211059570313,1.65755220336042,-2.09394926635984
96.5118408203125,1.58993464926378,-2.64382723962697
96.7025756835938,1.7531868476207,-2.54143675489278
96.893310546875,1.36376041757649,-2.6870714920701
97.0840454101563,1.46151672482653,-2.21251088563994
97.2747802734375,1.36203919542704,-2.60555373116549
97.4655151367188,1.10633543979775,-2.62671516295634
97.65625,0.43323027675874,-2.08354085279361
97.8469848632813,1.00056492129649,-2.51804184320593
98.0377197265625,1.31742872223026,-2.3236004352667
98.2284545898438,1.32029803765358,-1.96673457040438
98.419189453125,1.37199299097362,-2.15372815417367
98.6099243164063,1.6678524130649,-2.36002684448348
98.8006591796875,1.41064449653739,-1.86588268550093
98.9913940429688,0.973762327093461,-2.85455066292487
99.18212890625,1.30019124475527,-2.11815981537086
99.3728637695313,1.07538557654702,-2.1841887837782
99.5635986328125,1.29487746482635,-1.9747736797488
99.7543334960938,1.38735960524085,-2.14793156599289
99.945068359375,1.2164157512564,-2.80820421153622
100.135803222656,1.51131904105844,-2.87325529383608
100.326538085938,0.639616136239935,-2.40924199697544
100.517272949219,1.28087250714833,-2.53753067424699
100.7080078125,1.36634650610603,-2.2809228084558
100.898742675781,0.727811938449853,-2.62651446390659
101.089477539063,1.31163291937521,-2.67530778103718
101.280212402344,0.900809222669268,-2.00104015397499
101.470947265625,0.787070936015887,-2.32427070058412
101.661682128906,1.13667894732364,-2.57492567964276
101.852416992188,1.1991314459988,-2.20090315166193
102.043151855469,0.946359782725084,-2.64692168314381
102.23388671875,1.56320815321556,-2.81601461900651
102.424621582031,1.08133336452654,-2.68570810565823
102.615356445313,0.972898403425661,-2.15820912829972
102.806091308594,0.710136896810027,-2.41340168972183
102.996826171875,0.353244362954882,-2.86118850875214
103.187561035156,0.602773471230448,-2.81611452391172
103.378295898438,0.338370027868405,-2.02964065973433
103.569030761719,0.198094655688018,-2.49487084499529
103.759765625,0.677441442212892,-1.99166854868801
103.950500488281,1.02185865153302,-2.24936007927299
104.141235351563,0.510673300474908,-2.15464496631913
104.331970214844,0.426333461311244,-2.3444804085751
104.522705078125,0.847677111945197,-2.45113268150178
104.713439941406,0.976076158875415,-2.61469830128561
104.904174804688,0.532511327174226,-2.07669806964007
105.094909667969,0.439880255938703,-2.43225248366052
105.28564453125,0.587858015256276,-2.00591841072413
105.476379394531,0.993172868238602,-2.20562971656024
105.667114257813,0.769312632912546,-2.70338567182918
105.857849121094,0.791301073600335,-2.10801373348271
106.048583984375,0.453870397176853,-2.69940944608513
106.239318847656,0.841027889255164,-2.22422317685523
106.430053710938,0.414316724721018,-2.80935728877406
106.620788574219,0.158672105732002,-2.16827087527259
106.8115234375,-0.140165584184559,-2.12260278386976
107.002258300781,0.0614838752538573,-2.44941134230498
107.192993164063,0.755768500859486,-1.85994954702336
107.383728027344,0.520659224662901,-2.4747303739728
107.574462890625,0.823602948269715,-2.43670694367906
107.765197753906,0.856485083478385,-2.58165266516342
107.955932617188,0.449628285030448,-2.52173492922621
108.146667480469,0.246234639490643,-2.09430776065814
108.33740234375,0.364578718964613,-2.19677530312576
108.528137207031,0.681582963396623,-2.19347524043516
108.718872070313,0.859095138373999,-1.85276404889704
108.909606933594,0.181599521488629,-2.42860191225377
109.100341796875,0.954594978048517,-2.97062306619177
109.291076660156,0.436458545838031,-1.91491181927037
109.481811523438,0.681416679431785,-2.13630596679334
109.672546386719,0.248539882068295,-2.17382020672923
109.86328125,0.975089737523678,-2.00651433132131
110.054016113281,0.624653668606556,-2.05320585466647
110.244750976563,0.378000867439938,-2.40109639776477
110.435485839844,0.223422731942237,-2.16852875630311
110.626220703125,0.300112202503686,-2.1879713764209
110.816955566406,0.792976322833083,-1.89178560628525
111.007690429688,0.984727263285891,-2.50670460834925
111.198425292969,0.199637229646483,-1.89297544508991
111.38916015625,-0.0583832493316012,-2.07166167905734
111.579895019531,0.379679874368878,-1.96611597187257
111.770629882813,0.478031377503631,-2.04550207997708
111.961364746094,0.361265335523441,-1.96929847168893
112.152099609375,0.292170044514452,-2.05875034280973
112.342834472656,0.369803680732439,-2.14289704375059
112.533569335938,0.02980910930068,-2.15448489012571
112.724304199219,-0.0659377739152155,-1.74616464987859
112.9150390625,0.619089045005333,-2.16341312044108
113.105773925781,0.774801178339701,-2.07334030167132
113.296508789063,0.614745170338559,-1.55120414981202
113.487243652344,0.110028325330482,-1.83732158625902
113.677978515625,0.433160624937136,-1.87813109534448
113.868713378906,0.83632408862464,-2.08541256539245
114.059448242188,0.555163288438099,-1.64742975833307
114.250183105469,0.418411046038476,-1.88989217924297
114.44091796875,0.268923806151519,-2.30275107240571
114.631652832031,0.276404784848924,-1.74341093937213
114.822387695313,0.197238599557066,-1.95280780206089
115.013122558594,0.0370148062487159,-2.00011077948306
115.203857421875,0.00750249872381068,-1.20586289741082
115.394592285156,0.528057859580388,-1.43817903075157
115.585327148438,0.343610896940994,-1.83674295304099
115.776062011719,0.387616722780443,-2.05323648222176
115.966796875,0.287749775729922,-1.85447218150519
116.157531738281,0.132733881488982,-2.13921537562527
116.348266601563,-0.223631970536239,-1.86890543401998
116.539001464844,0.448470528283748,-1.47519177992391
116.729736328125,0.607049773340601,-1.74617916562502
116.920471191406,0.468733758486544,-1.45616464129953
117.111206054688,0.0355277322243755,-2.55679246971315
117.301940917969,0.279988359822372,-1.35970042594765
117.49267578125,0.407030648017377,-1.75238790270845
117.683410644531,0.182146331605408,-1.84884755341234
117.874145507813,-0.0197420182018045,-1.45862429785442
118.064880371094,0.695552212297471,-2.23823666223331
118.255615234375,0.6535170771448,-2.1940209087359
118.446350097656,0.273686797565277,-1.99046305631253
118.637084960938,0.258272179204607,-1.66249988045121
118.827819824219,0.587678219921912,-1.73328258172465
119.0185546875,0.662809490433798,-1.96437642733933
119.209289550781,0.630635129503231,-1.62262172059896
119.400024414063,-0.025384577981202,-1.76592623272774
119.590759277344,0.31339013084765,-1.84553009485134
119.781494140625,0.0284869601448319,-1.53061411841204
119.972229003906,0.0613361179457318,-1.85000149237167
120.162963867188,0.350009295549763,-1.59182275000103
120.353698730469,0.305434891465206,-1.53816173419905
120.54443359375,-0.166849787634377,-1.89925830063034
120.735168457031,0.747947826346702,-1.50815468554692
120.925903320313,0.410792220723649,-2.00756699851332
121.116638183594,0.267556589528109,-1.86996801211252
121.307373046875,-0.0160336234048512,-1.88846986562045
121.498107910156,0.614493775752859,-1.42634708644428
121.688842773438,0.23130847057669,-1.84795090472124
121.879577636719,0.306028484997265,-1.45148261957764
122.0703125,0.421167053429509,-1.06862213733664
122.261047363281,0.350694785424475,-1.44362932523219
122.451782226563,0.1701069326154,-1.90351663860993
122.642517089844,-0.178510782583204,-1.31646303927686
122.833251953125,0.197187894505277,-1.51260852468056
123.023986816406,0.12526553545689,-1.79165163895962
123.214721679688,0.406133762164665,-1.94046565417355
123.405456542969,0.347481642112642,-1.75056577623919
123.59619140625,0.211859108356968,-1.76746797502937
123.786926269531,-0.0444953154067041,-1.76877896671233
123.977661132813,0.181382380594144,-1.53121212140463
124.168395996094,0.281496672260148,-1.7981441975249
124.359130859375,-0.276985506184477,-1.6733603478101
124.549865722656,0.319895423844748,-1.87998168549419
124.740600585938,0.587380457780413,-1.16408968885774
124.931335449219,0.0639023103438524,-1.65086380423825
125.1220703125,0.33170229217291,-1.21669376086687
125.312805175781,0.416527389548567,-1.63390922259138
125.503540039063,0.270879722727734,-2.13871531568533
125.694274902344,0.207549260881407,-1.70879290736151
125.885009765625,0.103719900013835,-1.69136298702474
126.075744628906,0.34147820105229,-1.45512975298196
126.266479492188,-0.101012678610393,-1.59294408660289
126.457214355469,0.534881721904973,-1.45444029967564
126.64794921875,0.405896965577614,-1.10992159031942
126.838684082031,0.166662895285074,-1.4195658331826
127.029418945313,-0.00162863044581429,-1.67894908521643
127.220153808594,-0.0236682370329909,-1.68062002338156
127.410888671875,0.184141384576383,-1.36881918855511
127.601623535156,-0.0373796335478614,-1.67588563205449
127.792358398438,0.437087025062141,-1.31905058985711
127.983093261719,0.345222585318476,-1.72328067632286
128.173828125,0.992453258539014,-1.43436362198589
128.364562988281,0.0982753032562483,-1.1215352094756
128.555297851563,0.305991580246998,-1.4889316581509
128.746032714844,0.284136982820372,-1.1642237387502
128.936767578125,0.634826053789914,-1.28687546477837
129.127502441406,0.364480664722004,-1.28278672295986
129.318237304688,0.222788317677827,-1.17265011619426
129.508972167969,0.382202304293337,-1.23585328834248
129.69970703125,-0.151814476042777,-1.25954341292066
129.890441894531,0.362166726885531,-1.20886895221591
130.081176757813,0.375461308651108,-1.4551928361789
130.271911621094,0.465909754206314,-1.57555224543002
130.462646484375,0.603723075908477,-0.956550016171122
130.653381347656,0.306823021520239,-1.41331853623525
130.844116210938,0.547249291613981,-1.99177661675283
131.034851074219,0.092318400350682,-1.47265936409778
131.2255859375,0.341043246535468,-1.72382182663274
131.416320800781,0.644436452185521,-1.63867151660201
131.607055664063,0.368387492752533,-0.867978476434291
131.797790527344,0.138015823067366,-1.87533367993737
131.988525390625,0.121437372214003,-1.54055850753027
132.179260253906,0.0616184806650625,-1.29251900054424
132.369995117188,0.573695952938399,-1.48083171260759
132.560729980469,0.550937155693954,-1.1831170943567
132.75146484375,0.0973421599843272,-1.51178596011312
132.942199707031,0.259151515854823,-1.64186819304972
133.132934570313,0.573301367042327,-1.53409493628089
133.323669433594,0.229192619794946,-1.51507115032078
133.514404296875,-0.0245907663753675,-1.37721280520356
133.705139160156,0.448221412577382,-1.4200761888257
133.895874023438,1.01429158422817,-1.99966907560369
134.086608886719,0.0409371225276622,-1.41466199758565
134.27734375,0.643170529084709,-1.56795627394525
134.468078613281,0.0786218778713727,-1.48847324278897
134.658813476563,0.583844800156994,-1.43428335194513
134.849548339844,0.13635397252547,-1.61724993810184
135.040283203125,0.354883925397799,-1.38507872800501
135.231018066406,0.394301160377496,-1.16593082451934
135.421752929688,0.161890254292768,-1.20804584065009
135.612487792969,-0.0508010512564146,-0.848008757617477
135.80322265625,0.587224401300372,-1.20730052315356
135.993957519531,0.309682826320382,-1.09297273459876
136.184692382813,-0.176660018550111,-1.35390591082708
136.375427246094,0.474692651611593,-1.30703003343196
136.566162109375,0.573737265868984,-0.78615279720225
136.756896972656,0.195237150913778,-1.81730298445531
136.947631835938,0.569327376242397,-1.88439351462453
137.138366699219,0.429889737816681,-1.64482076777411
137.3291015625,0.115864186706661,-1.47323996977292
137.519836425781,-0.0213860449592446,-0.936915747674918
137.710571289063,0.135612098393145,-0.801527955282085
137.901306152344,-0.378318048963078,-1.19181265006922
138.092041015625,0.254562144671151,-1.2384979778168
138.282775878906,0.321702945941197,-1.41387843446715
138.473510742188,-0.305025316914705,-1.24021907849749
138.664245605469,0.471975033615077,-1.30141203783939
138.85498046875,0.341613026375376,-1.36364910450373
139.045715332031,0.363688522821541,-1.3942446430444
139.236450195313,-0.136450320636415,-1.36273874936018
139.427185058594,0.40185178570727,-1.33367658732599
139.617919921875,0.866447310297774,-1.30376499981643
139.808654785156,0.778736458236089,-0.980027005703499
139.999389648438,0.420433960818365,-1.24164048315882
140.190124511719,0.0159248607586655,-1.08108529299896
140.380859375,-0.229301262294415,-1.14665869457651
140.571594238281,0.446396488613007,-1.39142730235269
140.762329101563,0.447390482784807,-1.50216230831638
140.953063964844,0.553576338883568,-1.14586212102119
141.143798828125,0.215816470761945,-1.40414468641554
141.334533691406,0.582795444133687,-1.02414144440958
141.525268554688,0.00282613722479695,-1.19821167159771
141.716003417969,0.598180076976819,-1.36581068140997
141.90673828125,0.448131229841042,-0.94193075166843
142.097473144531,0.181301742568048,-1.21353010761851
142.288208007813,0.618941068500664,-1.66830242833982
142.478942871094,0.557889965777017,-1.09670732092775
142.669677734375,0.0713290141501148,-0.853636656329473
142.860412597656,0.236271116384969,-1.17430906133892
143.051147460938,0.122800454505645,-0.700609317969845
143.241882324219,0.446951177157487,-1.15455819446484
143.4326171875,0.589156607205957,-0.709044258196416
143.623352050781,0.0163170618762932,-1.18333586864275
143.814086914063,0.51214816567545,-1.68642446833028
144.004821777344,0.456730216477611,-1.28324690885912
144.195556640625,0.527845374053815,-1.53460545791219
144.386291503906,0.0531000541930175,-1.31622794477895
144.577026367188,0.55371568999916,-0.996472082993195
144.767761230469,0.685739582859413,-0.967102883752231
144.95849609375,0.0478761283636755,-1.72396762690116
145.149230957031,0.310002264031783,-1.68104531629707
145.339965820313,0.1381726797594,-0.885769140835545
145.530700683594,0.818228172293328,-1.36262322994487
145.721435546875,-0.192280224000082,-1.33713595347897
145.912170410156,0.0247314117985903,-0.902581951923842
146.102905273438,0.272588409528765,-1.17915411312694
146.293640136719,0.637283600951989,-1.01383839012154
146.484375,0.076457849978534,-1.56037593301659
146.675109863281,0.199050018887504,-1.25466601028474
146.865844726563,0.767472340161073,-1.25718452278143
147.056579589844,0.528915016185466,-1.40431329791765
147.247314453125,0.299310120356867,-1.37514924099574
147.438049316406,0.341111769343713,-0.909359754813098
147.628784179688,0.106583057001763,-1.52283762379093
147.819519042969,0.467810072468108,-1.58092379781423
148.01025390625,0.19307784402285,-0.723340564755013
148.200988769531,0.241638789338898,-1.31726498026927
148.391723632813,-0.048610222563663,-1.3131523080791
148.582458496094,0.2361044706122,-1.36193604946779
148.773193359375,0.430948029141039,-0.804814374751913
148.963928222656,0.0674436440772604,-0.564071123171915
149.154663085938,0.356188072443823,-1.26840228154979
149.345397949219,0.20606920740989,-1.04119526629403
149.5361328125,0.394117287722214,-1.26313047293955
149.726867675781,0.11186222237419,-1.1475058804209
149.917602539063,0.808300545785913,-1.40400347199555
