Fre(kHz),Re,Im
-149.917602539063,0.22813841720672,1.13047639259997,ZeroPoint:Tj,63,1.3
-149.726867675781,0.218172879153347,0.779865761788547,Const.;stime,-19.44645448,6.4E-07
-149.5361328125,0.0192710562757053,1.39000967814267,Fre.Range:Tau,-150:150,1.5E-05
-149.345397949219,0.739326325900181,1.10840598634154,FFTSize:DataSize:Firstpul,8192:8192,4.5E-07
-149.154663085938,-0.152266499737854,1.00784656811345,20kspinF6666,Freq.=141390000
-148.963928222656,0.34604012533637,1.82008638731082
-148.773193359375,-0.124591748806448,1.28042044225647
-148.582458496094,0.0125006067957181,0.945093107108232
-148.391723632813,0.526837772382446,1.28671000126742
-148.200988769531,0.328958704465944,0.915721165653485
-148.01025390625,0.613321804184139,1.64821492629257
-147.819519042969,0.274811025877608,1.69582040296553
-147.628784179688,0.685635385359607,1.4739760567347
-147.438049316406,0.975400736199009,0.941237311417774
-147.247314453125,0.0781113254280918,1.64794995252188
-147.056579589844,-0.27009091651776,0.857895382878607
-146.865844726563,-0.236240445727699,1.16658053954898
-146.675109863281,0.0636930152605421,1.06780362353021
-146.484375,0.782581842185547,0.478508999690958
-146.293640136719,0.756643444133874,1.20165685317856
-146.102905273438,0.227565071531263,1.09205885244832
-145.912170410156,0.853456213375074,1.2367714489942
-145.721435546875,0.132463005409877,1.84725240029497
-145.530700683594,0.038130509888305,1.26510478355713
-145.339965820313,0.760513122095282,1.2256016450192
-145.149230957031,0.770338077025896,1.15588113663431
-144.95849609375,-0.362814005882728,1.14123187553316
-144.767761230469,0.801270029418109,1.7472548050763
-144.577026367188,0.978910228731953,1.8268241671878
-144.386291503906,1.26391127908684,0.927410510603856
-144.195556640625,0.516984306844502,1.3167957534142
-144.004821777344,0.883998467075919,1.26228161773809
-143.814086914063,0.178659129384391,0.53805820877009
-143.623352050781,0.166097975568336,0.791510224011672
-143.4326171875,-0.0303905703803946,1.7313844408727
-143.241882324219,0.524850092362232,1.39642646843631
-143.051147460938,0.599460700818852,1.10767457754406
-142.860412597656,0.848979220371846,1.02260542808803
-142.669677734375,0.0688563400390766,0.964597926245226
-142.478942871094,0.216377006935497,1.00163586514051
-142.288208007813,0.244473236848014,1.7394428234486
-142.097473144531,0.427029391493674,1.63184159856132
-141.90673828125,0.45008765607128,1.09550618522937
-141.716003417969,0.358186037663663,1.4642330925892
-141.525268554688,0.398370258897367,1.32946663996178
-141.334533691406,0.358206150119275,1.24642038866277
-141.143798828125,0.347842854528021,1.41344310524631
-140.953063964844,-0.336280754813588,1.20807019927176
-140.762329101563,0.828835323848076,1.17348161156578
-140.571594238281,0.181776817737634,0.956273391562984
-140.380859375,1.28238548764728,1.32214234113088
-140.190124511719,0.182307468919458,1.19824402235586
-139.999389648438,-0.0396920653327255,1.48777626405696
-139.808654785156,-0.0537876040713782,1.2817397411438
-139.617919921875,0.0765086414808649,1.8229017974153
-139.427185058594,0.0780040379839349,1.14501828550908
-139.236450195313,0.0322944860567077,0.727940082875809
-139.045715332031,0.0481904172795839,0.635679567067619
-138.85498046875,0.282719319093597,1.49915949724499
-138.664245605469,0.235845999890886,1.39984078129375
-138.473510742188,0.719083257624314,1.97327260793989
-138.282775878906,-0.111027714735476,1.26201450082297
-138.092041015625,0.315951730078013,1.28636603104217
-137.901306152344,0.506258000966236,1.21947615729278
-137.710571289063,0.640649088404532,1.37136400457101
-137.519836425781,0.423176741451016,1.11874562434117
-137.3291015625,-0.242630704809638,0.978154300031055
-137.138366699219,0.420142903667239,1.45201932465533
-136.947631835938,0.613512340454942,1.5546498511755
-136.756896972656,0.52665525370555,1.34155275869778
-136.566162109375,0.180166785676556,0.952057906185638
-136.375427246094,-0.229579935035467,1.32907575070719
-136.184692382813,-0.196957930947566,1.50461623159111
-135.993957519531,0.251636370052405,1.05231862069453
-135.80322265625,-0.0704831332711805,0.993263683616698
-135.612487792969,0.395143970037004,0.771089226254133
-135.421752929688,0.307162306065358,1.45113340219561
-135.231018066406,0.759629499395514,1.01686439565516
-135.040283203125,0.135450682805286,1.28168344412491
-134.849548339844,0.382645201616746,1.31815525510816
-134.658813476563,0.936498949023564,1.00835272372244
-134.468078613281,0.339826544274988,0.881781211034636
-134.27734375,-0.113828519628556,1.44376090612395
-134.086608886719,0.95273845575067,1.11068528815414
-133.895874023438,0.101093289469115,0.646329007062144
-133.705139160156,0.498315747573748,0.994782993942649
-133.514404296875,0.0733795246375783,1.04804201785173
-133.323669433594,0.481872602528784,1.55175732473247
-133.132934570313,0.219482570542895,1.57737200739496
-132.942199707031,0.666603425327601,1.42810347357692
-132.75146484375,0.261055601655127,1.27741317642837
-132.560729980469,0.469220955974898,1.03842418169797
-132.369995117188,0.342755961551066,0.945201423465867
-132.179260253906,0.707259136875236,1.58871571941381
-131.988525390625,0.91070699389079,2.12381172105858
-131.797790527344,0.883044922925916,1.09294562042628
-131.607055664063,0.475165301509492,0.988643119323769
-131.416320800781,0.0687344859230036,1.40633422514585
-131.2255859375,0.373854796798114,1.0391312528047
-131.034851074219,0.611555290451359,0.978066455437204
-130.844116210938,0.573291083280574,2.18328642946583
-130.653381347656,0.204755600062178,1.47763294902418
-130.462646484375,0.468148009983636,1.73255608516048
-130.271911621094,-0.523958548318478,1.47815271788142
-130.081176757813,0.261856171782164,1.46380625027135
-129.890441894531,0.751994012425289,1.96956887677279
-129.69970703125,0.353428037937706,1.43294900200681
-129.508972167969,0.642122941426373,1.13273530092344
-129.318237304688,0.425101431982368,1.22406756851839
-129.127502441406,0.359548364520855,1.36720935463905
-128.936767578125,0.276103511417166,1.38255510509701
-128.746032714844,-0.186157731512765,1.8491723248426
-128.555297851563,0.126429321712598,1.71963498183679
-128.364562988281,0.307827564402928,1.06935724771481
-128.173828125,-0.0989662483511819,1.57917187609894
-127.983093261719,-0.116802160503713,1.49374952330876
-127.792358398438,0.353105695950413,1.17123346419486
-127.601623535156,0.113766174691239,1.69948384665576
-127.410888671875,0.758654038049865,1.04350313448144
-127.220153808594,0.651898887255382,1.30169217055021
-127.029418945313,0.769569749130022,1.70392882589526
-126.838684082031,0.669845196307553,1.61532467082671
-126.64794921875,0.370392183537595,1.55362190692301
-126.457214355469,0.505424359769437,1.88982675827114
-126.266479492188,0.0764141756781819,1.22405534745379
-126.075744628906,-0.0198217343256821,1.83882233128304
-125.885009765625,0.00679765751399938,1.35325586301508
-125.694274902344,0.622975493606166,0.895772277936579
-125.503540039063,0.687407857337466,2.04177798965578
-125.312805175781,0.0703222255301628,1.13468733666415
-125.1220703125,1.1892591676145,1.72012326721467
-124.931335449219,0.523127193947786,0.92915740810965
-124.740600585938,0.397707903242836,0.955863953128254
-124.549865722656,0.210861960285405,1.35555889668821
-124.359130859375,-0.00823173918984307,1.57615765327075
-124.168395996094,1.57325434737558,1.28724498759479
-123.977661132813,0.93069039380528,1.15568965168926
-123.786926269531,0.59765845355343,1.00945504824792
-123.59619140625,0.719479588667289,1.89423787091624
-123.405456542969,0.107633088499179,1.34846481454589
-123.214721679688,0.377540565123435,1.12740608687638
-123.023986816406,0.13718584599436,2.06113870606415
-122.833251953125,-0.0856636229335714,1.36804534205787
-122.642517089844,0.846397915855698,1.38196808590842
-122.451782226563,0.527070180599669,1.55901866710368
-122.261047363281,0.540147162499833,1.60480209645939
-122.0703125,-0.398543508943025,1.42775316494706
-121.879577636719,0.602910521348113,2.24192498066211
-121.688842773438,0.0809933636169069,1.65755710504628
-121.498107910156,-0.128696130731104,1.26022410333141
-121.307373046875,0.0599149075605894,1.07690838761427
-121.116638183594,0.549579185141678,1.73488397079666
-120.925903320313,0.295072955767962,1.31762568922898
-120.735168457031,0.367333476192237,1.79089601723098
-120.54443359375,-0.09111507367992,0.894999186065884
-120.353698730469,0.0180602224297433,1.42560593970787
-120.162963867188,0.844512446579011,1.46032491552101
-119.972229003906,0.581187535610227,1.71050258722004
-119.781494140625,-0.361896213646697,2.34399321156828
-119.590759277344,1.06503327439027,1.5431239825274
-119.400024414063,-0.502743166874408,1.41184748408876
-119.209289550781,0.742036104559087,2.19593904139238
-119.0185546875,0.277808819573892,1.5672364873566
-118.827819824219,1.24482208598197,1.52896158902751
-118.637084960938,0.347795077001682,1.51675084026365
-118.446350097656,0.279119771904383,1.50607917320436
-118.255615234375,0.243133993893524,1.29547920939446
-118.064880371094,0.0590238093729184,1.41774634865198
-117.874145507813,-0.0937046371703892,1.64470586994838
-117.683410644531,-0.348140546829746,1.82916337913245
-117.49267578125,0.542715323729972,1.63449509211435
-117.301940917969,0.597631180443674,1.59829362477257
-117.111206054688,-0.345939017281215,1.21363122080685
-116.920471191406,0.0970286579829486,1.67144371791731
-116.729736328125,1.14573964353257,1.34621503808123
-116.539001464844,-0.0337544272239659,2.13060491403623
-116.348266601563,0.119710158347091,0.715972409770076
-116.157531738281,0.457004465712145,1.32515168872375
-115.966796875,0.122991970554173,1.1691143532835
-115.776062011719,0.0941248118672045,1.57432052840801
-115.585327148438,0.636216537693911,1.36346799600696
-115.394592285156,0.615208988922212,1.1279679054212
-115.203857421875,-0.0504072014415407,1.21281674881728
-115.013122558594,0.0426926642860822,1.68469474569591
-114.822387695313,0.0678948493289201,2.13415746399517
-114.631652832031,0.282204555814604,0.369202400191567
-114.44091796875,0.417271917823886,1.00511828794474
-114.250183105469,0.3362156194915,1.74197328268616
-114.059448242188,0.559589873799465,1.60476331721516
-113.868713378906,0.354980347561684,1.86049713548582
-113.677978515625,0.481143908385043,1.7760091474028
-113.487243652344,-0.0747730886312702,1.84779266958032
-113.296508789063,0.530854641244764,2.05759470582155
-113.105773925781,0.716471863540409,1.31241496690388
-112.9150390625,0.493423096987074,0.957495390819641
-112.724304199219,0.551508875923276,1.45897246650385
-112.533569335938,0.33206627528065,2.71168071904513
-112.342834472656,0.0292707552254401,1.9898835437908
-112.152099609375,0.253880758919609,1.48146155942817
-111.961364746094,0.759917729416395,1.63120342038529
-111.770629882813,0.22031091746317,1.11632452701293
-111.579895019531,0.853156509424428,0.806498298176613
-111.38916015625,0.191033141620888,1.53555703201609
-111.198425292969,0.403918742385502,1.627289174719
-111.007690429688,0.869635230321164,1.87054683400311
-110.816955566406,0.470407780053073,1.77978143006704
-110.626220703125,0.766263804727762,1.71191259499573
-110.435485839844,0.200913482375006,1.89482570895992
-110.244750976563,-0.260307662876375,1.74747615574727
-110.054016113281,0.716141270232451,1.70630808255219
-109.86328125,0.57558635173059,1.89719839861293
-109.672546386719,0.685878155441094,1.99720216439681
-109.481811523438,0.678455078419831,2.14533828956736
-109.291076660156,0.00930444561953762,1.56104497164667
-109.100341796875,0.0930810664466284,1.94482719222772
-108.909606933594,0.550419002556033,2.36973639296927
-108.718872070313,0.639463986431766,1.57422994801007
-108.528137207031,0.171432404981813,1.56701246277999
-108.33740234375,0.850714069990123,1.53275728533968
-108.146667480469,0.85125919275599,1.71685463944882
-107.955932617188,0.531999206944614,1.62647033741125
-107.765197753906,0.763150414413614,0.846216302891287
-107.574462890625,0.791901756960395,1.8503262645732
-107.383728027344,0.95497094097823,1.63035134449543
-107.192993164063,0.20881399830749,1.3360285766879
-107.002258300781,0.246029271817244,2.01009418983846
-106.8115234375,0.612267035209992,1.79173956866179
-106.620788574219,-0.299627867225216,2.27046465143211
-106.430053710938,0.617876527995958,1.65533966920193
-106.239318847656,0.238968844787528,1.627842739302
-106.048583984375,0.691972594596739,1.43662035914646
-105.857849121094,0.251321667713218,2.02628885783866
-105.667114257813,0.547340537337358,1.80099565461966
-105.476379394531,0.439341931580893,2.30169958102985
-105.28564453125,0.104761928838206,1.30423351595482
-105.094909667969,-0.0333494835319588,1.23758695782426
-104.904174804688,0.108309696934302,1.39773770630432
-104.713439941406,0.78431549270442,2.23133437324806
-104.522705078125,0.361640406342385,2.03446191547361
-104.331970214844,-0.0789105712993779,1.71073828341969
-104.141235351563,0.501016743347014,2.17569241530081
-103.950500488281,0.674901137666712,1.16404546245278
-103.759765625,0.553362301674893,1.36680934861494
-103.569030761719,0.611165142337195,1.45458363116501
-103.378295898438,-0.142759590268194,1.66143494308871
-103.187561035156,0.553102171858935,2.0159010006418
-102.996826171875,0.297908261952485,2.04723501413679
-102.806091308594,0.016295453247701,1.8980461857732
-102.615356445313,0.799620940887061,1.79677149694329
-102.424621582031,0.857389030275952,2.28423764299443
-102.23388671875,0.476029482178627,1.37640555019595
-102.043151855469,0.485177659635131,2.22317785225764
-101.852416992188,-0.248538283814991,1.33542341704619
-101.661682128906,-0.150256669388433,1.97714358099537
-101.470947265625,-0.0439833153139714,0.983143124256998
-101.280212402344,0.110903712732391,1.60382712335039
-101.089477539063,0.473043037352862,1.84538725397493
-100.898742675781,0.476644829560875,1.9157350390817
-100.7080078125,0.0305820571988859,2.02547635178144
-100.517272949219,-0.00517789500947468,1.71818841992161
-100.326538085938,0.700402256080802,2.30397558949639
-100.135803222656,0.0575999181158116,1.78969989884286
-99.945068359375,-0.164878313424532,1.99466803728365
-99.7543334960938,0.263620190543358,1.59920189074282
-99.5635986328125,0.268158245439279,2.31205196519976
-99.3728637695313,0.671487349756325,2.0666833271379
-99.18212890625,0.456059588896278,2.14318055640471
-98.9913940429688,0.249958979474596,1.93751485106882
-98.8006591796875,-0.484511911405811,1.30293050417109
-98.6099243164063,0.188148941854744,1.7916890401008
-98.419189453125,-0.255379969673007,2.18156992854229
-98.2284545898438,0.236520521582481,1.56762979539614
-98.0377197265625,-0.471348241383862,1.60027303145687
-97.8469848632813,0.967261353371072,1.58970028637178
-97.65625,0.449058408840976,1.89059389625798
-97.4655151367188,0.285698130273417,2.7149682632272
-97.2747802734375,0.18854138977259,1.77657204655179
-97.0840454101563,0.495757746589046,1.93276255154339
-96.893310546875,0.0174635974673883,2.72728349717446
-96.7025756835938,0.74831414987456,1.93178868487081
-96.5118408203125,0.0507383505792508,2.30466984634598
-96.3211059570313,-0.191543666831488,1.72667954579601
-96.13037109375,-0.212942774520106,2.15801019864443
-95.9396362304688,0.710229671312667,1.44946439818812
-95.7489013671875,0.207465168548572,1.79339145548648
-95.5581665039063,0.0762679093589995,2.33346179148484
-95.367431640625,0.896401709874836,2.46574550046798
-95.1766967773438,0.121596187348375,2.17843248886101
-94.9859619140625,-9.58429454832044E-05,2.05327937208549
-94.7952270507813,0.467825011912759,2.47356327110898
-94.6044921875,0.176506815404211,2.63095237881197
-94.4137573242188,0.649743710269929,2.26990495646711
-94.2230224609375,0.558621823083899,2.6753965346
-94.0322875976563,1.1437601485403,2.04375691447433
-93.841552734375,-0.405732269236361,1.90169927962936
-93.6508178710938,0.264000564348162,1.96327090811079
-93.4600830078125,-0.0460470743106608,2.1430495622618
-93.2693481445313,0.878861966367625,1.28199813276774
-93.07861328125,0.936338392888339,2.30334463621778
-92.8878784179688,-0.119993199181022,2.22031382982943
-92.6971435546875,0.69254737998458,1.61659123930505
-92.5064086914063,-0.289434280434154,1.81498755493814
-92.315673828125,1.16113232874073,1.43651358901825
-92.1249389648438,0.993999397496371,1.89031120038704
-91.9342041015625,0.995461303461683,2.33990252206512
-91.7434692382813,0.756730841965473,1.96766976818912
-91.552734375,0.516013179948999,2.27353018346927
-91.3619995117188,-0.273106129904267,1.82902330271626
-91.1712646484375,0.287353521609292,2.0682201082475
-90.9805297851563,0.609759979738798,1.93515598114127
-90.789794921875,0.525250749859509,1.82748192891122
-90.5990600585938,1.21970005615961,2.07730870925059
-90.4083251953125,0.556591325949144,2.39791021642749
-90.2175903320313,0.354126715034998,1.84376311621624
-90.02685546875,-0.0510240390021852,2.69845789551562
-89.8361206054688,1.03507000465917,2.10779181707397
-89.6453857421875,0.626048414875175,2.52743119964885
-89.4546508789063,0.393183811943072,2.01157299489527
-89.263916015625,0.686115536919622,1.912374258641
-89.0731811523438,0.596383190344346,2.02597778166627
-88.8824462890625,0.262827855619118,1.66587520057907
-88.6917114257813,0.284730508518701,1.81762870197867
-88.5009765625,0.0931428513816864,2.56855074026867
-88.3102416992188,0.379256699774287,1.80859477700331
-88.1195068359375,0.149701888162859,1.96192349483119
-87.9287719726563,0.153092077279483,2.10883623331998
-87.738037109375,0.137419562882919,2.35687720299391
-87.5473022460938,0.321467998808526,2.75622768863912
-87.3565673828125,0.0193788542527352,2.17708559748265
-87.1658325195313,0.505374811157139,2.54361762498599
-86.97509765625,-0.341122342202749,1.96864750757766
-86.7843627929688,0.632537055849895,2.1870770141502
-86.5936279296875,0.639206484327988,2.19966534832544
-86.4028930664063,0.486676130361059,2.74701130096612
-86.212158203125,0.419056234508603,2.4012751844166
-86.0214233398438,1.1045670945358,2.39965913755189
-85.8306884765625,0.829425334805664,3.27225875614782
-85.6399536132813,1.04547831382531,1.5792032333624
-85.44921875,0.185906842332864,2.86776756564424
-85.2584838867188,-0.0136601486664551,2.80076258079916
-85.0677490234375,0.520003367526307,2.6215489461891
-84.8770141601563,0.319715810943898,2.49142107144398
-84.686279296875,0.223456897156553,2.19986192837302
-84.4955444335938,0.647281765648854,2.36523501562754
-84.3048095703125,0.772848005948472,3.14126951940217
-84.1140747070313,0.28411772858074,2.6691578539927
-83.92333984375,0.767347843484364,2.52254102494791
-83.7326049804688,0.793370274704666,2.94741899098041
-83.5418701171875,0.903739222288942,1.29505412791243
-83.3511352539063,0.298782272299819,2.54130127197599
-83.160400390625,0.140521014349952,2.32746301275408
-82.9696655273438,-0.0443090191357079,1.75671334073172
-82.7789306640625,0.494899047689649,2.37719578451556
-82.5881958007813,0.348077714855371,2.64307131395959
-82.3974609375,-0.129531511629866,2.40215429352746
-82.2067260742188,0.241676390503791,2.53876995535148
-82.0159912109375,0.758680921549506,2.00518227304192
-81.8252563476563,0.473564415248406,2.55999117176199
-81.634521484375,0.00460778439212842,2.2707053943032
-81.4437866210938,0.294691026152642,2.23546366307019
-81.2530517578125,0.447125880116577,2.39706684117807
-81.0623168945313,0.600128387017133,2.32554195181777
-80.87158203125,0.00885108422569052,2.65668033999877
-80.6808471679688,-0.126087294628144,2.26952507431574
-80.4901123046875,1.05728667798376,2.37172349282641
-80.2993774414063,-0.00117299700953076,2.44817610271358
-80.108642578125,-0.246254249163655,2.72871387208784
-79.9179077148438,-0.362463119066085,3.22695786177639
-79.7271728515625,0.10831552141825,2.89858896130873
-79.5364379882813,1.39014902085646,2.59114699555065
-79.345703125,0.231670438970501,3.05784227950581
-79.1549682617188,0.659924401287931,2.19674779819865
-78.9642333984375,0.527272542899875,2.93990911843669
-78.7734985351563,0.24221079703888,3.08668248559022
-78.582763671875,0.272599515119979,2.41516247529262
-78.3920288085938,0.176249902335924,2.63888480217805
-78.2012939453125,0.912849815364783,2.62196185363237
-78.0105590820313,0.903782536971596,3.28638443895708
-77.81982421875,0.602071627323077,2.55859584461569
-77.6290893554688,0.358070550172079,2.2287992472195
-77.4383544921875,0.548111635018893,2.97044658428919
-77.2476196289063,0.645163169271368,2.391050263607
-77.056884765625,0.9590598481566,2.16646613528478
-76.8661499023438,0.75632534828278,2.66563939176565
-76.6754150390625,0.257301939064442,1.75002119796173
-76.4846801757813,-0.29195950003158,3.04764287494285
-76.2939453125,0.491833976772111,2.81801961460247
-76.1032104492188,0.468623447313977,2.65950665690192
-75.9124755859375,-0.106234989574933,2.60944496201459
-75.7217407226563,0.709562246421915,2.53040595272279
-75.531005859375,0.477916806936182,2.5288312603442
-75.3402709960938,0.330276252640333,2.56368583613412
-75.1495361328125,0.656548870146717,2.2340373219567
-74.9588012695313,0.272670711584309,3.20572001998103
-74.76806640625,0.406522855725231,2.90692673253079
-74.5773315429688,0.697615755324956,2.61905968207232
-74.3865966796875,0.188630198881319,2.58792771215658
-74.1958618164063,0.11433098619545,2.48659587105162
-74.005126953125,0.355259930476112,2.48319805938454
-73.8143920898438,0.58377843258497,2.67288574153663
-73.6236572265625,0.893203254050759,2.75622326616088
-73.4329223632813,0.189122423074292,2.58998663054796
-73.2421875,0.370821122749541,2.60140055925652
-73.0514526367188,-0.100120543328821,3.01495153953364
-72.8607177734375,0.637243382668293,3.29037427028402
-72.6699829101563,0.967120797010289,3.19497709121049
-72.479248046875,0.630638668401065,2.55572626120998
-72.2885131835938,0.697840079413778,2.18647626023918
-72.0977783203125,0.0202849034457838,3.59022418508494
-71.9070434570313,0.61313165701942,3.43731153736144
-71.71630859375,0.606811170344869,2.63261622225667
-71.5255737304688,0.252252645532092,3.04307591219668
-71.3348388671875,1.02212377630379,3.19008018487516
-71.1441040039063,0.238182597470908,2.86463817730764
-70.953369140625,0.842479120675329,3.53957395877943
-70.7626342773438,1.2081410708703,2.87534662161224
-70.5718994140625,0.303110858381105,2.89332162045113
-70.3811645507813,1.04269532691854,3.26477674727541
-70.1904296875,0.635888456677528,2.32004119006297
-69.9996948242188,0.552392573245194,2.92632931705025
-69.8089599609375,0.584072812327046,3.0221900104291
-69.6182250976563,0.596034150845802,3.10817433510348
-69.427490234375,0.144761741908876,3.10020404769937
-69.2367553710938,0.238971810723982,3.06217258362498
-69.0460205078125,0.140395133010826,2.71786202128951
-68.8552856445313,0.275713505131734,2.1887273482372
-68.66455078125,1.25155609764887,2.95421578199565
-68.4738159179688,0.455310590794564,3.17307916945601
-68.2830810546875,0.534675037107799,3.2494368078954
-68.0923461914063,0.782521098413413,2.86424106990452
-67.901611328125,0.282767929116729,3.35071219907078
-67.7108764648438,0.0229286531236709,3.20959716179083
-67.5201416015625,0.0908769609030286,3.3302081236807
-67.3294067382813,-0.161412969638821,3.04215725184935
-67.138671875,0.867722393990547,3.57696352980444
-66.9479370117188,0.902736095600767,3.71299858786768
-66.7572021484375,0.79619658366813,3.61985645310946
-66.5664672851563,0.626634313396816,3.62071817899807
-66.375732421875,0.831183711726215,2.96238352032904
-66.1849975585938,-0.0702146996829906,2.98384853638555
-65.9942626953125,0.758470124795138,3.19694160790003
-65.8035278320313,0.975345146750895,3.192906547717
-65.61279296875,-0.206063078592572,3.17528294750789
-65.4220581054688,0.877999610482286,3.61113997231682
-65.2313232421875,-0.0766320900149584,3.25776183203756
-65.0405883789063,0.454394073625448,3.60424149384268
-64.849853515625,0.336249201320861,3.70585841106558
-64.6591186523438,0.28004746499942,3.40709366075957
-64.4683837890625,1.06531650698588,3.78188154299417
-64.2776489257813,-0.0341452518724863,3.61756709940058
-64.0869140625,0.377229062576381,3.71547772255256
-63.8961791992188,0.823001511027201,3.76310003142175
-63.7054443359375,0.856316990660918,3.64288099266645
-63.5147094726563,0.630843760654119,3.90861032804025
-63.323974609375,0.372205354747997,3.15378323025416
-63.1332397460938,-0.173066203949053,3.76034308671377
-62.9425048828125,0.724120244724155,3.3415053150167
-62.7517700195313,-0.390610770639691,4.09616405809304
-62.56103515625,0.593498555318591,3.66950808056771
-62.3703002929688,0.905608085926018,3.6853165746222
-62.1795654296875,-0.0508469016212776,3.4902401232197
-61.9888305664063,0.705001216681235,3.04332121071042
-61.798095703125,0.608908281158546,3.71108294493193
-61.6073608398438,0.901766113084415,3.55604374101963
-61.4166259765625,0.44644936757913,3.95625528786648
-61.2258911132813,-0.214672996820015,3.95751236441722
-61.03515625,0.914890528887046,4.0566148040239
-60.8444213867188,1.24974191171084,3.91298797136808
-60.6536865234375,0.370586460520189,3.8460123505317
-60.4629516601563,0.729036567879802,4.12926669892919
-60.272216796875,0.71403083951929,4.18605159294949
-60.0814819335938,0.226243478799212,4.11675647449308
-59.8907470703125,0.0467091703028116,4.59817800627795
-59.7000122070313,0.655667641161469,4.46520597033206
-59.50927734375,0.593565100893051,4.04452002215759
-59.3185424804688,0.760982823588567,4.47229760624615
-59.1278076171875,0.14044732407947,3.95741589326456
-58.9370727539063,1.0690063262469,4.08399228492444
-58.746337890625,0.622780535907946,4.34112874779262
-58.5556030273438,0.959954693947765,4.46491544827887
-58.3648681640625,0.551166474114319,4.86945021831756
-58.1741333007813,1.2353614795009,3.94197298891779
-57.9833984375,0.85652607178943,4.13235072124704
-57.7926635742188,0.557311615868903,4.12419256475642
-57.6019287109375,0.324460273358586,4.82841055134605
-57.4111938476563,0.885721018043644,4.50734051596145
-57.220458984375,0.690495974507874,4.02295293993697
-57.0297241210938,0.315193447883375,4.57775417708244
-56.8389892578125,0.930810766581181,4.81233996145213
-56.6482543945313,0.11678936566592,5.15945698842303
-56.45751953125,0.502711973408224,4.30587349804398
-56.2667846679688,0.489762135321362,3.92225125173078
-56.0760498046875,0.914335967404935,4.46926614388004
-55.8853149414063,0.488938578677583,4.86003206298312
-55.694580078125,0.70484994099683,4.63890311074692
-55.5038452148438,1.03898419933982,4.86887994252322
-55.3131103515625,0.347010325468821,4.84813780531788
-55.1223754882813,0.484749241832621,5.36513380440068
-54.931640625,1.43137314020915,5.09949817590003
-54.7409057617188,0.830875781139082,4.96101555764982
-54.5501708984375,1.72064997924717,4.79514955268211
-54.3594360351563,1.00740898074657,5.54082357301508
-54.168701171875,1.32864986595689,5.69191316938628
-53.9779663085938,1.11117228813473,5.18903966455937
-53.7872314453125,0.887609677119153,4.95836174306537
-53.5964965820313,1.03205980564539,5.76070038264496
-53.40576171875,2.28884011592662,5.26479999888169
-53.2150268554688,1.52220754957778,5.34439653892107
-53.0242919921875,1.26476453664525,5.27404343212316
-52.8335571289063,1.3276093077225,5.11254167282977
-52.642822265625,1.34613233240621,5.36214529393208
-52.4520874023438,1.8161515684821,5.99093841484312
-52.2613525390625,1.11842421517442,5.47933646588662
-52.0706176757813,1.70870786830029,5.32637342077281
-51.8798828125,1.9407967586089,5.7120908132419
-51.6891479492188,1.54575297630693,5.15613346170591
-51.4984130859375,1.42251826774932,4.89387710460842
-51.3076782226563,2.43617851137292,4.76368467758175
-51.116943359375,2.18997548711334,5.49002943321855
-50.9262084960938,1.91666019642843,5.60512233560289
-50.7354736328125,2.67253471796618,5.76370566356642
-50.5447387695313,2.35165789434897,5.52125966632973
-50.35400390625,2.69224116694318,6.08285959282917
-50.1632690429688,2.96977520828105,5.89624318284923
-49.9725341796875,1.91920956168225,5.3525185008523
-49.7817993164063,2.04356539638388,6.07637145184975
-49.591064453125,2.67871263182586,5.84805847750121
-49.4003295898438,2.12703556720327,5.41646660946997
-49.2095947265625,2.76023888428688,6.46216497606288
-49.0188598632813,2.16568875913851,5.70222794830463
-48.828125,2.00284779857014,5.98937617292522
-48.6373901367188,2.66193568330166,5.70501976712877
-48.4466552734375,2.51635029437782,5.56346998860599
-48.2559204101563,3.22047066012263,5.39582227299945
-48.065185546875,2.80644071155333,5.36079683568122
-47.8744506835938,3.15561821652828,6.17137809554925
-47.6837158203125,2.66257850510983,5.66401327915812
-47.4929809570313,2.99682117414382,6.05752915145878
-47.30224609375,2.44869607205772,5.89011986040907
-47.1115112304688,2.32403484396617,5.53110682510131
-46.9207763671875,3.04518921086598,5.99970224177124
-46.7300415039063,3.0635708346333,5.22562414701522
-46.539306640625,2.77258234311216,5.71500272288
-46.3485717773438,3.04449484073486,5.8191225358731
-46.1578369140625,3.1749952356016,5.52734415607513
-45.9671020507813,3.45809586715655,5.52592977361932
-45.7763671875,3.47680525463176,5.77667006150137
-45.5856323242188,3.53955396497045,6.04751085370211
-45.3948974609375,3.27467328347323,5.64011336751203
-45.2041625976563,3.64589021999077,5.50770794408437
-45.013427734375,3.44748792655951,5.55565950241339
-44.8226928710938,3.61257785221086,5.48199569944776
-44.6319580078125,3.56816644890695,5.89958149910935
-44.4412231445313,3.96239669416163,5.90472145010879
-44.25048828125,4.0642516604337,5.83846499532525
-44.0597534179688,3.29948635503564,6.17583777812213
-43.8690185546875,4.90976740952269,6.02151465551588
-43.6782836914063,3.8880189376848,5.4602066461608
-43.487548828125,3.67086428821452,5.85886700887338
-43.2968139648438,4.26245060998658,5.47771001091518
-43.1060791015625,4.59240692967882,4.88500565636734
-42.9153442382813,4.05304740957658,5.56908997003965
-42.724609375,4.53432647174138,5.23036811474853
-42.5338745117188,4.41923300385111,5.50071993043861
-42.3431396484375,3.95607336951626,5.00635093537115
-42.1524047851563,4.41338588592031,5.74508701428043
-41.961669921875,4.4790643044021,5.53771083239712
-41.7709350585938,4.39105493195545,5.04375016653655
-41.5802001953125,4.17510920648139,5.14379687559957
-41.3894653320313,4.95587118670363,5.89835255133352
-41.19873046875,4.54694723988445,5.19745067786814
-41.0079956054688,4.68497447470253,5.01845762979677
-40.8172607421875,5.09586058834322,6.02167436852938
-40.6265258789063,4.97747932689689,5.17308047224573
-40.435791015625,4.05303348860793,5.40670330542963
-40.2450561523438,4.88033784689064,4.63448676486165
-40.0543212890625,4.58190301798261,5.42858753154214
-39.8635864257813,4.34903038788465,4.83342247525306
-39.6728515625,4.81026409352705,5.15150411198414
-39.4821166992188,5.31520479375859,5.2679109622293
-39.2913818359375,5.42872288640916,4.9865377195856
-39.1006469726563,5.18210073562301,5.36754985339387
-38.909912109375,4.54635910324312,4.40589600524156
-38.7191772460938,5.46526695369704,4.21346397242713
-38.5284423828125,4.82694023092491,4.4268953010503
-38.3377075195313,4.6665629860277,4.73959368281471
-38.14697265625,4.22047008986495,5.07233104189155
-37.9562377929688,5.7326651683121,3.59797861331067
-37.7655029296875,5.37643270625799,4.61576466631649
-37.5747680664063,4.4567256230558,4.37001207399029
-37.384033203125,4.75394066083632,3.88082099193937
-37.1932983398438,5.19705027462536,3.9805460201364
-37.0025634765625,5.21967270567345,4.40195483682865
-36.8118286132813,4.63163694757434,4.37449206757209
-36.62109375,5.63498252498914,4.38570690539025
-36.4303588867188,4.23503231313678,4.16519359861845
-36.2396240234375,5.44704435158031,4.14617049364583
-36.0488891601563,4.64876386534983,4.15840486160039
-35.858154296875,4.70037637456568,4.61944017045554
-35.6674194335938,5.23719601845096,4.09044830086936
-35.4766845703125,4.66676458947403,3.687171565102
-35.2859497070313,4.90994111688807,4.78653369153021
-35.09521484375,5.25409274315312,3.62600943474886
-34.9044799804688,5.04812451723458,3.78716043560978
-34.7137451171875,4.89095530268983,4.00974436790784
-34.5230102539063,4.3424410169247,3.91552175574924
-34.332275390625,4.68984156959441,4.47287816589093
-34.1415405273438,5.37827862918792,4.39669185158724
-33.9508056640625,4.3589170754673,3.65314497395104
-33.7600708007813,4.49824583390479,4.27795871016272
-33.5693359375,5.04145415405308,3.82810846377585
-33.3786010742188,4.86667395968937,4.62821870988176
-33.1878662109375,3.9141963301548,4.408504717343
-32.9971313476563,5.04370217510934,3.53637019569467
-32.806396484375,4.43308686831733,3.85535257737587
-32.6156616210938,3.97438046757877,4.36929164308414
-32.4249267578125,4.11843575504971,5.30485183119482
-32.2341918945313,4.43326344561265,4.60613736963987
-32.04345703125,4.58918545572979,4.40046154899251
-31.8527221679688,4.14753500357411,4.30081757518211
-31.6619873046875,4.63415136992357,4.27864886832746
-31.4712524414063,4.19071097945269,4.54564534893476
-31.280517578125,4.66160129747411,5.29971986487836
-31.0897827148438,4.84311313230347,4.46655407723664
-30.8990478515625,4.61639295242985,5.2192659169481
-30.7083129882813,4.7214326903825,4.85918075459004
-30.517578125,4.58890883139396,4.99473679925126
-30.3268432617188,4.38073819531504,5.53577932448778
-30.1361083984375,4.88459200939778,5.31755199274069
-29.9453735351563,4.91375836678684,5.59856378417946
-29.754638671875,4.67078736254284,5.74051564133318
-29.5639038085938,4.86467475418012,5.63525270298213
-29.3731689453125,5.1539851401005,5.79874755335526
-29.1824340820313,4.62066430414837,5.11589428249684
-28.99169921875,5.25979401387667,5.25662210020092
-28.8009643554688,4.74728416100527,5.32794637114656
-28.6102294921875,5.12367911679494,5.74182727064718
-28.4194946289063,5.48913338951495,5.71085042059535
-28.228759765625,5.02653029901281,5.79133192464657
-28.0380249023438,5.74189447475926,6.52588505852682
-27.8472900390625,5.29654909144779,6.03972492488719
-27.6565551757813,4.97422597842957,6.26166834135634
-27.4658203125,6.2168704786392,6.05246526791537
-27.2750854492188,6.12834324378194,6.3463782297155
-27.0843505859375,6.3651740578956,6.57767224181716
-26.8936157226563,5.98889657404354,5.91944165890953
-26.702880859375,7.18183212340669,5.78465468516912
-26.5121459960938,6.98763469196747,6.31805933399792
-26.3214111328125,6.78694888678069,6.60067946839085
-26.1306762695313,7.78862940574792,6.76073893185784
-25.93994140625,8.15195191069708,6.17838664035201
-25.7492065429688,7.70697306208273,6.39695195129837
-25.5584716796875,7.60298953132504,7.08030555100354
-25.3677368164063,7.08124981051087,6.34828520554018
-25.177001953125,8.60975033778943,6.33586600562437
-24.9862670898438,8.09472563282745,5.82782442692291
-24.7955322265625,9.29792040728305,5.80427674306639
-24.6047973632813,8.56277498945409,6.15236381045833
-24.4140625,9.29473408296378,5.52140450179916
-24.2233276367188,9.54672729291391,5.50217055584439
-24.0325927734375,9.43038519646876,6.01544147591362
-23.8418579101563,8.88577873933987,4.86108332459585
-23.651123046875,9.4628683000128,5.16250983133138
-23.4603881835938,10.276928460639,5.31010660205185
-23.2696533203125,9.72348935895242,5.51255871944292
-23.0789184570313,9.70890122383769,4.56659331661026
-22.88818359375,9.75355176539322,5.05291593692323
-22.6974487304688,9.89894996782596,4.77197500994892
-22.5067138671875,10.7430465952578,4.8822967090279
-22.3159790039063,10.8796483121018,3.8939479604412
-22.125244140625,10.3262877084672,3.71748664254269
-21.9345092773438,10.7262125800436,3.75858847528327
-21.7437744140625,10.9764855336282,3.86768917078779
-21.5530395507813,10.8385016047252,3.48380272137683
-21.3623046875,10.5161703831588,3.92288164475199
-21.1715698242188,11.5567507082025,3.76785294441174
-20.9808349609375,9.98387077252846,3.28074939861059
-20.7901000976563,11.4302035258156,2.503203588713
-20.599365234375,11.1290596382397,2.68123848724381
-20.4086303710938,11.4559706680844,1.86579188781342
-20.2178955078125,11.3513905875787,2.66533545702483
-20.0271606445313,10.956614092252,1.87948414556394
-19.83642578125,11.2393171524657,1.92866675577337
-19.6456909179688,11.2044529659299,1.16468277717491
-19.4549560546875,11.6759211203167,1.56048317947403
-19.2642211914063,10.8109464353563,0.841960261834305
-19.073486328125,10.5235115687444,1.17427458399658
-18.8827514648438,11.3991605173426,0.255665079121475
-18.6920166015625,11.1674546095359,0.285184234787908
-18.5012817382813,10.753538846014,0.155144160687899
-18.310546875,10.9623291629225,0.415256515883282
-18.1198120117188,10.5000490346061,0.00662954579576042
-17.9290771484375,10.6122818508599,-0.59894471668804
-17.7383422851563,10.4029738788264,-0.128489874233796
-17.547607421875,10.2660256597771,-0.714225315156091
-17.3568725585938,10.0890288576263,-0.803874577565874
-17.1661376953125,10.2854022470553,-1.14146466852806
-16.9754028320313,9.90185586132993,-1.20733482130101
-16.78466796875,9.475558396121,-1.49277448737181
-16.5939331054688,10.0273975676434,-0.938473377328824
-16.4031982421875,9.35541224226909,-1.60336248852273
-16.2124633789063,9.54657433196132,-1.20794835144158
-16.021728515625,8.89340100627154,-2.03967457967495
-15.8309936523438,8.76178944705512,-2.23501130213708
-15.6402587890625,8.90790468921211,-1.76230545173222
-15.4495239257813,8.56159426428039,-2.56894676352893
-15.2587890625,7.82604930830434,-1.84605976900554
-15.0680541992188,8.44897478883183,-2.36609152357424
-14.8773193359375,8.46383335829589,-2.25094856830937
-14.6865844726563,7.67045493258819,-1.82473702353079
-14.495849609375,7.94790570349905,-2.18244898168815
-14.3051147460938,8.13589006593015,-2.13871818461817
-14.1143798828125,6.95110991096988,-2.5005299181752
-13.9236450195313,7.37415346770286,-1.8195480259665
-13.73291015625,7.69373893376709,-1.96443176220158
-13.5421752929688,6.93552544326927,-2.19376349772322
-13.3514404296875,7.55952663059115,-2.06223566013984
-13.1607055664063,6.71316259291526,-1.92569804435694
-12.969970703125,6.87672488296797,-2.76144408440071
-12.7792358398438,7.15459532602895,-1.8558580914901
-12.5885009765625,6.89786353133491,-2.18961896858362
-12.3977661132813,6.46515812227444,-2.20436136294891
-12.20703125,6.34230559439738,-2.16100763347776
-12.0162963867188,5.96407506920238,-1.97157860463888
-11.8255615234375,6.88220928687953,-2.18443155727973
-11.6348266601563,6.03171513572069,-1.79457115568872
-11.444091796875,5.71254677596662,-0.870334471307869
-11.2533569335938,5.85065345956379,-1.59524134009098
-11.0626220703125,5.15482833207122,-1.42037482311452
-10.8718872070313,5.24692874620524,-0.97848284753362
-10.68115234375,5.485300698981,-1.33678502550316
-10.4904174804688,6.10592551529355,-1.40571232636467
-10.2996826171875,5.0181432573753,-0.911920856903619
-10.1089477539063,5.70341207171461,-1.08416419163685
-9.918212890625,5.27227304638955,0.0563436577096676
-9.72747802734375,5.52428220418091,-0.725906256066699
-9.5367431640625,4.99994589689069,-0.884769356819523
-9.34600830078125,5.24578773812758,-0.31985529220121
-9.1552734375,5.14874433839058,0.097690925803127
-8.96453857421875,5.38456527538799,-0.256693255023529
-8.7738037109375,6.04124413599798,0.361260891962274
-8.58306884765625,5.67304243388221,0.637567673044479
-8.392333984375,5.73532654700126,-0.348491169524367
-8.20159912109375,5.22322552252861,0.33657472766285
-8.0108642578125,5.32159920192239,0.191970405736806
-7.82012939453125,5.85047382164654,0.703956237582712
-7.62939453125,5.62205117018907,1.16343082990272
-7.43865966796875,5.69092387712625,0.649511060762192
-7.2479248046875,5.54375158334877,0.698367675441811
-7.05718994140625,5.92222734041667,0.968658081597033
-6.866455078125,6.19836854836742,0.594849021152527
-6.67572021484375,6.50213742241406,2.00534796262642
-6.4849853515625,6.20097598077146,1.66734412312137
-6.29425048828125,6.39950142022951,0.833187552478081
-6.103515625,6.32927181983823,0.834588705210992
-5.91278076171875,6.77179120005725,1.19328696769598
-5.7220458984375,7.38109047458871,1.14995577863275
-5.53131103515625,6.93727414834903,0.920495166828987
-5.340576171875,7.1364065822772,1.54837023133359
-5.14984130859375,7.25438426943947,0.592153917403574
-4.9591064453125,7.73173728239454,1.43852873808143
-4.76837158203125,7.98691605448083,1.94540880862676
-4.57763671875,7.97736534339756,1.52474755147644
-4.38690185546875,7.81774378090176,1.23281530510218
-4.1961669921875,8.15142655166482,0.880492528289335
-4.00543212890625,8.14058497268063,1.35492174492798
-3.814697265625,8.2415266944955,0.857037611605714
-3.62396240234375,8.50063094614303,0.964158207148642
-3.4332275390625,8.62110728491134,0.980592306395213
-3.24249267578125,8.86710350715514,0.671990496131404
-3.0517578125,8.86446017943966,1.14998826213962
-2.86102294921875,8.7685934640144,0.704340802717924
-2.6702880859375,9.4145221976542,0.312423149867555
-2.47955322265625,9.58508975939553,0.633472103623984
-2.288818359375,9.35203570261119,0.490380420101648
-2.09808349609375,9.67453899099018,0.0606646474811711
-1.9073486328125,9.44772038128318,0.179783938090873
-1.71661376953125,9.68234937546769,-0.210242274571186
-1.52587890625,9.77521953230676,-0.579572348015705
-1.33514404296875,10.0654419832814,-0.429620343606846
-1.1444091796875,9.83116656691122,-1.73464336862507
-0.95367431640625,9.61891540673616,-0.366568293830546
-0.762939453125,10.1349278446558,-1.03651414378662
-0.57220458984375,10.9412577553999,-1.7225793531872
-0.3814697265625,10.0973989031054,-1.83717084502068
-0.19073486328125,10.5275604394161,-2.36851332342834
0,10.1851278988565,-1.88096617489091
0.19073486328125,9.65601406319265,-1.22900039370933
0.3814697265625,10.9859560590467,-2.11519383919203
0.57220458984375,10.3979581084205,-3.1296459187148
0.762939453125,10.3983616894497,-2.92491702915504
0.95367431640625,9.82599264974314,-3.9479111299367
1.1444091796875,10.1031971927364,-2.61451144989312
1.33514404296875,10.3689989105643,-3.09354054608748
1.52587890625,10.4575007126465,-2.76918805574614
1.71661376953125,10.3536710147263,-4.11058844945749
1.9073486328125,10.0626199135831,-4.83602055058657
2.09808349609375,9.35600609885896,-3.95124406350778
2.288818359375,8.96344232042689,-3.96711464847883
2.47955322265625,10.3094883234789,-3.82262972922506
2.6702880859375,9.44027145979131,-4.98965083175021
2.86102294921875,9.18991554621463,-4.83717303445335
3.0517578125,9.52978491302661,-4.60530662624066
3.24249267578125,9.09108592661299,-5.11833315542631
3.4332275390625,9.86077050798064,-5.6145266225659
3.62396240234375,8.75954935062261,-5.70698084382346
3.814697265625,9.40859465402547,-5.82067697892242
4.00543212890625,8.7623640780967,-5.6966826052373
4.1961669921875,7.83122387590859,-5.71860896952511
4.38690185546875,8.21255044437544,-6.28459546347971
4.57763671875,8.35728888119037,-5.74028942938471
4.76837158203125,7.49054911417062,-5.75047753477789
4.9591064453125,7.99921835019336,-6.42941393831557
5.14984130859375,7.84568265693097,-6.28574751647986
5.340576171875,7.35027500967899,-6.41030673942367
5.53131103515625,7.35877508491244,-6.13347641528254
5.7220458984375,7.29634976578142,-6.34339012873189
5.91278076171875,6.97311512130421,-5.69401315324361
6.103515625,6.42891464624519,-5.92022450921869
6.29425048828125,6.86114159943441,-6.37295470362142
6.4849853515625,6.8682241511561,-6.34914478928702
6.67572021484375,6.20310394453694,-7.1938129017737
6.866455078125,6.24641669006481,-6.83329373362767
7.05718994140625,6.10739001374249,-6.11397099902129
7.2479248046875,6.38310455326635,-7.46523022728204
7.43865966796875,5.36887833640426,-6.29336310206813
7.62939453125,5.4822631291298,-6.45038119907866
7.82012939453125,5.12461577291222,-6.4544787345043
8.0108642578125,5.21565871291405,-6.92427298311562
8.20159912109375,5.29709767010524,-6.86764377412935
8.392333984375,4.90514669231589,-6.76145112619589
8.58306884765625,4.56668805281578,-6.72202271092727
8.7738037109375,4.79137068262037,-7.10494537178566
8.96453857421875,4.41528553340182,-6.67213369842682
9.1552734375,4.53867684816119,-6.49185638376465
9.34600830078125,4.40714957689216,-6.75134844560722
9.5367431640625,4.16816937720046,-6.17758960627303
9.72747802734375,3.77052166858354,-6.75746730900115
9.918212890625,3.96906531070167,-6.36417265002292
10.1089477539063,3.83692250601282,-6.04926671215631
10.2996826171875,3.72333289855887,-5.83315306370252
10.4904174804688,3.96010641573362,-6.52789676954157
10.68115234375,3.3778990304949,-5.64415459051498
10.8718872070313,4.08434210517192,-6.19866117322787
11.0626220703125,3.24708877942975,-6.29613286654464
11.2533569335938,2.49790380186342,-6.11355142374674
11.444091796875,2.61634229760189,-5.624208718671
11.6348266601563,2.97894327101546,-5.78297045708766
11.8255615234375,2.20981510277584,-5.76188317235077
12.0162963867188,2.78726428493816,-5.99007010783173
12.20703125,2.75152375685572,-5.37873688954199
12.3977661132813,2.19871990961372,-5.79332293724085
12.5885009765625,1.91840091759622,-5.37050500502488
12.7792358398438,2.65052448006648,-5.65015608805131
12.969970703125,1.87635405438134,-5.06201518386508
13.1607055664063,2.0652446759639,-4.891726560576
13.3514404296875,1.52162347596915,-5.6328572804152
13.5421752929688,2.7084340414377,-5.49569461811862
13.73291015625,2.51299746509134,-4.97117563005793
13.9236450195313,1.81958884181415,-5.11062984840258
14.1143798828125,1.82455132370407,-4.89127829639262
14.3051147460938,2.67768709890155,-4.30544114286435
14.495849609375,1.80151578512517,-4.43205235631488
14.6865844726563,1.67056256727412,-5.1855429939128
14.8773193359375,1.8663266867592,-4.36698805047836
15.0680541992188,2.27903929982859,-4.6010965242067
15.2587890625,1.60026138903686,-5.35852298276751
15.4495239257813,1.61303483955226,-4.72867634712449
15.6402587890625,1.60631744615082,-4.28308899735972
15.8309936523438,1.92483900833555,-4.3405452270174
16.021728515625,1.94487187513966,-4.02644919335558
16.2124633789063,1.71131172573946,-4.88585118978223
16.4031982421875,1.94078800351487,-3.92089267005265
16.5939331054688,1.6921927848942,-3.87019923144109
16.78466796875,1.47784518992485,-3.96702610219029
16.9754028320313,1.67958050055934,-3.50523949741717
17.1661376953125,1.80721401218037,-3.2792717731021
17.3568725585938,2.33097630474916,-4.34593051833288
17.547607421875,1.12776971946933,-3.30781346066731
17.7383422851563,1.35319848712394,-3.4357249819642
17.9290771484375,2.2361197028715,-3.54387514139635
18.1198120117188,2.67182553567501,-3.08560485218639
18.310546875,1.11467834951866,-3.37314850028101
18.5012817382813,1.80442971310227,-2.2847960958574
18.6920166015625,1.51173086332248,-2.99779634475995
18.8827514648438,1.36546768433911,-2.84264903671215
19.073486328125,1.39108976388929,-2.91234064159326
19.2642211914063,1.52337237495756,-2.83216312091706
19.4549560546875,1.31614033871701,-2.6153163710378
19.6456909179688,1.31219010580812,-2.78168155240089
19.83642578125,1.57164216264019,-3.22625545213417
20.0271606445313,1.57442932086267,-3.21003706352501
20.2178955078125,1.42323104259615,-2.66672252829963
20.4086303710938,1.57434437373965,-2.45323658051661
20.599365234375,0.729838823391945,-2.85551137426496
20.7901000976563,1.27892144200449,-2.55786432563127
20.9808349609375,0.772049844453647,-2.37403701646446
21.1715698242188,1.18204428560859,-2.9347559920949
21.3623046875,1.46373056211186,-2.3694823022995
21.5530395507813,1.18560339745851,-2.32556945284215
21.7437744140625,1.12810338607237,-2.43176277917217
21.9345092773438,1.20294494772215,-2.33119251385665
22.125244140625,0.967281521234804,-1.87274089374219
22.3159790039063,1.43221715141604,-2.52095325776881
22.5067138671875,1.03516751538339,-1.80772238101477
22.6974487304688,1.65947822555742,-1.94403019533277
22.88818359375,1.0769343053451,-2.85216617830257
23.0789184570313,1.74112632764322,-1.93098057003427
23.2696533203125,1.61274704941908,-1.18504068849289
23.4603881835938,1.62674729053536,-1.89462993831478
23.651123046875,1.79848575349398,-1.48116613874315
23.8418579101563,1.46644615913431,-1.93269443302645
24.0325927734375,1.72499691456001,-1.39314409072385
24.2233276367188,2.14605267735956,-1.57948756885941
24.4140625,0.768949427211857,-1.40825407186554
24.6047973632813,2.15480667123563,-1.48753494439808
24.7955322265625,1.97677566765877,-1.26343796848405
24.9862670898438,1.61540955931992,-1.17974011381343
25.177001953125,1.96036444813981,-1.10398568486266
25.3677368164063,1.17994984301621,-0.606466100993548
25.5584716796875,2.14785144573248,-0.732153089147137
25.7492065429688,2.14798137344042,-1.75447741867291
25.93994140625,1.83064208154172,-1.15593140817345
26.1306762695313,2.09849194399101,-1.07395857868828
26.3214111328125,1.4548973434038,-0.730684149877783
26.5121459960938,2.56258768192155,-1.17929495011472
26.702880859375,2.2928435956141,-1.1292989204889
26.8936157226563,1.74617626981321,-0.642677509390555
27.0843505859375,1.98812126053567,-0.411328294415526
27.2750854492188,2.67603246123663,-0.451827494719592
27.4658203125,2.60518032617782,-0.561932389135428
27.6565551757813,2.46050807700003,-1.06296037405373
27.8472900390625,2.30793335518753,-0.917982243545298
28.0380249023438,2.31702463012815,-0.339899559929973
28.228759765625,2.69011675840446,-0.801707715241317
28.4194946289063,2.85626960086149,0.0151537093086654
28.6102294921875,2.63424551354506,-0.285951779418533
28.8009643554688,2.2239650957692,-0.116434706667678
28.99169921875,2.86714807864535,-0.458752857210066
29.1824340820313,3.72690730822909,-0.152716326060214
29.3731689453125,2.81156360437859,-1.08953172152504
29.5639038085938,2.74680883079703,-0.244656342845215
29.754638671875,3.03387835778552,-0.579988040930838
29.9453735351563,3.62919811748856,0.104993668098387
30.1361083984375,3.97464175174638,-0.557940827117873
30.3268432617188,3.79577717270252,-0.564450580362364
30.517578125,3.23866018548663,-0.603545306157714
30.7083129882813,4.29397783661222,-0.279383095868301
30.8990478515625,3.64017934013249,-0.250272294901483
31.0897827148438,4.12035954233239,-1.4800617487307
31.280517578125,3.43926644603099,-1.14907667386457
31.4712524414063,4.53715580652403,-0.899061139674115
31.6619873046875,4.78602011923901,-1.27876124538413
31.8527221679688,4.6227824249401,-0.539501792810309
32.04345703125,5.14294238453199,-0.930456144803552
32.2341918945313,4.70813138886644,-0.890601974121325
32.4249267578125,4.68704646678306,-0.739174182904167
32.6156616210938,4.49640407771629,-0.753164802826298
32.806396484375,5.37514229019863,-0.677199331883667
32.9971313476563,4.42393811578228,-0.837475641169809
33.1878662109375,4.23760126366953,-1.53490100476945
33.3786010742188,5.41075379932642,-1.17203779443306
33.5693359375,4.40945939533965,-1.2881281259972
33.7600708007813,5.04898177645464,-1.73316780391026
33.9508056640625,5.04126918793505,-0.341716214514716
34.1415405273438,4.95143240899786,-1.25540012293139
34.332275390625,5.39083851073628,-1.49194776965904
34.5230102539063,4.57758112938626,-1.92091179331494
34.7137451171875,5.56847268354862,-2.76274753098562
34.9044799804688,5.35551110899919,-1.58372785558401
35.09521484375,5.41945996743354,-2.12218907056072
35.2859497070313,5.45341600986951,-2.51480085681951
35.4766845703125,4.94228397588825,-1.39710402791421
35.6674194335938,5.51266293348675,-2.28743873673373
35.858154296875,5.44897421099384,-2.81816882127664
36.0488891601563,5.19452628341711,-2.14653993725832
36.2396240234375,5.37306188191976,-2.82808019560938
36.4303588867188,5.15485381935566,-3.28304648155894
36.62109375,5.10780130162731,-3.14394302756615
36.8118286132813,5.33467026154217,-2.71817344536541
37.0025634765625,5.27071349945268,-2.65139481472785
37.1932983398438,5.1148067820061,-3.21461329895269
37.384033203125,4.88365476755857,-2.99518576688178
37.5747680664063,5.384484253553,-3.39191648598254
37.7655029296875,5.1571718027946,-3.38172280349261
37.9562377929688,4.82519806192287,-3.20687589508841
38.14697265625,4.63703024716759,-4.03553597265954
38.3377075195313,4.39240089754891,-4.25262837835558
38.5284423828125,4.8554699138088,-3.80939165982207
38.7191772460938,4.40038920348468,-3.80743697024518
38.909912109375,4.62579749915635,-4.30604216307209
39.1006469726563,4.58087748820923,-3.67035893477827
39.2913818359375,4.82358038302323,-3.97386006634139
39.4821166992188,4.68148184378424,-4.24500315583649
39.6728515625,4.14191839811719,-3.85018235065526
39.8635864257813,4.25656641561307,-4.56692846117978
40.0543212890625,4.77272659304706,-4.53850507947085
40.2450561523438,4.48433120825038,-4.4308277034056
40.435791015625,4.59689559529371,-4.82758557714895
40.6265258789063,4.28487611240359,-5.16187039028581
40.8172607421875,3.67935785119064,-3.6438554702508
41.0079956054688,3.39640744664773,-4.29300107235047
41.19873046875,4.01829879078571,-4.33541444185537
41.3894653320313,3.90876719869043,-4.31769294542004
41.5802001953125,3.61965040894396,-4.7781394629076
41.7709350585938,4.21466286092149,-4.05408138061699
41.961669921875,3.36538813451497,-4.5785666536736
42.1524047851563,3.44621846629409,-4.61530171326427
42.3431396484375,3.54748945676195,-5.45717697607189
42.5338745117188,3.32624434000667,-5.13687455501932
42.724609375,2.94161250642066,-4.61548440445435
42.9153442382813,3.53081882990102,-4.96459104295979
43.1060791015625,2.98631865777908,-4.45733134595378
43.2968139648438,3.2550606682819,-5.3019871201953
43.487548828125,3.43278024533131,-4.91869106341667
43.6782836914063,2.97359745671971,-5.20358616909194
43.8690185546875,2.7287217490223,-5.31495604135581
44.0597534179688,2.81784737026751,-5.07760423951131
44.25048828125,2.31541718872089,-4.68892685005415
44.4412231445313,3.10472198720726,-5.01142587267068
44.6319580078125,2.52038221058288,-4.72677901694127
44.8226928710938,2.01589875398859,-4.49216233581754
45.013427734375,2.92269274457351,-4.99826558516786
45.2041625976563,1.98077291402165,-4.75230073476441
45.3948974609375,2.44442430293321,-4.60592617719007
45.5856323242188,2.81185921112861,-5.23377453142376
45.7763671875,1.91465297242475,-4.74399465372827
45.9671020507813,2.33621461622841,-4.56409758377796
46.1578369140625,2.15476066668712,-4.67949670685916
46.3485717773438,1.08104140596508,-4.28530336304696
46.539306640625,2.01028220401525,-5.07031416688595
46.7300415039063,1.65312102618363,-4.69178904366202
46.9207763671875,1.8528546120732,-4.90974704733112
47.1115112304688,1.71759566484907,-4.19309901161656
47.30224609375,2.06006496126262,-4.32324899908643
47.4929809570313,0.990613913409253,-4.8764367593121
47.6837158203125,1.71314471731714,-4.68623449989314
47.8744506835938,1.82881423731994,-4.46498217147529
48.065185546875,1.3731375614865,-3.88937055283365
48.2559204101563,1.50710625779085,-5.7445463977844
48.4466552734375,1.03458095281939,-4.14517560237379
48.6373901367188,0.692985406378389,-4.65045668908116
48.828125,1.67241383507926,-4.07846769989664
49.0188598632813,1.85541566691991,-4.15666709660922
49.2095947265625,1.21664105902612,-3.59967721026738
49.4003295898438,1.38925050403848,-4.55704932956046
49.591064453125,1.1062295962311,-3.91843030155669
49.7817993164063,0.760450486585312,-4.28606627245073
49.9725341796875,1.09542166973836,-3.74688201006142
50.1632690429688,0.255208183764451,-3.78814895999695
50.35400390625,0.732221948999902,-3.4497167500609
50.5447387695313,1.33012802902855,-3.89568468994484
50.7354736328125,0.649969333086721,-3.8697171050256
50.9262084960938,0.65101791385793,-4.42213371559792
51.116943359375,0.622244488889732,-3.66908188291222
51.3076782226563,1.29745207784566,-3.70900475146539
51.4984130859375,1.15138342077359,-4.0230618795314
51.6891479492188,0.0301745203638494,-3.82829532591968
51.8798828125,1.44528691628601,-3.8073074353722
52.0706176757813,0.678550049084147,-4.0648509725027
52.2613525390625,1.25296055501321,-3.62019655442543
52.4520874023438,0.333664442071473,-3.71038464080216
52.642822265625,0.616183432066764,-3.76044528254693
52.8335571289063,0.781958639882368,-3.19002918846848
53.0242919921875,0.628292138928243,-3.65751895246862
53.2150268554688,0.470709873327239,-2.73735921375594
53.40576171875,1.21500615753431,-3.58788671411176
53.5964965820313,0.942333536063829,-3.14036948323747
53.7872314453125,0.837507412908267,-2.9106729040384
53.9779663085938,0.0262490218922985,-3.49594688786617
54.168701171875,1.0219573874068,-3.39550504730497
54.3594360351563,0.478745997043853,-2.949537291648
54.5501708984375,0.841162432543681,-3.36339574745562
54.7409057617188,0.047802576580299,-2.96978700811995
54.931640625,0.630584039296168,-2.85981216170834
55.1223754882813,0.298808578995706,-3.03990171362831
55.3131103515625,0.794360807544841,-3.05216176573048
55.5038452148438,0.241648623986694,-2.52519781327075
55.694580078125,0.479395380436249,-2.86242024592136
55.8853149414063,0.437753973523484,-3.02342452107677
56.0760498046875,0.492389466387114,-3.5155646302846
56.2667846679688,0.490376936305035,-2.91835580879321
56.45751953125,0.140765136820184,-2.99340825535952
56.6482543945313,0.665029167363635,-2.8166726666678
56.8389892578125,0.532056085030956,-3.18478786518597
57.0297241210938,0.642612973371746,-2.69955742360447
57.220458984375,0.064105670112939,-3.28574646646896
57.4111938476563,0.470245710584683,-2.57378332978585
57.6019287109375,-0.0197283094007803,-2.62349632100087
57.7926635742188,0.6764501922063,-2.74624911125461
57.9833984375,0.559468221842742,-2.49011155735514
58.1741333007813,0.586612792495569,-2.59416627533594
58.3648681640625,0.334598273473209,-2.07305490199712
58.5556030273438,0.432067064057676,-3.25126508693388
58.746337890625,0.806461842664693,-2.74087522351098
58.9370727539063,0.0139860218570912,-2.72020949253165
59.1278076171875,0.025114213750608,-2.07575794183008
59.3185424804688,-0.160375509542696,-2.42882527729035
59.50927734375,0.497856055012744,-2.56894362250621
59.7000122070313,-0.292803637373385,-2.08129490940067
59.8907470703125,0.266087416196525,-2.39077640364349
60.0814819335938,0.736048636031125,-2.97296042583709
60.272216796875,0.689821202832571,-1.91331100150479
60.4629516601563,0.619719990170652,-1.92432024628139
60.6536865234375,0.447671723309634,-2.34661836080615
60.8444213867188,0.171106125023665,-1.88279611941869
61.03515625,0.99841153918533,-1.99355365638781
61.2258911132813,0.851634800128026,-2.66592604758974
61.4166259765625,0.514326894651271,-1.77439071244763
61.6073608398438,1.19968838569995,-1.97828177264823
61.798095703125,0.505546292419042,-2.09772881863375
61.9888305664063,0.598147838823082,-2.74445040601061
62.1795654296875,0.656132961616811,-2.01614953988399
62.3703002929688,0.0535798389555746,-2.31006586240247
62.56103515625,1.33077464106957,-2.21596708256953
62.7517700195313,0.65509201059583,-1.85801019103849
62.9425048828125,0.416467361095121,-1.4802805657162
63.1332397460938,0.464782629643811,-2.54688002293649
63.323974609375,0.750973926694547,-2.2499979761207
63.5147094726563,0.718346854164893,-1.9975935574848
63.7054443359375,1.06031329912377,-1.25374794282547
63.8961791992188,0.317346266524886,-1.48869793942804
64.0869140625,0.57562487263168,-1.30308071222136
64.2776489257813,0.315482971607912,-2.23772881817878
64.4683837890625,0.695206969395547,-1.4835990047699
64.6591186523438,0.699331917254901,-1.40092256386304
64.849853515625,0.811880461234858,-1.58940459372505
65.0405883789063,0.332309369138822,-1.95198089473049
65.2313232421875,0.369912624336494,-1.29600956099828
65.4220581054688,0.639867395948739,-1.30212657904303
65.61279296875,0.967154174807846,-2.0501023905534
65.8035278320313,0.530674106907021,-2.05175301115872
65.9942626953125,0.607404056256396,-1.74749429469031
66.1849975585938,0.893464289822268,-1.14231647229587
66.375732421875,1.49225597555425,-1.20212962992182
66.5664672851563,1.16652484230141,-1.93673096624322
66.7572021484375,-0.0792238831024576,-1.72352434456356
66.9479370117188,0.829593496575972,-0.900907228892943
67.138671875,0.871309429810099,-0.730392003029601
67.3294067382813,0.421685620919491,-1.5321312785355
67.5201416015625,1.71767981042913,-1.569737787704
67.7108764648438,0.22580891556424,-1.16032390132165
67.901611328125,0.926772753977053,-1.55279225142571
68.0923461914063,0.578367925644305,-1.04652559826118
68.2830810546875,1.11225670865301,-0.972559709203693
68.4738159179688,1.62800283213274,-0.998476759261586
68.66455078125,1.04095442678453,-1.44338992666971
68.8552856445313,1.05863611727769,-1.25102731243362
69.0460205078125,0.825460019279668,-1.51922037823337
69.2367553710938,1.63596027823268,-0.805761411569154
69.427490234375,0.545371925573767,-0.801507150664467
69.6182250976563,1.25249827450183,-1.18197328753003
69.8089599609375,0.705399670675964,-0.906511029064695
69.9996948242188,1.35601717899067,-1.28422467454936
70.1904296875,1.39386021029584,-1.69394380733338
70.3811645507813,1.1724941551188,-1.55968785594227
70.5718994140625,1.57854701059763,-1.62773692863382
70.7626342773438,1.52360502331979,-0.443110502138225
70.953369140625,1.01493511961014,-1.15374700244675
71.1441040039063,1.602865881777,-1.09078357362863
71.3348388671875,1.8744504301171,-1.36853004037605
71.5255737304688,1.95006144706177,-1.27594427408243
71.71630859375,1.4895037062717,-1.20011118946429
71.9070434570313,2.30010688643877,-1.55456702208147
72.0977783203125,1.64300744252182,-0.951831438765595
72.2885131835938,2.09174587010818,-1.36584750888937
72.479248046875,1.59092253007884,-1.15619509302944
72.6699829101563,1.91867268511926,-0.892197013248211
72.8607177734375,2.23358889888376,-1.32403667910404
73.0514526367188,1.1154039103832,-1.23586859713764
73.2421875,2.13477033421541,-0.768234280991015
73.4329223632813,1.31819893928319,-1.53999425539797
73.6236572265625,1.69661372997005,-2.04659217162646
73.8143920898438,1.97452043855423,-1.09290657973495
74.005126953125,2.02540591113134,-1.34063330714966
74.1958618164063,1.57486332445581,-0.858899171706401
74.3865966796875,1.86997125455573,-1.43743895539434
74.5773315429688,2.10185378494214,-1.0561769185566
74.76806640625,2.5275336543228,-1.82320122985232
74.9588012695313,2.1421934058948,-1.75943288968208
75.1495361328125,2.12410648918938,-1.21717359754734
75.3402709960938,1.92548801613655,-1.65555943472864
75.531005859375,1.76752782463143,-2.04564125930719
75.7217407226563,2.53369020738413,-1.9064784914414
75.9124755859375,2.54573296269972,-1.98302798834768
76.1032104492188,2.143108017792,-1.44857465143056
76.2939453125,2.01199912924196,-1.84236817739628
76.4846801757813,1.61085702306883,-1.65010213084851
76.6754150390625,2.06423362644165,-1.21215510815166
76.8661499023438,1.66615682394338,-1.49882494452878
77.056884765625,2.48117564495332,-2.31774841127478
77.2476196289063,2.26346768354891,-2.31828940065177
77.4383544921875,2.21428896383348,-1.48283581372358
77.6290893554688,1.97179319847817,-2.81508206908493
77.81982421875,1.66442436268874,-2.5433430390059
78.0105590820313,2.35224228588625,-1.58971935998609
78.2012939453125,2.51968411552431,-1.86585406661088
78.3920288085938,1.98979965908523,-1.69126373601502
78.582763671875,2.34477306891935,-2.07972796408939
78.7734985351563,1.26108513177384,-2.39528549938715
78.9642333984375,2.06580608924567,-1.77788898738599
79.1549682617188,1.93734581867431,-2.43584828543154
79.345703125,2.17650595679809,-1.95048276079142
79.5364379882813,2.75027067177777,-1.96648731546579
79.7271728515625,2.23650369986523,-1.83384582280847
79.9179077148438,2.44411470817745,-2.30921175663096
80.108642578125,1.62242412393427,-1.62214365037126
80.2993774414063,2.16679285253471,-2.43874054024448
80.4901123046875,1.85906492763968,-2.16947565667291
80.6808471679688,2.03842478833183,-2.11934050702779
80.87158203125,2.63894653838255,-2.87096871618607
81.0623168945313,2.4789726172656,-2.49537860547752
81.2530517578125,1.76839054912602,-2.30824087167298
81.4437866210938,2.0123784694877,-2.313038208499
81.634521484375,2.06992393911043,-2.19441663295948
81.8252563476563,2.20472999626642,-2.15818357138996
82.0159912109375,1.65477672626633,-2.27329784002769
82.2067260742188,2.64628441473759,-2.51239551932207
82.3974609375,1.81583125853655,-2.05174224229913
82.5881958007813,2.02088001894461,-2.57654615844824
82.7789306640625,2.30204490805702,-2.56112030715529
82.9696655273438,1.68417278266197,-1.82730068312584
83.160400390625,1.87621094718875,-2.84875485350339
83.3511352539063,1.32847251907598,-2.46324329675497
83.5418701171875,1.90950546003742,-2.27065094178908
83.7326049804688,2.45786431598069,-2.09427257852303
83.92333984375,1.80239617773784,-2.60319392968013
84.1140747070313,1.37419941310096,-2.36361367151289
84.3048095703125,1.61242514860105,-3.16135515388016
84.4955444335938,2.10774736710899,-2.82268926994683
84.686279296875,1.63954472480173,-2.51413364006542
84.8770141601563,2.37738099806494,-2.84155822262419
85.0677490234375,1.51375332797204,-2.58944946432301
85.2584838867188,1.80663744160284,-2.54790001291887
85.44921875,2.02142338188053,-2.95814679188795
85.6399536132813,1.57480476972871,-2.90389081457549
85.8306884765625,1.67076126261486,-2.70711949031526
86.0214233398438,1.5764265954738,-2.71665323603262
86.212158203125,1.37530864418694,-3.59237626369385
86.4028930664063,1.67777749848024,-2.77742600331045
86.5936279296875,1.55965848917405,-2.21211427658692
86.7843627929688,1.53732686860875,-3.19382913950859
86.97509765625,1.22468370175492,-2.62853541000639
87.1658325195313,1.96617662784753,-2.92099505390917
87.3565673828125,1.75003921333782,-3.63090748127112
87.5473022460938,1.3244921895809,-2.34104287457625
87.738037109375,1.86160828387474,-2.63213675832683
87.9287719726563,1.95724512055408,-2.89049329028899
88.1195068359375,1.23270336678602,-3.00002475205509
88.3102416992188,1.86132216856764,-2.73994002575343
88.5009765625,1.96883669224467,-2.16717124263019
88.6917114257813,1.65063702356889,-2.35642027940866
88.8824462890625,1.6465754448635,-2.22216664067606
89.0731811523438,1.86202004511618,-2.96306198508749
89.263916015625,0.748226545076849,-2.97146919635009
89.4546508789063,0.949007284244618,-3.27957564631963
89.6453857421875,0.775075770679505,-3.13497037648379
89.8361206054688,0.604928021811608,-2.75962903031917
90.02685546875,1.4291288262691,-2.87870196813216
90.2175903320313,1.16215004383752,-2.89810824621948
90.4083251953125,1.02722841754714,-3.05541946886902
90.5990600585938,1.34986003954287,-2.46141323133814
90.789794921875,1.41972152755328,-3.04752526565165
90.9805297851563,1.40731833890574,-3.28934810867239
91.1712646484375,1.14097632289359,-2.77873336817053
91.3619995117188,0.924557330673851,-2.53726432867349
91.552734375,0.183001062814384,-2.29024120543335
91.7434692382813,1.02160400828115,-3.59172965459943
91.9342041015625,0.98653177493781,-3.32240771073227
92.1249389648438,0.192368140852322,-2.99804487676747
92.315673828125,1.98730527628899,-2.89430884853543
92.5064086914063,0.397979021053884,-2.20037030826376
92.6971435546875,0.942227032133696,-2.50632580611133
92.8878784179688,1.1827111254846,-2.97178419800621
93.07861328125,0.712863660380287,-3.38277559007556
93.2693481445313,0.529554789960726,-2.85965365375738
93.4600830078125,1.03167056971003,-2.49322618674459
93.6508178710938,0.641349249403032,-3.29143615785312
93.841552734375,0.500672252489709,-2.97333569701568
94.0322875976563,0.523223160553936,-2.82838743810169
94.2230224609375,0.41307765753117,-3.08310785336104
94.4137573242188,0.680015107118765,-2.87952762536608
94.6044921875,0.912891879402278,-2.8263680905878
94.7952270507813,0.683999701611996,-3.23207914283885
94.9859619140625,0.14550060728322,-2.61852539967484
95.1766967773438,0.834449693589658,-2.61834617844667
95.367431640625,0.819534053690902,-3.4809823333974
95.5581665039063,1.08751511885903,-2.19580681225966
95.7489013671875,0.668765706095248,-2.39013051653346
95.9396362304688,0.43384773865616,-2.49758240565061
96.13037109375,0.369675758947629,-2.85247739415369
96.3211059570313,0.743619025350284,-2.30342188219997
96.5118408203125,0.0468942301489099,-2.67751080957328
96.7025756835938,0.426154030828327,-3.17372776493266
96.893310546875,-0.0380128347457004,-2.23257650598294
97.0840454101563,0.79462502732545,-2.61101709046442
97.2747802734375,0.408183970071407,-2.8024202478467
97.4655151367188,0.418079589586732,-2.11828615265336
97.65625,0.848801534162438,-2.6600595501945
97.8469848632813,0.623442534325539,-2.60578275578385
98.0377197265625,0.833422435268211,-2.05271473679257
98.2284545898438,0.322876586819911,-2.70183950889075
98.419189453125,0.98769322307697,-2.38320747597568
98.6099243164063,0.423512476662749,-1.89821415499056
98.8006591796875,0.144414296593068,-2.16493264871828
98.9913940429688,0.332639921379223,-2.56051928824985
99.18212890625,0.35520230830408,-1.9308674344955
99.3728637695313,1.35233229192204,-2.13552797356244
99.5635986328125,0.430287966526375,-2.11010538236675
99.7543334960938,1.26136485464075,-2.27814118927693
99.945068359375,-0.377550439375084,-2.4834338934502
100.135803222656,-0.165417500495609,-2.6489159044555
100.326538085938,0.123580748860526,-2.58270470284297
100.517272949219,0.85997215774414,-2.36167840920222
100.7080078125,0.415581829843335,-2.49591891527318
100.898742675781,-0.0308286950022063,-2.61183767135637
101.089477539063,0.416076926652249,-2.35611247131537
101.280212402344,0.530770656007113,-2.24835979029149
101.470947265625,0.915365116348185,-2.30333200603273
101.661682128906,0.195030366510798,-2.42974218115055
101.852416992188,0.182545876851656,-1.78390652695283
102.043151855469,0.191776734694292,-2.46383619975475
102.23388671875,-0.0116810642701092,-2.48951554934446
102.424621582031,0.0440604888209044,-2.00476078468677
102.615356445313,0.787721246668875,-1.84001308258886
102.806091308594,0.457008355802845,-1.89428726850194
102.996826171875,0.0366287545556665,-2.29516339284602
103.187561035156,0.398573601111455,-1.97568799669675
103.378295898438,0.412733169799012,-2.10569532952899
103.569030761719,0.172033420736609,-2.26695332378406
103.759765625,-0.0307860990730499,-2.94804840214738
103.950500488281,0.196392462806417,-1.90050505513283
104.141235351563,0.296512178519579,-2.05928986919344
104.331970214844,0.743652286962596,-2.00668090608625
104.522705078125,0.492961555977855,-2.10568841965889
104.713439941406,0.553012768741424,-1.7998177657471
104.904174804688,0.119583727730001,-2.4367914214525
105.094909667969,-0.104371846144389,-1.95391860802838
105.28564453125,0.633026430596798,-1.77639871072773
105.476379394531,0.0381230172662128,-1.73575657504383
105.667114257813,-0.298911376056737,-2.30073723795254
105.857849121094,0.720479233404875,-1.86149391817876
106.048583984375,-0.358183126725969,-1.45012105778541
106.239318847656,-0.00743167733604,-1.45333195764642
106.430053710938,0.035165117203761,-1.61146846984474
106.620788574219,0.0340450405606175,-2.19366345949662
106.8115234375,0.810121474967591,-2.15618109381353
107.002258300781,0.206201831514695,-2.04129808374013
107.192993164063,0.609082176318809,-2.56678297541374
107.383728027344,0.0166999019613168,-2.39946435586787
107.574462890625,0.163241986001331,-2.25927945343281
107.765197753906,0.482615276866494,-1.89184862485451
107.955932617188,-0.143464765543328,-1.65552273193201
108.146667480469,0.42325242796681,-1.63951929215758
108.33740234375,0.137465952058713,-2.43481589573946
108.528137207031,0.0281943289797592,-1.76812433851024
108.718872070313,0.26137361726493,-1.45140386966935
108.909606933594,0.658772392684405,-1.41045504904985
109.100341796875,-0.036004766769165,-2.58132187459964
109.291076660156,0.294752846747443,-1.37195480094442
109.481811523438,0.174340813423493,-1.34405238426957
109.672546386719,0.137522093041654,-1.92554637079205
109.86328125,0.615309580792153,-1.51538705605358
110.054016113281,0.0309983086853945,-1.67441719517901
110.244750976563,-0.0871103160711657,-1.10973438919752
110.435485839844,0.390849329627004,-1.35866668657771
110.626220703125,-0.118415972747169,-1.23476498430361
110.816955566406,0.632661487047096,-2.0318533499873
111.007690429688,0.248836997118815,-2.19292717631355
111.198425292969,0.114682443440816,-2.2318348181922
111.38916015625,0.120704400220159,-1.18722999128636
111.579895019531,0.411021430094025,-2.00566047165186
111.770629882813,-0.178286935370861,-1.5268907439795
111.961364746094,0.694284575803448,-1.98576011373119
112.152099609375,0.0536614457168834,-1.22606900233159
112.342834472656,0.311357616826407,-2.16026782943244
112.533569335938,-0.0607520870805012,-1.9616086303745
112.724304199219,0.213644901490219,-0.999135739560107
112.9150390625,0.744236961627329,-2.04470803645175
113.105773925781,0.488055688807279,-1.94469699392829
113.296508789063,0.696086795771989,-2.24538182228978
113.487243652344,0.345235602545743,-2.03330218524106
113.677978515625,0.670830021858268,-1.26116074397185
113.868713378906,0.746668280278668,-2.25501405830029
114.059448242188,0.311401060657942,-1.62219401773356
114.250183105469,0.101442182777037,-1.8064851616631
114.44091796875,1.01283432395464,-1.44335875399614
114.631652832031,0.420433579487142,-1.95155053431887
114.822387695313,0.625356660146972,-1.6571858249231
115.013122558594,0.439848110415133,-2.12760404152798
115.203857421875,1.11507310024393,-1.67484016092643
115.394592285156,-0.429003431309909,-1.64420605679646
115.585327148438,0.824315412764924,-1.6932166611409
115.776062011719,0.0578422755593794,-1.95250137535063
115.966796875,-0.542916984981722,-1.18719092492996
116.157531738281,0.37209051767516,-1.0709218592857
116.348266601563,0.307140339341278,-1.8428781559362
116.539001464844,-0.171300810769298,-1.21435647720368
116.729736328125,0.171840994675691,-1.96219982481722
116.920471191406,0.139970248075618,-1.49409226141907
117.111206054688,0.325300863228016,-1.72398114498305
117.301940917969,0.345173258576651,-1.51466498849545
117.49267578125,0.569431119750795,-1.11211847753682
117.683410644531,0.527086138545753,-1.30108934982174
117.874145507813,-0.121153405158925,-1.63394116310463
118.064880371094,-0.184549090625903,-1.26561500351094
118.255615234375,0.328591242687729,-1.5048095696579
118.446350097656,0.885732186020075,-1.81240857099906
118.637084960938,-0.219223321677597,-1.09035696518961
118.827819824219,0.632459183764061,-1.85950404977685
119.0185546875,0.568891595072429,-1.21915167541842
119.209289550781,0.245155705448181,-1.38630648867485
119.400024414063,0.29936918638987,-1.94677349980549
119.590759277344,0.621991807953366,-0.817841541008024
119.781494140625,0.531225084293419,-2.02638181355285
119.972229003906,0.75611233359707,-1.72382289417058
120.162963867188,0.60170420705972,-1.88497521468271
120.353698730469,0.823691882773872,-2.02191383942213
120.54443359375,0.957813213204267,-1.59807152820059
120.735168457031,0.595031729939996,-1.63464770852991
120.925903320313,0.261071303400457,-1.04050992376437
121.116638183594,0.135261347678398,-1.78278864794315
121.307373046875,0.659964639782543,-1.6906771448541
121.498107910156,0.658960908132001,-1.30249345261235
121.688842773438,0.455892415531282,-1.70450478932201
121.879577636719,0.342444221704735,-0.428362333348178
122.0703125,0.146044767716375,-2.14046341067484
122.261047363281,0.455982060096761,-1.13872880463543
122.451782226563,0.206282340102334,-1.89773367245402
122.642517089844,0.381756997618431,-1.35927641271206
122.833251953125,1.18904688112189,-1.62182769704964
123.023986816406,0.405960424619385,-1.33564662941642
123.214721679688,0.382961682915061,-1.72725056670069
123.405456542969,0.219008753193337,-1.78339350179676
123.59619140625,0.616010590115495,-0.97920969808402
123.786926269531,0.636919680404222,-1.17160006523784
123.977661132813,-0.164827650341734,-1.25734476134771
124.168395996094,0.458415404265581,-1.32708332208701
124.359130859375,0.078760403686889,-1.51899714556919
124.549865722656,-0.305932609959211,-1.12562444179944
124.740600585938,0.993471314766173,-2.17214900657485
124.931335449219,0.234039066391874,-1.49162090770765
125.1220703125,0.309093518988969,-1.46428057736009
125.312805175781,0.233444547438304,-1.33571749854957
125.503540039063,0.96006324121596,-2.05206722915215
125.694274902344,0.0702317044705462,-1.37131713456028
125.885009765625,0.219103971610978,-1.15960211321935
126.075744628906,0.573651552994391,-2.00965390544726
126.266479492188,-0.0101025746958548,-2.26847377776579
126.457214355469,0.589996353752103,-1.0246433160582
126.64794921875,0.755709159729184,-0.810645785520339
126.838684082031,0.104022266875848,-1.6737901036516
127.029418945313,0.0729696666104061,-1.50020356400604
127.220153808594,-0.0174900527924444,-1.11609802964255
127.410888671875,0.51237801596089,-1.14883086926107
127.601623535156,0.512838575613092,-1.52629138910082
127.792358398438,-0.156343869612352,-1.82545033734699
127.983093261719,0.605291535747393,-1.31767536679355
128.173828125,-0.146931857380662,-1.00995414851735
128.364562988281,0.805825005537665,-1.51688182859306
128.555297851563,0.505862687140619,-1.60929139115789
128.746032714844,0.700637475309773,-2.06533755743223
128.936767578125,0.508473155192163,-1.25616758913872
129.127502441406,0.697814353754075,-1.44482486084633
129.318237304688,-0.435561462704464,-1.62981397661649
129.508972167969,0.229251316266926,-1.77536983223177
129.69970703125,-0.163530266597795,-0.960811943927963
129.890441894531,-0.0448456742501146,-1.87096973617275
130.081176757813,-0.191153075798588,-1.65566741520522
130.271911621094,0.462076736584682,-1.92875877410847
130.462646484375,0.240330064104334,-1.72821354850115
130.653381347656,0.484684134496738,-1.04236813903115
130.844116210938,0.338008266106614,-1.1084413554637
131.034851074219,0.466636474856657,-1.5116440459785
131.2255859375,0.00101673383970255,-1.12229995084148
131.416320800781,0.776637091817835,-1.92847590689753
131.607055664063,-0.0322307454369274,-1.1128334093092
131.797790527344,0.659661395534152,-1.63708347356837
131.988525390625,-0.323635525093901,-1.3705361773769
132.179260253906,0.481241575117769,-1.95594766683471
132.369995117188,0.362640612419742,-1.1480840443533
132.560729980469,1.51610010509186,-1.77855529289065
132.75146484375,0.232714117969895,-1.34751916976115
132.942199707031,0.652474103423343,-1.49676867128264
133.132934570313,0.675879666235545,-1.76777703074392
133.323669433594,0.683841691884491,-1.46584109287413
133.514404296875,0.239588012952569,-1.6379887639275
133.705139160156,0.130880439628526,-1.04323452156326
133.895874023438,0.017937991242755,-1.50237653605133
134.086608886719,0.012052029641193,-1.76554357975167
134.27734375,0.710377182336124,-1.54447075571558
134.468078613281,1.17720074355394,-1.05623268130863
134.658813476563,0.514006146978489,-1.40175082257328
134.849548339844,0.511334943798666,-1.61397742322232
135.040283203125,0.104375775241485,-1.13690522103509
135.231018066406,0.48441459497874,-1.83442984873009
135.421752929688,0.307788562515868,-1.02926203805667
135.612487792969,0.988773936084327,-1.28980329198758
135.80322265625,0.167900654170054,-1.19695579500379
135.993957519531,0.232328282011703,-1.01996329032444
136.184692382813,0.438060743235056,-1.38011035445947
136.375427246094,0.279118228842405,-1.49287305937658
136.566162109375,0.464148926818565,-1.23308591612493
136.756896972656,0.160007415063678,-0.814949334579907
136.947631835938,0.459380908679731,-1.73720658430509
137.138366699219,0.407306297368588,-0.84135309397945
137.3291015625,-0.15458723295087,-0.903061672265988
137.519836425781,0.501464902232671,-1.63571787949164
137.710571289063,-0.0107648003160039,-1.26433907562555
137.901306152344,0.817024814928434,-1.25717192691251
138.092041015625,-0.171293614153355,-1.32244818345255
138.282775878906,0.796948910298305,-1.27682451022705
138.473510742188,-0.173457945545226,-1.51537094712743
138.664245605469,0.355571833151276,-1.09298501529441
138.85498046875,0.229267202576337,-1.3008827341372
139.045715332031,0.430975134170855,-2.21769267828944
139.236450195313,0.235095209915995,-1.31105986086669
139.427185058594,-0.312439412216037,-1.36603927536757
139.617919921875,-0.0252912161151228,-1.3984121193643
139.808654785156,-0.0252636819433973,-2.0641466131169
139.999389648438,0.890358931058484,-1.39225424817524
140.190124511719,0.445565859661331,-1.28965669673579
140.380859375,0.316754989329002,-1.52096451907679
140.571594238281,0.906691757371355,-0.918968788729961
140.762329101563,0.270420126286953,-1.50844875321457
140.953063964844,-0.0852521400612835,-2.06614648134213
141.143798828125,0.358506059662656,-1.2566493758475
141.334533691406,0.567951320812539,-1.06876155227402
141.525268554688,-0.326854867646246,-1.4668364799878
141.716003417969,0.729668149932817,-1.70996557605283
141.90673828125,0.256253568484514,-1.23288657978461
142.097473144531,-0.0693591401038471,-1.53130166889784
142.288208007813,0.675046247806261,-1.24381814210227
142.478942871094,0.195092133685396,-1.26082731239967
142.669677734375,0.124036510447649,-0.997889705314295
142.860412597656,-0.0184304138594983,-0.841804556365142
143.051147460938,0.187574371136511,-1.23425487257703
143.241882324219,-0.0617904203705381,-1.08188743925747
143.4326171875,-0.167005656743914,-1.29878677815276
143.623352050781,0.84215271043323,-1.20559065187136
143.814086914063,0.605357350202589,-0.934006195204457
144.004821777344,0.379585350215645,-1.05404387938676
144.195556640625,0.0639554164215086,-0.782305306695001
144.386291503906,0.0920768563749153,-1.27669303626704
144.577026367188,0.0666234629588161,-1.3588075515403
144.767761230469,0.131387962600447,-1.14615805241985
144.95849609375,0.818689995939477,-1.60823967210776
145.149230957031,0.430482895159999,-1.44282928499757
145.339965820313,0.212269183160784,-0.972237994260444
145.530700683594,0.447334825335166,-1.62463424234106
145.721435546875,0.148958856136404,-1.5622170159217
145.912170410156,0.628435669900421,-0.374972412872637
146.102905273438,0.437058217765028,-1.75949481342209
146.293640136719,-0.213390247420081,-1.25141811974485
146.484375,0.495704675110641,-1.15512830632185
146.675109863281,-0.197344834484862,-0.823902116794753
146.865844726563,0.454340560736977,-1.82289309380417
147.056579589844,0.197574569667578,-1.47005413787439
147.247314453125,0.174939480560324,-1.34825353104089
147.438049316406,0.31020345464087,-0.585004815463209
147.628784179688,-0.14249288459692,-1.31374544914171
147.819519042969,0.525528372486995,-1.67304795460903
148.01025390625,0.294176163084697,-0.745060264775856
148.200988769531,-0.0728213034473031,-0.723453499737617
148.391723632813,-0.036151574747649,-0.638505574495878
148.582458496094,-0.196713945782721,-1.45830516232964
148.773193359375,0.536227689266341,-1.04737853078339
148.963928222656,0.0432640676592636,-1.34087212565198
149.154663085938,0.633882346159015,-1.34019528318423
149.345397949219,0.225122662253592,-1.07732064164589
149.5361328125,0.531853624867282,-0.761958901115598
149.726867675781,-0.151017258476914,-1.23496765536464
149.917602539063,0.568786041048119,-1.28173854410478
