Fre(kHz),Re,Im
-149.917602539063,1.23136948684562,-0.137699456184811,ZeroPoint:Tj,63,1.3
-149.726867675781,0.24714562288604,-0.509720820676405,Const.;stime,-19.44645448,6.4E-07
-149.5361328125,0.394325192111696,0.715471808252757,Fre.Range:Tau,-150:150,1.5E-05
-149.345397949219,0.0209476562378658,0.930977979824675,FFTSize:DataSize:Firstpul,8192:8192,4.5E-07
-149.154663085938,1.07664417743112,0.19140592453784,40kspinF6666,Freq.=141410000
-148.963928222656,0.888381818731442,1.37407145934479
-148.773193359375,-0.785492368016531,1.58863062570964
-148.582458496094,0.00726391277979309,0.640180726483582
-148.391723632813,-0.311827880725283,0.524371311559531
-148.200988769531,0.45521884001837,0.985937042748631
-148.01025390625,0.164050948953765,1.39218188600432
-147.819519042969,-0.150251265727702,0.530336500548817
-147.628784179688,0.510202465824868,1.97263564538694
-147.438049316406,0.057975599645788,1.3646370269936
-147.247314453125,-0.659397015184071,1.29907560466994
-147.056579589844,0.212094840495425,0.83722082605611
-146.865844726563,0.994655504656731,0.79339277434866
-146.675109863281,0.793260116828436,2.00166005888358
-146.484375,1.16857404425279,0.560400190364327
-146.293640136719,0.725531691967954,1.23162212379285
-146.102905273438,-0.739615409617563,1.44716160795945
-145.912170410156,-0.0692854343093022,0.225818488560463
-145.721435546875,-0.193261987203159,1.82638253678696
-145.530700683594,-0.0199574548202055,0.751660890288652
-145.339965820313,0.528130563538566,0.510747415385382
-145.149230957031,1.49700831692896,0.809036349434157
-144.95849609375,0.731784361221817,1.52057029448097
-144.767761230469,0.871921993116253,2.06561621430263
-144.577026367188,-0.327334368762734,1.11428250810285
-144.386291503906,0.668258392663302,0.525081947635845
-144.195556640625,0.190521646157926,0.705533649478059
-144.004821777344,0.244651672514018,0.661559992635802
-143.814086914063,0.493186779916041,-0.203383008456616
-143.623352050781,0.515050518560072,0.699141635184876
-143.4326171875,0.983063595525129,0.96476053613394
-143.241882324219,0.393547777188568,0.875131862794076
-143.051147460938,1.08779659461502,1.85164389311357
-142.860412597656,-0.0856556172689691,0.679530948458837
-142.669677734375,-0.129775410387137,0.136458512123839
-142.478942871094,0.665747463971805,0.923453031268989
-142.288208007813,0.226295396284869,0.995195037037357
-142.097473144531,-0.253457857113611,0.88916753493783
-141.90673828125,0.339653047636361,0.599460777709046
-141.716003417969,0.478372755805447,1.0898648691967
-141.525268554688,-0.0462926974118748,1.37859076134252
-141.334533691406,1.3423555182117,1.59203576186465
-141.143798828125,0.204021030464305,0.887267590744604
-140.953063964844,-0.0239264363925075,0.476329339994106
-140.762329101563,0.783206758891495,1.8485869005681
-140.571594238281,0.046690917753617,1.10564586909402
-140.380859375,-0.379142991579859,1.02876261630458
-140.190124511719,0.452341787686667,0.80025799292482
-139.999389648438,-0.177575563985636,1.12318437392337
-139.808654785156,-0.134544393552835,0.948082682109598
-139.617919921875,0.175021469473591,1.36825475146086
-139.427185058594,-0.594718600924251,0.517931086591997
-139.236450195313,0.577278771850136,1.85596605020592
-139.045715332031,0.825885748525974,1.08743947120582
-138.85498046875,-0.252206980073055,1.21910079421152
-138.664245605469,-0.018233626813684,1.66756320734782
-138.473510742188,0.544570526107975,0.747444934729981
-138.282775878906,0.131546992014406,1.05951836268852
-138.092041015625,0.512990257153406,1.03281519996743
-137.901306152344,-0.39686157169946,1.90377673629038
-137.710571289063,0.843500721359898,0.354699272302801
-137.519836425781,-0.263596765280794,0.982865443418401
-137.3291015625,-0.376831697196923,1.36242727933635
-137.138366699219,0.544286350464687,1.33289729108265
-136.947631835938,0.931289777664776,1.44259662201289
-136.756896972656,1.2228472969961,1.10066882894243
-136.566162109375,-0.853566002396976,1.12269781760621
-136.375427246094,1.42926935135441,1.54735397501992
-136.184692382813,0.131590324431767,1.7506139354822
-135.993957519531,0.645702596336254,2.11021818266596
-135.80322265625,-0.0718232074558294,0.272119458744583
-135.612487792969,0.00299443905110871,0.648264115152349
-135.421752929688,0.736890030827406,0.920998663063802
-135.231018066406,0.895643916508633,0.925749021284014
-135.040283203125,-0.0238839058854223,1.07145531009949
-134.849548339844,0.121396517305844,2.09771619431704
-134.658813476563,0.417241827295495,1.18537500668291
-134.468078613281,0.69690225085018,1.92072737589449
-134.27734375,-0.350222737806687,1.20508163862512
-134.086608886719,0.670009870893938,0.974478917251133
-133.895874023438,-0.397597914746074,1.37729277504028
-133.705139160156,-0.27709211778988,0.0213494697847731
-133.514404296875,1.1420692432498,1.35519224016235
-133.323669433594,0.780722915834666,0.415398065978213
-133.132934570313,0.533498387618494,1.22688973148108
-132.942199707031,-0.308505273726086,1.74989622352246
-132.75146484375,-0.430983831345639,1.64905985227246
-132.560729980469,-0.42586153849726,1.18757498206926
-132.369995117188,0.917258021772385,0.672308620357468
-132.179260253906,1.0541951328133,0.658867563147435
-131.988525390625,0.342205774481308,2.06856339121713
-131.797790527344,-0.026950453492363,1.31020396018873
-131.607055664063,1.10174694263181,1.33591484949053
-131.416320800781,0.630233693635398,0.504995065320874
-131.2255859375,-1.65897915464044,0.504919378824739
-131.034851074219,0.866857817981072,1.14983346263729
-130.844116210938,0.76905093285908,1.79204784799178
-130.653381347656,0.754153354780474,0.0418552208337746
-130.462646484375,0.180607494269276,0.453091829820005
-130.271911621094,-0.234625866186014,1.42280251962168
-130.081176757813,0.501522050831207,1.69590691144081
-129.890441894531,1.78763011702719,1.35340795378416
-129.69970703125,0.120078632769568,1.84264683270913
-129.508972167969,-0.29040368945711,0.694428102549402
-129.318237304688,-0.166292248852329,1.70687503489383
-129.127502441406,0.107595939686052,0.499113466449066
-128.936767578125,0.671031102455753,1.4923241816758
-128.746032714844,-0.710100760971606,1.48148584152665
-128.555297851563,1.13475123635781,1.09174131660708
-128.364562988281,0.41538575813843,0.984236124314603
-128.173828125,0.0425791071824908,0.838129916672331
-127.983093261719,-0.393141987894412,0.562171163365189
-127.792358398438,-1.42003547755254,0.985697504169405
-127.601623535156,0.695302875000486,0.75836229301435
-127.410888671875,0.222778149808086,1.13037175333777
-127.220153808594,0.91289726966233,1.48816271599454
-127.029418945313,-0.330035555097274,1.01109087465525
-126.838684082031,-1.21290728987642,0.599851107861155
-126.64794921875,0.709984984806487,0.958690573721728
-126.457214355469,0.591239734374972,1.42992882355615
-126.266479492188,0.974917793870614,-0.299248063921224
-126.075744628906,0.586410910228001,1.68874714881662
-125.885009765625,-0.155583226236787,0.902117568109339
-125.694274902344,0.473409235068658,1.51574750750739
-125.503540039063,0.295864785072817,1.82202923530501
-125.312805175781,0.631504273811216,1.0029150650343
-125.1220703125,-0.113255514932682,1.19913566138792
-124.931335449219,0.514286924571161,1.14376275621952
-124.740600585938,0.773585995911833,1.13935207336175
-124.549865722656,0.357026506913886,-8.76638424529771E-05
-124.359130859375,0.576015689896752,1.25920820201451
-124.168395996094,0.313777675537365,1.01403567402588
-123.977661132813,0.143007591159912,0.536412296594696
-123.786926269531,0.800739109842412,2.40857486591767
-123.59619140625,0.898103290518949,0.669825132853119
-123.405456542969,0.742801418963224,0.677586928682339
-123.214721679688,0.674415563867954,0.634360781323552
-123.023986816406,0.213482603352778,1.49721870000643
-122.833251953125,0.390984127303916,1.40026991195618
-122.642517089844,0.854500922418001,1.23215854849398
-122.451782226563,0.197631209275233,1.32955261394565
-122.261047363281,-0.0433957821612774,0.813501697623049
-122.0703125,0.939959560183485,2.14169376361554
-121.879577636719,0.468478907181622,1.56417289338334
-121.688842773438,0.291536009542746,1.61039844292752
-121.498107910156,0.510795482307535,1.62882617529115
-121.307373046875,0.401199501059626,2.35645052531296
-121.116638183594,-0.944464072986523,2.10192056171602
-120.925903320313,0.0816226939829791,1.71515381389796
-120.735168457031,0.546934640952079,0.946233023968952
-120.54443359375,0.0490978479098637,2.42771457124939
-120.353698730469,0.160634296789347,1.21164326157532
-120.162963867188,1.19936462481054,0.859045109628795
-119.972229003906,0.428346059611217,2.357635654361
-119.781494140625,-0.155850150112039,1.16754398392414
-119.590759277344,0.128829289365127,2.33989490322157
-119.400024414063,-0.291418255568161,1.71814876147428
-119.209289550781,-0.114723112883467,0.844412390694929
-119.0185546875,-0.101089732215671,0.69643450103624
-118.827819824219,0.187203174044075,1.39933536384456
-118.637084960938,-0.172743050854897,2.44512740294526
-118.446350097656,1.07645272253239,1.11671909022272
-118.255615234375,0.219789524004973,1.24505695025519
-118.064880371094,-0.643603870661821,1.36940119736184
-117.874145507813,-0.0900126464175093,1.77886220892134
-117.683410644531,-0.102723000380769,1.37603759337555
-117.49267578125,-0.254391362503879,1.138463002958
-117.301940917969,-0.383264816705345,1.47800580775854
-117.111206054688,0.659955803478242,1.38707606867814
-116.920471191406,0.100440656240689,0.887164277083061
-116.729736328125,1.15585228964674,2.34095244962202
-116.539001464844,-0.473987206983209,0.781182885058391
-116.348266601563,-0.217873752041655,1.15487917734883
-116.157531738281,0.218696076506192,2.05869647336666
-115.966796875,-0.310669702037391,1.24021104054385
-115.776062011719,1.07129278319606,1.31205608000124
-115.585327148438,0.497337392034817,-0.114711249916027
-115.394592285156,0.339837163900087,0.502359347400849
-115.203857421875,-0.308749517683953,0.640166982184184
-115.013122558594,0.169470076732485,1.66053979722767
-114.822387695313,0.309018047456254,2.1909887934237
-114.631652832031,-0.411693050797468,1.28333216914283
-114.44091796875,0.285395886778854,1.12591360322594
-114.250183105469,0.044831955338109,0.820836386352664
-114.059448242188,0.635450959598935,1.37429089073277
-113.868713378906,-0.391827005947205,1.0774563699317
-113.677978515625,1.96766645874048,1.67468028158766
-113.487243652344,1.24085417744058,1.80007417168478
-113.296508789063,0.872968357446226,1.10834068047148
-113.105773925781,0.475278824768158,0.564113564420923
-112.9150390625,0.396312154601787,1.48129510267304
-112.724304199219,-0.203461573414806,1.40089474995339
-112.533569335938,-0.436958704952204,1.57841212542841
-112.342834472656,-0.146356519169308,0.771662593661694
-112.152099609375,0.623942414926198,1.13340241128529
-111.961364746094,0.380936576665383,1.06098307203432
-111.770629882813,0.523786826873485,1.11081034054971
-111.579895019531,-0.0779930105915926,2.23284461006806
-111.38916015625,1.01104233102089,1.6837009736092
-111.198425292969,0.168981514850479,0.985328727684061
-111.007690429688,-0.0704312689106009,1.09798321969576
-110.816955566406,0.642685332585232,1.49497473750375
-110.626220703125,0.637120109389059,1.40763548430623
-110.435485839844,-0.436788980936693,1.35526972637063
-110.244750976563,0.78894626769215,1.55732915766472
-110.054016113281,0.538114956914161,2.13402417355712
-109.86328125,-0.106089424289583,1.56292503073533
-109.672546386719,0.100143620535262,1.85650005958049
-109.481811523438,0.541485754613828,2.15360073695618
-109.291076660156,0.936506049034205,2.87887029432294
-109.100341796875,0.0733417631910247,1.53223165040169
-108.909606933594,0.686460432943426,1.09868889354486
-108.718872070313,1.02226561263649,1.10866088317013
-108.528137207031,0.635082609806534,1.67783819751191
-108.33740234375,0.143639262862792,1.37015098470531
-108.146667480469,0.308220582628234,1.28977293276092
-107.955932617188,0.392254731948177,1.88589893356324
-107.765197753906,-0.362219916239569,1.63755319545876
-107.574462890625,0.445901017132745,1.07797881801206
-107.383728027344,0.0527244319117842,1.87377368159909
-107.192993164063,-0.131395352128845,2.17813099389255
-107.002258300781,0.135459454247806,1.73117295841573
-106.8115234375,0.855247141375158,1.34070219973419
-106.620788574219,-0.68675876347053,0.781750845656048
-106.430053710938,0.567585919546804,1.46142557618895
-106.239318847656,-0.246888520512242,0.928123549264515
-106.048583984375,-0.195489116849369,1.49554134734406
-105.857849121094,-0.57840721558443,1.13800518952193
-105.667114257813,0.221721365752691,2.16100250384288
-105.476379394531,0.60455937610446,1.6362318802268
-105.28564453125,1.33079644690013,2.61543567818526
-105.094909667969,0.670007282787035,2.19700662216286
-104.904174804688,-0.322885183936586,1.2825863702517
-104.713439941406,-0.396623515292566,1.82608647839354
-104.522705078125,0.0796700836011033,0.623721615735966
-104.331970214844,0.960443281197258,1.73337433374112
-104.141235351563,0.893141246612917,2.50967407150179
-103.950500488281,0.605630290236122,2.20149789519972
-103.759765625,0.461256325032131,0.813664053585369
-103.569030761719,0.779955087285408,3.29028852556975
-103.378295898438,0.0825437608005067,1.2489455044398
-103.187561035156,0.294993700921886,1.27398943737534
-102.996826171875,0.576492700839928,1.62696268873974
-102.806091308594,-0.407966035249346,0.928376818881726
-102.615356445313,0.654340011628436,1.63361792543856
-102.424621582031,-0.345281160888713,2.15058537442681
-102.23388671875,0.277818940963061,2.41454377905068
-102.043151855469,0.0847029607812399,1.42443809379373
-101.852416992188,0.125458616795941,1.41471702144373
-101.661682128906,0.399309283979942,1.37927772201771
-101.470947265625,0.33712867195261,1.06662715077994
-101.280212402344,0.604920944360013,2.20619906444851
-101.089477539063,0.952473771389302,1.54241029821061
-100.898742675781,0.507287474754468,1.54019449419704
-100.7080078125,0.538239057523805,2.04721061682945
-100.517272949219,1.06672590494755,1.39003387300496
-100.326538085938,0.645041268247982,2.03378753100517
-100.135803222656,0.765878328033055,1.36920861276622
-99.945068359375,0.785754227569216,1.34924908393622
-99.7543334960938,0.295658173741039,1.83179519149478
-99.5635986328125,0.509008752678288,1.73236429410563
-99.3728637695313,0.0823082039309137,0.185173255505326
-99.18212890625,-0.85672935230179,1.7861651400791
-98.9913940429688,-0.0514076791303793,1.91974488046784
-98.8006591796875,-0.659825940848025,1.85408488288549
-98.6099243164063,0.142400784400988,2.16876810239748
-98.419189453125,0.767081097192748,0.966635570168943
-98.2284545898438,0.89313676153134,1.79816579399126
-98.0377197265625,0.0608051897122285,1.7644862220196
-97.8469848632813,-0.14013210726189,1.07915687957556
-97.65625,-1.08431219545698,1.82732886313981
-97.4655151367188,1.70666885658747,2.01608425552485
-97.2747802734375,0.0722794497140501,1.78617258376352
-97.0840454101563,1.06626097224015,2.49854167424893
-96.893310546875,-0.0133089336805898,2.30330915781275
-96.7025756835938,0.0660492840918127,2.20908539874995
-96.5118408203125,0.689797177850029,1.41242048904631
-96.3211059570313,1.01713516088341,2.03255681742737
-96.13037109375,-0.443296524874089,1.95942082911713
-95.9396362304688,0.523468865754822,0.44895598067053
-95.7489013671875,-0.0191710086407198,1.54393164301617
-95.5581665039063,0.862871834248233,2.9309618175079
-95.367431640625,0.498495915161091,1.17319532035828
-95.1766967773438,1.35009422249495,0.913497399803061
-94.9859619140625,0.0365203394888004,1.49322910227997
-94.7952270507813,-0.528983873556612,0.613668181070441
-94.6044921875,0.0178369670718166,1.96847961101273
-94.4137573242188,0.290958712613582,1.42064460492218
-94.2230224609375,0.38431286133313,2.53313620133416
-94.0322875976563,0.872492206329137,1.51614708249533
-93.841552734375,0.526459478252391,1.43268188939191
-93.6508178710938,0.565107493575408,1.9040892320245
-93.4600830078125,-0.0533117509272503,2.6105020334664
-93.2693481445313,0.6759438964844,1.19093667491315
-93.07861328125,-0.758009068285249,2.60905689208206
-92.8878784179688,0.405322687262793,2.40553768928803
-92.6971435546875,0.959427726326081,2.51788220913418
-92.5064086914063,1.11650778038618,2.50529295849927
-92.315673828125,1.60262549880976,2.44414335075981
-92.1249389648438,0.530177845890823,1.43299277288362
-91.9342041015625,0.269959582049568,1.70658778023548
-91.7434692382813,0.932082121688261,1.36220989141292
-91.552734375,1.06252353109319,2.02215139113826
-91.3619995117188,0.185770534358627,1.28010281797238
-91.1712646484375,0.789988833439955,1.81923453597524
-90.9805297851563,0.687256218478669,2.34297492529755
-90.789794921875,-0.146303026544694,1.17572656370211
-90.5990600585938,0.256513515303629,2.19165831838858
-90.4083251953125,-0.116524576533555,1.24123348565326
-90.2175903320313,0.0575253961959228,1.33299846435036
-90.02685546875,1.11265020898011,2.67741235528337
-89.8361206054688,-0.11307829984036,2.30802185300704
-89.6453857421875,0.404677226498669,1.98072797695559
-89.4546508789063,0.0363395454512381,1.82532826142304
-89.263916015625,0.603523304986281,2.55197863294232
-89.0731811523438,1.62730842433139,1.91965873967235
-88.8824462890625,0.508845219285892,1.78292115223091
-88.6917114257813,-0.760644718767511,1.42138513891311
-88.5009765625,0.572627191274939,1.66074191932247
-88.3102416992188,0.639591007456904,2.68306092472286
-88.1195068359375,0.149633183269025,2.20952045885906
-87.9287719726563,0.329134868209499,1.42705300107678
-87.738037109375,-0.638299997574896,0.968754999578122
-87.5473022460938,0.670173948853741,1.9964640774126
-87.3565673828125,1.04557217018078,1.47986815712106
-87.1658325195313,0.729943473146414,0.914818755420518
-86.97509765625,0.444943516228413,1.46139553242934
-86.7843627929688,0.222031081932048,1.90258043315638
-86.5936279296875,1.16755482931996,1.7851862487995
-86.4028930664063,0.507095405605056,2.12782577716084
-86.212158203125,-0.214625693011247,1.05547591483151
-86.0214233398438,0.243089288823414,2.25831417963187
-85.8306884765625,1.20357380508023,2.36178793316946
-85.6399536132813,0.832706547714051,1.82248822465057
-85.44921875,-0.225667575168507,1.94915484574986
-85.2584838867188,0.0661830320159601,2.50164265819389
-85.0677490234375,0.252073456273101,1.78375573239156
-84.8770141601563,-0.477700184539856,1.5060014600198
-84.686279296875,0.991817625434618,2.74140747028186
-84.4955444335938,0.17977392175385,2.52940890069003
-84.3048095703125,1.05894905209214,1.53975927825646
-84.1140747070313,1.03088223074837,2.42494022000047
-83.92333984375,0.570894979899946,2.34997480410083
-83.7326049804688,0.921420377361736,0.971091451324428
-83.5418701171875,-0.118636059593627,1.28389415586279
-83.3511352539063,-0.321450668414902,1.91541643350222
-83.160400390625,0.207995822688943,2.86199049256606
-82.9696655273438,0.22538939423983,1.31144656526992
-82.7789306640625,1.04597319683982,1.92494843509883
-82.5881958007813,0.283163056095402,1.88360449937527
-82.3974609375,0.47030872995063,1.87010321413454
-82.2067260742188,-0.0998990328737512,2.44976022584866
-82.0159912109375,-0.285152322144624,2.25615416131339
-81.8252563476563,0.746796474829515,1.86394936030935
-81.634521484375,0.511048494679693,2.26935996111048
-81.4437866210938,-0.479762419578183,2.05764217870117
-81.2530517578125,-0.207337879297558,2.91147586897289
-81.0623168945313,0.382120137015514,2.02833273699
-80.87158203125,0.12276687183484,2.56637791735367
-80.6808471679688,0.371729523672421,2.38859760571602
-80.4901123046875,0.242880154184415,2.18242232228328
-80.2993774414063,-0.361733659449351,1.71573728145905
-80.108642578125,1.02312315738764,1.28525861368108
-79.9179077148438,0.419377413783309,2.35887034112499
-79.7271728515625,-0.40965013452086,2.80331197219933
-79.5364379882813,0.107000213498947,2.57806299276845
-79.345703125,0.667589219951671,2.238562487115
-79.1549682617188,-0.0202595783617287,2.89027658483795
-78.9642333984375,0.358405530227766,2.25169761933183
-78.7734985351563,0.053177113521155,2.15093723094634
-78.582763671875,0.729934930605464,1.80512711444406
-78.3920288085938,0.0553120487281855,1.71185417020213
-78.2012939453125,0.271851584421127,1.74548734327121
-78.0105590820313,0.348793497052857,2.37486831834885
-77.81982421875,0.513613630257632,2.36781248215128
-77.6290893554688,-0.0171458831101602,1.71831138649664
-77.4383544921875,0.747935828311882,2.26438489409519
-77.2476196289063,0.27029300911226,2.40104020573499
-77.056884765625,1.10549636448635,1.45963219610921
-76.8661499023438,-0.149574156411856,2.59981148452332
-76.6754150390625,0.707015669517146,1.97281400325175
-76.4846801757813,-0.102723275168755,2.48693228290606
-76.2939453125,0.0422015450271333,2.50281129734509
-76.1032104492188,0.517334128107299,2.83606156553444
-75.9124755859375,-0.449845799991709,2.16880259549921
-75.7217407226563,0.338889298317589,1.98700007414729
-75.531005859375,-0.238384910771989,2.32277776287955
-75.3402709960938,0.0996095772410227,2.20352548985512
-75.1495361328125,-0.212650547589594,2.55336279786911
-74.9588012695313,1.51525727762298,2.49772481488753
-74.76806640625,0.19552903779372,2.15843354178587
-74.5773315429688,0.310544900361,2.81478463465914
-74.3865966796875,0.405294730881465,2.49170282887551
-74.1958618164063,0.469741273005367,3.27282163048088
-74.005126953125,0.496984851106151,2.88008432802141
-73.8143920898438,0.804218795114169,1.26064555350003
-73.6236572265625,-0.324018921614447,3.71714894236986
-73.4329223632813,0.890009566395285,1.8047605245087
-73.2421875,1.20600434324451,2.54068189712507
-73.0514526367188,0.251013771895288,2.20167660936524
-72.8607177734375,0.139417907339194,2.02875526742718
-72.6699829101563,0.357502185135419,2.23166619465937
-72.479248046875,-0.276130336375804,1.34182493661869
-72.2885131835938,0.672047819165017,2.82835466267978
-72.0977783203125,1.08940000530782,3.10651039843427
-71.9070434570313,0.405300914426195,3.0398977781902
-71.71630859375,-0.269784407799913,1.77297060632603
-71.5255737304688,-0.138304670291907,2.0290009135219
-71.3348388671875,1.58465315213168,2.17815510953225
-71.1441040039063,0.562819739494429,2.87041580237906
-70.953369140625,-0.349209272332158,2.95846852250514
-70.7626342773438,-0.468424305283915,4.0110898695385
-70.5718994140625,0.856073578493435,3.13420075013516
-70.3811645507813,0.782392382361499,3.25159280613569
-70.1904296875,-0.214605381572825,4.34164018971417
-69.9996948242188,-0.932352703101056,2.29442527638612
-69.8089599609375,0.0960648518488967,2.0579559846779
-69.6182250976563,0.315212221480584,2.95280411098877
-69.427490234375,0.160960433371894,2.77134349339185
-69.2367553710938,0.129507971302205,3.36687583523302
-69.0460205078125,0.821987611333389,2.68993628468855
-68.8552856445313,0.112755241921634,2.71028289755504
-68.66455078125,0.648822905292306,2.68185370137537
-68.4738159179688,1.91672953246588,2.19399693480584
-68.2830810546875,0.894423408958906,2.91117496443862
-68.0923461914063,0.0783634734892144,2.28026082264549
-67.901611328125,0.554804388162019,3.47431262787374
-67.7108764648438,1.11961485529811,2.84299208400986
-67.5201416015625,-0.136626732420247,1.97976065639017
-67.3294067382813,-0.0413341093828502,3.64850396782535
-67.138671875,1.18136383969558,3.68704125239365
-66.9479370117188,0.200433493383885,3.29512525550593
-66.7572021484375,0.445366454823339,3.40162716365815
-66.5664672851563,1.15346401489146,4.0215361489575
-66.375732421875,0.38764281661098,2.61574161222927
-66.1849975585938,1.33932394251576,2.88850139001788
-65.9942626953125,0.417772404901957,2.43373374608742
-65.8035278320313,0.371056247466118,3.62193193856485
-65.61279296875,1.17034461470542,2.13707890744567
-65.4220581054688,1.39306681676594,3.17336651950456
-65.2313232421875,0.647850475345541,3.38163306924429
-65.0405883789063,1.11404770987069,3.97357767888431
-64.849853515625,0.289507401168044,2.4069134084527
-64.6591186523438,0.143604600583414,2.43454807758517
-64.4683837890625,0.0519624776469362,2.93543806220144
-64.2776489257813,1.38845754314224,4.32791931183312
-64.0869140625,-0.27843980944918,3.28655971218271
-63.8961791992188,1.21945950192715,2.72197149744934
-63.7054443359375,0.335154481355599,3.65025787816852
-63.5147094726563,0.823815533691512,2.63651876421166
-63.323974609375,0.709117979896587,2.68551173671243
-63.1332397460938,0.229010139241158,2.8570035637782
-62.9425048828125,-0.109034441233266,4.22252295387158
-62.7517700195313,0.745305309804279,3.32101889799766
-62.56103515625,1.29341998069526,3.22084898901962
-62.3703002929688,0.08328579584297,3.50835016989404
-62.1795654296875,1.10513985426477,4.14446982933038
-61.9888305664063,0.565369421844845,2.12870297206383
-61.798095703125,1.05213850960927,3.90520357432659
-61.6073608398438,0.638867608323116,3.06909370290593
-61.4166259765625,0.929403898747798,2.82637867307667
-61.2258911132813,0.806773778823693,2.75719717099638
-61.03515625,0.636851799281826,3.29222399283836
-60.8444213867188,0.56859921311437,3.374166487232
-60.6536865234375,0.641306101931088,2.5854026404133
-60.4629516601563,0.85821511395843,2.97350826369702
-60.272216796875,1.36237137453675,3.55300865116995
-60.0814819335938,1.0363012211134,4.20468968361936
-59.8907470703125,1.03747269612248,3.50702785080098
-59.7000122070313,1.23805589435117,1.63229704684401
-59.50927734375,0.784671689179224,3.2265443220773
-59.3185424804688,-0.275903351761317,3.1919126096791
-59.1278076171875,0.783433090279658,3.1844033108868
-58.9370727539063,0.915917163453643,2.96460851085829
-58.746337890625,1.83954829367927,3.04679913579052
-58.5556030273438,-0.0144377810562872,3.80330218694604
-58.3648681640625,1.01152597507231,3.39002840636479
-58.1741333007813,0.397249300386464,3.68452463575014
-57.9833984375,0.705987819049199,2.61887028452763
-57.7926635742188,-0.484561486255512,3.88094085928668
-57.6019287109375,0.647370174723331,3.61432799858146
-57.4111938476563,0.0168149035915728,4.73390701847248
-57.220458984375,0.666550885570546,3.49253386757286
-57.0297241210938,0.523989057066048,3.99863644031752
-56.8389892578125,1.52438708380569,3.90840551938772
-56.6482543945313,0.332786093818384,3.85904269259885
-56.45751953125,0.367352871006042,2.95431591312638
-56.2667846679688,0.599988070748195,3.24998534083055
-56.0760498046875,1.05410260797177,3.43635309310387
-55.8853149414063,0.749934596007265,3.10404887927064
-55.694580078125,0.578566576100513,4.09380794486817
-55.5038452148438,0.532975673801242,3.93211307564217
-55.3131103515625,0.151097144704074,4.04743572024406
-55.1223754882813,0.137013645906812,3.79485195432391
-54.931640625,1.3632474348562,4.25944759919871
-54.7409057617188,-0.0560909295716328,3.22016270886428
-54.5501708984375,1.00288734986604,3.12573209288917
-54.3594360351563,0.765378994260148,3.33506287637601
-54.168701171875,-0.888233452041005,3.27413374687463
-53.9779663085938,0.940247217121003,3.81577189526206
-53.7872314453125,0.379800738030799,3.88196346972552
-53.5964965820313,1.88919111611013,4.56728880791869
-53.40576171875,0.608272121351805,3.64877437946269
-53.2150268554688,0.314943589919869,4.98158519935186
-53.0242919921875,0.381632661208538,4.12633955209123
-52.8335571289063,1.17175530418313,4.63861668303268
-52.642822265625,1.25400213212837,3.23898251017105
-52.4520874023438,0.660131324159178,4.35574441407669
-52.2613525390625,-0.0840328669150737,4.05777593773798
-52.0706176757813,0.00329590060813417,4.10657277449348
-51.8798828125,1.63439718685435,4.45025937230286
-51.6891479492188,-0.222300696265342,4.64339639996439
-51.4984130859375,1.21414567910814,4.52513830948956
-51.3076782226563,0.37701590644446,4.45355384953068
-51.116943359375,0.331995787912427,4.56877225483367
-50.9262084960938,0.171118023551975,4.72071830516262
-50.7354736328125,1.00983269919012,5.41193639257557
-50.5447387695313,1.38774288522099,4.98514449935551
-50.35400390625,0.236589766480526,4.20154825848239
-50.1632690429688,1.22738770593503,4.36337269140694
-49.9725341796875,0.937181485088799,5.26797093628958
-49.7817993164063,0.546924497855986,4.99026498421656
-49.591064453125,1.05606202760702,4.3145856615395
-49.4003295898438,1.01379648886404,5.37819646878015
-49.2095947265625,1.6585183994118,4.0879018417498
-49.0188598632813,0.712156900450243,4.81988541124907
-48.828125,1.22682837331171,4.50555900347989
-48.6373901367188,0.718838069421004,5.21710940669683
-48.4466552734375,1.07684169806712,4.80740639070744
-48.2559204101563,0.840790404819492,5.76760375826738
-48.065185546875,0.77943822889968,5.630952490721
-47.8744506835938,1.28013704863738,5.50727475948495
-47.6837158203125,0.941183712803807,5.49363149375385
-47.4929809570313,1.1732961387655,5.98832003949142
-47.30224609375,0.872109874121517,5.70853348719909
-47.1115112304688,2.02523050058312,5.57868163640985
-46.9207763671875,1.17961223657241,6.4486810772518
-46.7300415039063,2.35218926151147,5.40716324271319
-46.539306640625,1.21336080704435,4.92214335756626
-46.3485717773438,2.26788195213028,5.68647915609274
-46.1578369140625,1.47436266465261,6.01139814877843
-45.9671020507813,1.40337118491359,6.53115385030267
-45.7763671875,2.18582858622908,5.23778382841671
-45.5856323242188,1.3667927128397,6.03810119098452
-45.3948974609375,2.0363748426978,7.30433802977874
-45.2041625976563,1.93762962808092,6.53882333068268
-45.013427734375,1.98530073505127,5.82819232115954
-44.8226928710938,2.03121029367302,7.46177590100193
-44.6319580078125,1.45222437141917,6.20092487937015
-44.4412231445313,2.09095650074268,6.53673213144227
-44.25048828125,2.38958515530573,7.1442133516831
-44.0597534179688,2.87549502541144,6.76840722082914
-43.8690185546875,2.59001344438614,7.00057869178008
-43.6782836914063,2.95578210907138,7.15408975836554
-43.487548828125,2.44566837602302,6.95034832498331
-43.2968139648438,3.43985696461473,6.93676684636655
-43.1060791015625,2.58825191415594,7.13762351547609
-42.9153442382813,1.93820188864414,7.14980639220239
-42.724609375,2.73472913371749,6.98111744468509
-42.5338745117188,2.90833723421765,6.75204084818372
-42.3431396484375,3.53665362149991,6.31702147061574
-42.1524047851563,3.81693695242038,6.77305134636479
-41.961669921875,3.66532996076552,7.08394807470661
-41.7709350585938,3.40306503442747,7.32396344208004
-41.5802001953125,4.00543311638648,6.37701474779156
-41.3894653320313,4.43222806703495,6.47881033627748
-41.19873046875,4.61070222279446,7.0942691449483
-41.0079956054688,4.13306322504353,6.44361354304201
-40.8172607421875,3.76884813943691,6.47473981028468
-40.6265258789063,4.79146630901461,6.72032883193806
-40.435791015625,4.16635396753151,6.72807709370149
-40.2450561523438,4.45094666778893,7.34240921534061
-40.0543212890625,4.11129452825389,6.54218348991808
-39.8635864257813,4.52400415264845,7.1544694367431
-39.6728515625,4.6079000041348,6.68627110791274
-39.4821166992188,5.74080467205258,5.72865309717272
-39.2913818359375,5.50072932946371,6.1707176084241
-39.1006469726563,6.32157337115222,6.45906217294924
-38.909912109375,4.85006465643788,7.08612286449634
-38.7191772460938,5.06059794720661,6.06397410046673
-38.5284423828125,5.44640521816259,6.464603394407
-38.3377075195313,5.30682717618301,5.36823404913549
-38.14697265625,5.00884252276784,6.15569503772681
-37.9562377929688,5.96603227842768,6.45295781298337
-37.7655029296875,4.6555529333146,5.35319159790645
-37.5747680664063,5.90160406578126,6.35937214001675
-37.384033203125,5.64785723588171,6.62566594573064
-37.1932983398438,5.48593588873458,5.84893227601231
-37.0025634765625,5.5979629146563,5.23636667037429
-36.8118286132813,6.27633996020059,6.0805992356601
-36.62109375,5.14607063450929,4.78648897773677
-36.4303588867188,5.47601429206886,5.18855192539204
-36.2396240234375,6.42573048374648,5.4433969818211
-36.0488891601563,5.52773039404492,5.37749356170363
-35.858154296875,5.67034571953952,5.13266211814054
-35.6674194335938,5.95508182027526,5.00184903091786
-35.4766845703125,6.07759324667494,5.28042010535497
-35.2859497070313,5.95020063477489,4.57036837701075
-35.09521484375,6.15148977358507,4.62733364365268
-34.9044799804688,7.09578389463397,4.82217180548073
-34.7137451171875,6.05510701589816,4.84696284771713
-34.5230102539063,6.4303046682278,4.18067674420972
-34.332275390625,5.36846203116629,4.22646901981068
-34.1415405273438,4.67908652799764,4.95695781235228
-33.9508056640625,5.88795754486772,5.81851827427964
-33.7600708007813,5.76944630988468,4.61622508234602
-33.5693359375,5.15932254484544,4.15742709767446
-33.3786010742188,6.33906571512446,3.89575598593694
-33.1878662109375,5.50545728299405,4.3357688104818
-32.9971313476563,4.92789811457159,4.33839734740985
-32.806396484375,6.69662380768872,4.05514237565514
-32.6156616210938,6.08874760907551,3.70873111274078
-32.4249267578125,5.73954934017297,4.35261831691303
-32.2341918945313,5.18598335962667,5.59480681716262
-32.04345703125,6.5018575089421,4.8476370045406
-31.8527221679688,4.97757221621799,4.60599359376146
-31.6619873046875,5.97430197610949,5.02997591435549
-31.4712524414063,6.76148936301756,5.56298525206401
-31.280517578125,6.22745862064943,5.07879405870187
-31.0897827148438,5.20862436337383,5.12746277502407
-30.8990478515625,5.14151979124006,4.95566423187082
-30.7083129882813,6.24644569213749,5.11697854686445
-30.517578125,5.1136186201975,5.43191592838144
-30.3268432617188,6.39409503656894,5.94661555906662
-30.1361083984375,6.76736847696374,6.78573369022607
-29.9453735351563,6.89055720758477,6.61064121638054
-29.754638671875,5.77403427923955,5.9221305447301
-29.5639038085938,6.87004815924495,6.07399765280609
-29.3731689453125,7.26715626184721,7.16873145436891
-29.1824340820313,7.5020878261586,6.84413888123923
-28.99169921875,7.38817886118932,5.92839854103315
-28.8009643554688,7.56833104757912,6.20166648980481
-28.6102294921875,8.32701973149345,7.08595334939656
-28.4194946289063,8.39120828824889,6.76776807598139
-28.228759765625,7.35455046970086,6.06075731369915
-28.0380249023438,8.54579707286091,6.20237362861596
-27.8472900390625,8.77153277147481,6.3943019587845
-27.6565551757813,9.01692148161917,7.04239357976059
-27.4658203125,9.46261932151348,6.30644105619147
-27.2750854492188,9.93834303070365,6.49962209265097
-27.0843505859375,9.61015790860435,5.24252899467195
-26.8936157226563,8.96664873348182,5.14824879718041
-26.702880859375,9.98242773310301,6.57605254108204
-26.5121459960938,10.6499337432713,4.73818611984774
-26.3214111328125,9.93171844162396,5.44913211991717
-26.1306762695313,10.6856831453269,5.34256574405509
-25.93994140625,10.994312124972,4.30667783523964
-25.7492065429688,11.2775451595552,6.03639206283811
-25.5584716796875,10.716001292742,4.23748016741087
-25.3677368164063,11.3625070568861,3.89984551079617
-25.177001953125,11.9006835165727,4.3268861262378
-24.9862670898438,12.344480191151,2.78499405244916
-24.7955322265625,11.5244977925726,3.19841988524088
-24.6047973632813,11.7743989855883,1.91359459724807
-24.4140625,12.0373231696788,1.51162574672432
-24.2233276367188,11.6993365863332,1.80290001415059
-24.0325927734375,12.1323456715836,1.72283711603088
-23.8418579101563,12.3535212748407,0.753174684188509
-23.651123046875,12.3274765406748,1.66274506694984
-23.4603881835938,11.2969429371435,2.27305073578044
-23.2696533203125,11.5607696551254,0.676754287015584
-23.0789184570313,11.0234383649378,0.302817300355753
-22.88818359375,11.1043695870714,1.66047861386129
-22.6974487304688,10.7254365471705,-0.560725263783963
-22.5067138671875,11.2867994424812,-0.240017154613061
-22.3159790039063,11.9849970342023,-0.554674058435408
-22.125244140625,10.1730066708232,-1.21052407335848
-21.9345092773438,10.8233992737001,-1.49805791759342
-21.7437744140625,10.9023436737113,-1.07488650385146
-21.5530395507813,9.90546122662977,-1.13129987976177
-21.3623046875,10.2153777214582,-1.29324877918241
-21.1715698242188,9.10979327184206,-2.02720956487517
-20.9808349609375,10.061133142336,-1.20006701723786
-20.7901000976563,10.1467901312571,-1.63861754178899
-20.599365234375,8.40405495681582,-1.32365505860994
-20.4086303710938,8.69316637992171,-1.77856382364809
-20.2178955078125,9.73277194804244,-2.00085240594577
-20.0271606445313,8.32642771761138,-0.805838398799809
-19.83642578125,9.39243025972189,-1.91555922658753
-19.6456909179688,8.02493817890461,-2.78184124933685
-19.4549560546875,7.07599423214799,-1.8658992190362
-19.2642211914063,7.76404614654859,-1.53900720607161
-19.073486328125,7.29071325015179,-1.59021773404049
-18.8827514648438,6.80784602893698,-1.67486846334527
-18.6920166015625,7.56589002445071,-1.09174511138406
-18.5012817382813,7.71458139808136,-1.81098144036645
-18.310546875,6.50464374262276,-1.37439978664782
-18.1198120117188,6.09469891782282,-1.26049320434756
-17.9290771484375,7.42427211925995,-0.328657363145935
-17.7383422851563,7.02305384600811,-0.959719389574477
-17.547607421875,6.39886424710871,-1.21900819633383
-17.3568725585938,7.10720631054362,-0.137661725276457
-17.1661376953125,6.42184763340131,-0.263963269620795
-16.9754028320313,7.27447639125788,-0.51616324585254
-16.78466796875,6.56768622840334,-0.127746102225364
-16.5939331054688,8.72729617083524,1.12553214086679
-16.4031982421875,7.92248101548805,0.177801283169069
-16.2124633789063,6.87448018018411,-0.238312611214709
-16.021728515625,7.70477707461033,0.469556869781996
-15.8309936523438,7.2743017047066,1.38808121411046
-15.6402587890625,7.03799171320187,0.470112472429752
-15.4495239257813,8.00192199864452,0.932024982264884
-15.2587890625,8.13951650358113,0.0381304230553016
-15.0680541992188,7.67539524869584,0.656317878210989
-14.8773193359375,8.67947818133422,1.34045911950861
-14.6865844726563,8.2180196209669,0.49586388177571
-14.495849609375,9.8103225415463,-0.372773303357903
-14.3051147460938,8.77181879455553,-0.0054005558167759
-14.1143798828125,9.14345986734012,-0.0296182972420648
-13.9236450195313,9.52289849380977,0.615716542301067
-13.73291015625,9.09954445000498,-0.500495142619519
-13.5421752929688,9.08460909182683,0.386179060692471
-13.3514404296875,10.3410971744947,0.526155180236678
-13.1607055664063,9.31910475453969,-0.971200083543389
-12.969970703125,11.1857254152959,-1.12601022973097
-12.7792358398438,9.37153202697612,-1.23792051236441
-12.5885009765625,10.678150322,0.0755574094451394
-12.3977661132813,10.8700679850346,-1.65812435089226
-12.20703125,10.8381211084898,-1.39032398953565
-12.0162963867188,10.0151451102247,-1.88405145586176
-11.8255615234375,11.2857370636547,-0.773327501001686
-11.6348266601563,11.2036213676097,-1.96760616795923
-11.444091796875,10.3146324719651,-1.74176204320069
-11.2533569335938,9.65922139916754,-1.66671447299899
-11.0626220703125,10.4102654966869,-3.3926984186937
-10.8718872070313,9.80886939566191,-2.88102639360572
-10.68115234375,11.4994548894445,-3.16954537760918
-10.4904174804688,10.070992251666,-1.90200068267713
-10.2996826171875,10.0146351219338,-3.34802328453513
-10.1089477539063,10.2369824489134,-4.340129449781
-9.918212890625,11.1857996776321,-3.53351800037606
-9.72747802734375,9.80810544801794,-3.90069440977007
-9.5367431640625,9.54842043313981,-4.11312375706693
-9.34600830078125,10.7625251840203,-4.98706449433362
-9.1552734375,10.3692359484321,-5.0800574959946
-8.96453857421875,10.2934712398551,-5.95350033381456
-8.7738037109375,8.96697545780514,-5.25095972168302
-8.58306884765625,8.75330341752001,-6.3243129940423
-8.392333984375,8.23286131746438,-6.06133060350598
-8.20159912109375,8.57243138311575,-6.97504705870917
-8.0108642578125,8.34345946336468,-6.2434684503033
-7.82012939453125,8.68604219130028,-6.94021360180496
-7.62939453125,7.73985941124115,-6.85314615377208
-7.43865966796875,8.30892779840472,-6.76655911504121
-7.2479248046875,7.21069001369644,-6.19923568426896
-7.05718994140625,7.53574781802144,-6.72496095196249
-6.866455078125,7.54824355314037,-7.94069371928771
-6.67572021484375,6.65859944563853,-6.61317721171196
-6.4849853515625,7.33478183700751,-7.80328401085878
-6.29425048828125,6.01399902779631,-7.48448846727273
-6.103515625,6.08914746588457,-6.81618682448133
-5.91278076171875,5.63080337961294,-5.83035483089252
-5.7220458984375,6.57409298518374,-6.19137879513652
-5.53131103515625,5.72637272620008,-7.37891192202242
-5.340576171875,5.76646001860231,-7.11443907973742
-5.14984130859375,5.8408056928073,-8.08354208005594
-4.9591064453125,4.365661556023,-6.26987989594365
-4.76837158203125,5.54194590539288,-7.40271292258736
-4.57763671875,5.17944844875719,-6.73268626452742
-4.38690185546875,4.52203307405527,-7.77295531431029
-4.1961669921875,4.28508211988342,-5.96777126997536
-4.00543212890625,4.29416037965823,-6.44040340370575
-3.814697265625,4.41533535061753,-6.9655593239846
-3.62396240234375,3.84331895142947,-6.89973157319261
-3.4332275390625,3.7089331116605,-6.72864999748299
-3.24249267578125,4.18989223910701,-7.07723265610069
-3.0517578125,2.16512070844984,-6.7023465905344
-2.86102294921875,3.25107983932035,-5.45598517524077
-2.6702880859375,2.20851928539568,-5.67880972775353
-2.47955322265625,2.56395448051305,-5.67443862423865
-2.288818359375,3.7321056443888,-5.80291949014711
-2.09808349609375,2.64844487796269,-5.36073792466748
-1.9073486328125,2.94113093076202,-5.55534081064815
-1.71661376953125,1.40154836496347,-5.43887028751974
-1.52587890625,2.65859536886977,-5.15067708664291
-1.33514404296875,1.46800782428105,-3.88475321906661
-1.1444091796875,2.67509274611245,-5.29839295030979
-0.95367431640625,2.08473141243995,-4.66332137659716
-0.762939453125,1.25488210807571,-4.99008741527777
-0.57220458984375,1.75950415684699,-5.33042838723136
-0.3814697265625,1.41835483014426,-3.65933128634656
-0.19073486328125,1.68182762738682,-3.52633673808344
0,2.10255852182378,-5.07441633497891
0.19073486328125,1.66569858589434,-3.91503567326207
0.3814697265625,1.43902263637382,-4.02741724174762
0.57220458984375,1.85440668245007,-3.76371536671764
0.762939453125,2.28991836049151,-3.60256844336483
0.95367431640625,1.1448561113779,-4.78250785317483
1.1444091796875,1.36968805824159,-3.32129759656523
1.33514404296875,2.29752455893978,-3.30229204652403
1.52587890625,0.95493484430201,-4.25337157843905
1.71661376953125,1.50709263708697,-3.46305532172681
1.9073486328125,1.27403468227294,-2.82047792986674
2.09808349609375,1.42414637772676,-2.41672134862468
2.288818359375,2.03166851565914,-3.08546304144061
2.47955322265625,1.37430072380077,-2.87316423623808
2.6702880859375,1.821850823461,-2.4201811868466
2.86102294921875,1.70270171328688,-2.32675940901101
3.0517578125,1.46596563233676,-1.81334825916761
3.24249267578125,1.65051091592481,-2.41589575393477
3.4332275390625,1.46191239623434,-0.814934191612717
3.62396240234375,2.5869101417803,-1.27143207229926
3.814697265625,2.05181647093915,-2.15725196631532
4.00543212890625,1.07467727498689,-1.15024616039844
4.1961669921875,1.65746601420229,-1.43325669930573
4.38690185546875,1.72559626257595,-1.73670408126385
4.57763671875,1.77765752396778,-1.5494683543435
4.76837158203125,2.85216006228947,-0.807032692972856
4.9591064453125,2.21830518470425,-1.6892109770484
5.14984130859375,2.99048559562533,-1.57509974729461
5.340576171875,2.58878148917149,-0.678150527853536
5.53131103515625,2.09900703504031,-0.468452808408157
5.7220458984375,3.24987099715998,-1.58745654662854
5.91278076171875,2.62197575694605,-0.751154052962142
6.103515625,3.50172577485125,-1.13785098318705
6.29425048828125,2.27802850647752,-1.09597681587825
6.4849853515625,2.52290166209622,0.37506462409419
6.67572021484375,3.33570324868395,-0.616873760190941
6.866455078125,3.17713275970118,-1.56286242339891
7.05718994140625,4.0353659795352,-0.520444722089456
7.2479248046875,3.9285736836516,-0.758083964851445
7.43865966796875,4.61302649419196,-0.54088561982963
7.62939453125,4.77768284494492,-0.785582655044793
7.82012939453125,4.13955909321998,-0.84793258902933
8.0108642578125,3.14897384783572,-1.37913805991838
8.20159912109375,4.34072526550701,0.00537063327442169
8.392333984375,3.2647104445433,-1.37522868435359
8.58306884765625,5.08646767009721,-0.149380434513313
8.7738037109375,4.59771524508181,-0.370226504544407
8.96453857421875,4.87941126713166,-1.10955897970828
9.1552734375,5.3746567317874,-1.53078547632818
9.34600830078125,4.74403303188396,-1.38400356871701
9.5367431640625,3.99069626564282,-1.40023808806434
9.72747802734375,5.20657206238339,-1.55897593423019
9.918212890625,5.04949504903165,-1.33063566906838
10.1089477539063,5.4935418335041,-1.89995953293103
10.2996826171875,5.8992116459854,-1.56818028661616
10.4904174804688,5.84748258663356,-2.32553700644114
10.68115234375,5.91549076724927,-0.931299337034431
10.8718872070313,6.57117759800892,-2.86090132079318
11.0626220703125,6.11452662934054,-2.83745119715416
11.2533569335938,6.82183661814616,-0.947267539402386
11.444091796875,6.80857263662488,-2.73034249042549
11.6348266601563,5.57486500121669,-3.26623645248369
11.8255615234375,5.51936304838329,-4.31688400220876
12.0162963867188,5.68617501350924,-2.39554393275496
12.20703125,6.30416504528785,-3.59001587034997
12.3977661132813,5.86728846787378,-4.18260433570382
12.5885009765625,6.17822910562016,-4.07681231455161
12.7792358398438,5.17525701344069,-2.92347204506857
12.969970703125,5.81079298755631,-4.61142623390647
13.1607055664063,5.98318311410127,-3.65123326184231
13.3514404296875,5.07431717950321,-4.29517729444377
13.5421752929688,4.33362493594544,-3.48873810612715
13.73291015625,5.20822027297439,-4.02226794798725
13.9236450195313,5.49027663936485,-4.27661982242064
14.1143798828125,4.94565151101551,-4.3769463475946
14.3051147460938,5.18088688283088,-5.61511013071179
14.495849609375,4.47901259191313,-4.79571546773641
14.6865844726563,4.43205082790723,-5.03870881998357
14.8773193359375,3.67976181263604,-5.37121261384607
15.0680541992188,4.30182631049934,-4.27818248725855
15.2587890625,4.6415705641592,-5.89343163734585
15.4495239257813,5.14119318249535,-5.60924234966086
15.6402587890625,3.55181418553769,-4.63621977498153
15.8309936523438,4.0021381349282,-5.0147162266321
16.021728515625,4.52728797210861,-5.08697039201742
16.2124633789063,3.4610378353261,-5.68310627764504
16.4031982421875,3.77562402068909,-5.56155867901215
16.5939331054688,3.00616234032093,-5.86554217682947
16.78466796875,4.39627998020419,-5.37034243679353
16.9754028320313,3.62311941278369,-5.94988542620565
17.1661376953125,2.48888186999708,-5.56330811951662
17.3568725585938,3.81755851544463,-4.69505416509002
17.547607421875,2.30161088780837,-5.68525164008804
17.7383422851563,3.29201831232052,-5.71931028870836
17.9290771484375,3.6584334195125,-5.05193442078941
18.1198120117188,2.90197869722863,-4.68396446771211
18.310546875,3.44000525476813,-6.3935857096882
18.5012817382813,2.01101009257555,-5.94818896743076
18.6920166015625,1.97125962796287,-5.37238938010551
18.8827514648438,1.71802338846012,-4.65080740676723
19.073486328125,1.26133669099624,-5.09763486870986
19.2642211914063,2.0585826671839,-5.41208845591867
19.4549560546875,1.64236099134495,-5.00728125236395
19.6456909179688,1.11874185101223,-5.73702243861341
19.83642578125,2.39542036643019,-3.74047200582187
20.0271606445313,0.973487707455651,-4.85865041409581
20.2178955078125,1.10009747448165,-4.79045515676003
20.4086303710938,2.6015690604382,-4.34045999178986
20.599365234375,1.62975398916659,-5.13681875024131
20.7901000976563,2.09948638718993,-4.83784611875067
20.9808349609375,1.24649606064656,-4.18373073135901
21.1715698242188,0.934522024500867,-4.24957783779052
21.3623046875,0.9588570286816,-3.93501323676325
21.5530395507813,0.823201441352504,-5.35021415360911
21.7437744140625,1.01887552592293,-4.4680535346588
21.9345092773438,1.21695434443071,-4.7894241396673
22.125244140625,0.792269126672468,-4.6908947474775
22.3159790039063,0.848607914941247,-4.47339214600453
22.5067138671875,0.789963270386155,-4.06481773249331
22.6974487304688,1.26688926345472,-4.13222051727207
22.88818359375,0.516054934530123,-4.90277466405231
23.0789184570313,1.78179251243608,-3.86563120590328
23.2696533203125,1.12043198091459,-4.07753564711348
23.4603881835938,1.72678396118194,-3.86419004396596
23.651123046875,0.853421900140194,-3.5978937228611
23.8418579101563,0.838679280868642,-4.32667609266424
24.0325927734375,0.313318673948182,-4.19658885132068
24.2233276367188,0.507815556905384,-2.32245186537849
24.4140625,0.033364620296012,-4.1187081397632
24.6047973632813,0.675312523605206,-2.74787054480874
24.7955322265625,1.66723212615859,-4.05025359034009
24.9862670898438,1.24286072919227,-3.94899947161761
25.177001953125,0.171624935480565,-3.48454027695789
25.3677368164063,-0.157789395957027,-2.90535741204049
25.5584716796875,0.946919616388913,-2.85673059198551
25.7492065429688,0.770031957850928,-2.51544121942513
25.93994140625,0.898908388838476,-3.66443010698834
26.1306762695313,1.18249523019657,-2.17377716975091
26.3214111328125,-0.0668434886489441,-2.87113281860698
26.5121459960938,0.968453881810421,-1.99627068966479
26.702880859375,0.660283472719065,-3.25282563891731
26.8936157226563,0.150830055943754,-3.22981777860777
27.0843505859375,0.587346314974735,-2.63101313024876
27.2750854492188,0.664078924194556,-1.73278633205761
27.4658203125,0.534590661611838,-2.8969786184335
27.6565551757813,1.25483649435481,-2.72322801942691
27.8472900390625,0.396255913979729,-2.86404611443711
28.0380249023438,-0.0196033617942677,-2.70713333259808
28.228759765625,-0.647905566114735,-2.02572908738387
28.4194946289063,0.220989808540785,-1.58172738955372
28.6102294921875,0.0687456455831696,-2.08627751955317
28.8009643554688,1.58988561493722,-2.9983938971921
28.99169921875,1.40203218826285,-2.66200662310105
29.1824340820313,0.496154131533332,-2.61835674060627
29.3731689453125,0.81355018579969,-1.7367719794301
29.5639038085938,0.242325787270081,-1.85288148930497
29.754638671875,0.896724405259619,-3.07559904428825
29.9453735351563,0.97324284261199,-1.93344353540279
30.1361083984375,0.12779911469288,-2.14733290248867
30.3268432617188,1.56117765739063,-1.85541746567265
30.517578125,0.734231914077983,-2.07262034724207
30.7083129882813,1.16093504889445,-2.27438793606745
30.8990478515625,0.351755933595714,-1.53257329304387
31.0897827148438,2.09057553366763,-1.89430643247986
31.280517578125,0.948599089721733,-1.20485825405683
31.4712524414063,0.578644818104072,-1.67841060586946
31.6619873046875,-0.0436930877154407,-0.908160614927916
31.8527221679688,0.383459022576604,-2.14326160915409
32.04345703125,0.846252224941724,-2.52635549207152
32.2341918945313,1.46420268303289,-0.986015635258278
32.4249267578125,0.625499994686804,-1.81285539613325
32.6156616210938,0.0991058854632529,-1.78148664562653
32.806396484375,0.992288374092138,-2.0845365610343
32.9971313476563,1.35901507280452,-2.57494980386563
33.1878662109375,2.16723099316551,-1.55703086095654
33.3786010742188,0.824646731223409,-0.570590692128559
33.5693359375,1.98489543561547,-1.14217228257973
33.7600708007813,1.40913816854588,-0.78148541661489
33.9508056640625,1.9911107299403,-1.00018507913815
34.1415405273438,1.23242885247955,-1.56902291366826
34.332275390625,1.36052567483544,-1.56760075705416
34.5230102539063,2.22671022912811,-1.17267730014687
34.7137451171875,1.36673457807749,-1.08884151233535
34.9044799804688,0.850093149742289,-1.14140413316442
35.09521484375,1.64138087572758,-0.11034175616508
35.2859497070313,2.27521197251187,-1.8604570369806
35.4766845703125,1.93728672769683,-2.13700420220832
35.6674194335938,2.27889630433448,-1.5472909140912
35.858154296875,2.32685193876448,-0.658026724059672
36.0488891601563,1.84222771043859,-1.47060829222294
36.2396240234375,1.49584566199517,-1.60227383801168
36.4303588867188,2.26103618935744,-0.888828323130602
36.62109375,2.99278430895343,-0.842958133352486
36.8118286132813,2.8567649153909,-1.62474775910003
37.0025634765625,3.16857697358241,-1.20032518843851
37.1932983398438,2.24958061026062,-2.12190298584733
37.384033203125,3.04071482492841,-1.6218242806041
37.5747680664063,3.10456825625658,-1.72100841087776
37.7655029296875,2.10069510135171,-1.22829402533926
37.9562377929688,2.21025999708445,-2.17864598147521
38.14697265625,3.12352564303717,-2.19820815270296
38.3377075195313,3.16934334258736,-2.6182631292504
38.5284423828125,3.32704468214853,-1.90401691467106
38.7191772460938,2.5056203200916,-2.03795730870598
38.909912109375,3.3016333103322,-2.35652210694622
39.1006469726563,4.30772866342281,-2.30235371840784
39.2913818359375,3.11707976964478,-1.95980230998476
39.4821166992188,2.45591057529025,-1.95390364738004
39.6728515625,3.62466482506245,-2.76246135583084
39.8635864257813,3.05432740280349,-3.22524253836718
40.0543212890625,3.50991659737926,-2.27172394607529
40.2450561523438,2.71491941099272,-2.77661357739238
40.435791015625,3.29802732955322,-1.6291258663396
40.6265258789063,3.18841285414383,-1.53835180892747
40.8172607421875,3.07645319401419,-2.70385355738708
41.0079956054688,2.99797610647117,-1.918072120175
41.19873046875,1.90232509214574,-3.1552434915596
41.3894653320313,2.89812905274332,-3.37776113301432
41.5802001953125,4.10950821693729,-2.92293758825361
41.7709350585938,2.7569686711501,-3.41339805902562
41.961669921875,3.52829693927857,-2.43605124203101
42.1524047851563,3.55186974258473,-4.74034153815389
42.3431396484375,3.19058463428511,-3.87597032434063
42.5338745117188,2.71204834336221,-4.28300640347278
42.724609375,1.21873545336371,-3.38415342268285
42.9153442382813,2.87602506711615,-4.4179832504814
43.1060791015625,2.44991157514881,-3.47049495863303
43.2968139648438,3.43390149139001,-3.58033782813099
43.487548828125,2.68497590752298,-3.36610337281309
43.6782836914063,1.67056474889591,-3.89776681554563
43.8690185546875,2.30763853567119,-3.86695871887411
44.0597534179688,2.48079509675206,-3.98672090713075
44.25048828125,2.91732119019656,-3.90492411682085
44.4412231445313,2.33083587578705,-4.07454963823155
44.6319580078125,0.479383544174547,-3.85526756487603
44.8226928710938,1.07794275853081,-3.72521426595145
45.013427734375,2.95822630442827,-4.99645293436684
45.2041625976563,0.692106768302876,-3.77353117750812
45.3948974609375,1.38591184328595,-4.27028013191934
45.5856323242188,1.16981638283458,-3.02808072316975
45.7763671875,1.06920785038679,-4.63422271145265
45.9671020507813,0.788747474227609,-4.02357079052799
46.1578369140625,1.39535020809797,-3.79890801894912
46.3485717773438,1.88298286488128,-3.30511676767835
46.539306640625,1.24377005307669,-4.23017012657825
46.7300415039063,0.475610476275851,-4.48318209997793
46.9207763671875,0.905050775325535,-4.46391715628163
47.1115112304688,1.56214322075443,-2.42535230575062
47.30224609375,0.112169323965707,-2.79985024260289
47.4929809570313,0.847859638699555,-4.67068219669945
47.6837158203125,0.94411233448971,-4.12539171130753
47.8744506835938,1.81073617496254,-3.44716911489762
48.065185546875,0.0109691982492482,-3.52753742701389
48.2559204101563,-0.435316762464921,-3.68791291128932
48.4466552734375,0.848229153438337,-2.6675422814974
48.6373901367188,0.218264846932688,-2.98731438467498
48.828125,1.36248738847964,-2.94222424527887
49.0188598632813,0.276329442201671,-3.03833415411197
49.2095947265625,0.777842667073004,-2.32420569670421
49.4003295898438,0.217432281038502,-2.89179017929204
49.591064453125,0.142481136092593,-3.21336446539594
49.7817993164063,0.541999485543298,-3.24814233897181
49.9725341796875,0.606359872734224,-3.03766734560807
50.1632690429688,0.844252863567065,-4.7455910514261
50.35400390625,0.309642293964508,-3.05329190838793
50.5447387695313,0.0901023201045631,-2.66856185394184
50.7354736328125,-0.799801485291848,-2.22759811120974
50.9262084960938,0.544985947476895,-3.96452627208294
51.116943359375,1.84585568650852,-2.54827102355351
51.3076782226563,0.574160705867028,-2.94622635743482
51.4984130859375,-0.185365997310187,-2.678639661768
51.6891479492188,0.139500466435029,-2.76239957216604
51.8798828125,0.379284576465432,-2.87691769406933
52.0706176757813,0.627033068102651,-2.35290942092287
52.2613525390625,-0.153323079959518,-2.77995383162856
52.4520874023438,0.439107275493441,-2.82406849954217
52.642822265625,1.20653869304592,-2.78603767240067
52.8335571289063,-0.52703455596742,-2.30195047928708
53.0242919921875,0.698795450111942,-2.21132788160228
53.2150268554688,-0.0307294187333831,-3.82855883285687
53.40576171875,-0.429617539963234,-2.41308534369702
53.5964965820313,0.407256849108764,-3.03685234840507
53.7872314453125,0.00688932547879169,-2.46751763739577
53.9779663085938,0.346399498494603,-1.42505479503376
54.168701171875,-0.0565091098649626,-2.65921433210702
54.3594360351563,0.491831609362678,-2.94324716947778
54.5501708984375,0.944888152446965,-3.77683003645033
54.7409057617188,-0.977815260965434,-3.20669832926175
54.931640625,0.206356347571141,-3.45537050509737
55.1223754882813,0.358930345996936,-3.51263578595465
55.3131103515625,1.0210875472644,-2.98661809009998
55.5038452148438,0.967776194257542,-2.52801284277364
55.694580078125,0.50397113287463,-2.99863739829779
55.8853149414063,1.6417969408604,-1.49013233665882
56.0760498046875,0.584053072969161,-2.62832989759956
56.2667846679688,0.264616155233723,-1.98203889119062
56.45751953125,0.160647510763304,-2.23366150505831
56.6482543945313,0.0983326409795659,-0.826744645896571
56.8389892578125,0.611068175905987,-2.40937128325396
57.0297241210938,0.416724586879572,-2.70620578577577
57.220458984375,-0.155859212000665,-3.44588167955568
57.4111938476563,1.17054985789024,-2.33652347819249
57.6019287109375,0.639155648035592,-2.12453558863941
57.7926635742188,0.36588272259697,-2.45741509131327
57.9833984375,-0.0397626218678363,-2.28854926292893
58.1741333007813,-0.790255491249031,-2.90273474122248
58.3648681640625,0.78431631511026,-2.50512374890242
58.5556030273438,0.560535449599864,-2.45584211528284
58.746337890625,0.419457326120555,-1.84141982867102
58.9370727539063,1.81873923185708,-2.55846286346435
59.1278076171875,0.318334585668181,-1.48348078049743
59.3185424804688,-0.0211762525804247,-1.28059813146286
59.50927734375,0.572106190658412,-2.95668418420833
59.7000122070313,0.608859997491715,-2.19335503210832
59.8907470703125,-0.412607146029742,-3.08558635765675
60.0814819335938,0.116188848992525,-1.54934852833336
60.272216796875,0.462621186256305,-2.15095421600157
60.4629516601563,0.483062502573974,-1.44400389785668
60.6536865234375,0.791347116514378,-0.940030834296912
60.8444213867188,1.56690840133816,-2.46361103964513
61.03515625,-0.0710737504542453,-2.32678862888469
61.2258911132813,0.311691511385943,-2.6010732546265
61.4166259765625,-0.363756532878149,-1.35058513956671
61.6073608398438,1.15757497011566,-2.92830592434958
61.798095703125,0.883081052683659,-1.65777423153835
61.9888305664063,0.775608008837729,-2.33835840332413
62.1795654296875,0.365711686964046,-2.1277600260929
62.3703002929688,0.0255826185232245,-2.71854023471225
62.56103515625,0.93676913860982,-1.70850806286803
62.7517700195313,0.908881045746445,-2.4408033888343
62.9425048828125,-0.0400329848787663,-2.24133291015955
63.1332397460938,-0.193056505792269,-2.31976593536134
63.323974609375,-0.221397936256636,-1.32838487288753
63.5147094726563,0.176047147816363,-2.49735350314723
63.7054443359375,-0.835690932273599,-1.44443088342551
63.8961791992188,1.34623590307762,-0.401062202649291
64.0869140625,-0.0621320325605328,-1.7391293267473
64.2776489257813,-0.545593807051957,-2.05027761326285
64.4683837890625,0.0377668084205104,-1.06477149293731
64.6591186523438,1.79279814054732,-2.04079237915437
64.849853515625,1.58994982000739,-2.49272268223143
65.0405883789063,-0.0415672717397074,-2.16871066761308
65.2313232421875,1.47188682865762,-2.51162720895853
65.4220581054688,-0.302123477625689,-1.41262292463303
65.61279296875,-0.147292468083911,-3.18569652032789
65.8035278320313,0.234290491315747,-2.03415347338648
65.9942626953125,0.0938471329997756,-2.12868218126471
66.1849975585938,1.16330850871218,-2.44242397612243
66.375732421875,-0.152243351144887,-2.12855846248954
66.5664672851563,0.87798449448708,-0.977153579149344
66.7572021484375,0.0599356984456489,-1.36843896788812
66.9479370117188,0.0884755286105747,-1.05802058989997
67.138671875,0.216576485576429,-1.02384382035857
67.3294067382813,-0.214426578349466,-3.77837203260259
67.5201416015625,0.654254561261545,-1.98528367096138
67.7108764648438,0.233444768216737,-2.96613767505085
67.901611328125,-0.785625092721928,-3.27399750208841
68.0923461914063,1.15040387548697,-1.38927655843727
68.2830810546875,-0.170793447927529,-1.89578991128679
68.4738159179688,0.513711600205884,-1.03839948950674
68.66455078125,-0.0134896495842562,-2.04021999842245
68.8552856445313,0.41019423450898,-1.61603736136014
69.0460205078125,1.40838937880841,-2.02601985975127
69.2367553710938,0.485910752565942,-1.64876877347107
69.427490234375,0.817296081549605,-1.64793547400176
69.6182250976563,0.318215349960367,-1.50725583727885
69.8089599609375,0.6123439189446,-1.60308701724758
69.9996948242188,-0.0765943734820662,-1.12363506073159
70.1904296875,-0.285664489559185,-2.46207980735521
70.3811645507813,0.812855131924318,-1.45441492524884
70.5718994140625,0.644711091219199,-1.42930526279768
70.7626342773438,0.582381829988885,-1.60175010708644
70.953369140625,0.844267040577525,-1.99171343310184
71.1441040039063,-0.206081816727075,-1.96850225312288
71.3348388671875,0.539882539387167,-1.13202397006156
71.5255737304688,-0.228862578100545,-1.10752754757104
71.71630859375,0.352189571201946,-1.99519326565628
71.9070434570313,-0.687025710980686,-1.16232622381547
72.0977783203125,-0.284978526729226,-2.81913948125389
72.2885131835938,0.143702569128742,-2.26977942931925
72.479248046875,0.0211983880511876,-2.13001704482798
72.6699829101563,0.195585620320518,-1.84256129651034
72.8607177734375,0.780071163160271,-0.858618632293914
73.0514526367188,0.23255047997971,-2.83518134445059
73.2421875,0.528374789907744,-2.77395581858664
73.4329223632813,-0.19661466211323,-2.09861053046055
73.6236572265625,0.962746024943047,-1.53895872887432
73.8143920898438,0.9415736489979,-2.87520487413885
74.005126953125,-0.807097302114101,-2.06245020706836
74.1958618164063,0.533493889641529,-1.67353175485457
74.3865966796875,1.45820377914524,-1.32760734003239
74.5773315429688,0.723149387159379,-1.66618039575226
74.76806640625,1.08946740196333,-0.878514564377641
74.9588012695313,0.294474139900328,-2.28004450294136
75.1495361328125,0.485402739496731,-1.57647314181833
75.3402709960938,0.530365096630126,-0.858376384502715
75.531005859375,0.432104135554421,-1.54055174076059
75.7217407226563,0.433413733805859,-1.94805057222815
75.9124755859375,-0.374525521029935,-1.93985404486364
76.1032104492188,1.13887809338624,-1.70627564151869
76.2939453125,0.908647306338491,-2.0464247943731
76.4846801757813,-0.155859539517674,-1.30635465501499
76.6754150390625,1.20267442488342,-1.4787640622541
76.8661499023438,-0.381384330462349,-2.59753124781725
77.056884765625,1.22963983243843,-1.46615467988024
77.2476196289063,-0.413828657809773,-1.8827993951142
77.4383544921875,0.680523965602437,-1.72825539142544
77.6290893554688,0.165214652176407,-1.78447017032671
77.81982421875,1.10967183351073,-1.87058289482113
78.0105590820313,0.255376426177892,-1.51214071293114
78.2012939453125,0.350514516892723,-2.45835225537196
78.3920288085938,0.446792736707655,-2.59176389443973
78.582763671875,1.21349883289008,-0.292308768422569
78.7734985351563,0.141164716524744,-1.47741461036023
78.9642333984375,0.240349828912806,-1.70292419013621
79.1549682617188,0.0922558041130772,-2.24715151839592
79.345703125,0.0216670860947828,-1.94592848893888
79.5364379882813,0.256801080558844,-1.5373029645469
79.7271728515625,0.0379564810669207,-1.8568874075763
79.9179077148438,-0.696188461502595,0.152938080506062
80.108642578125,0.400483096817125,-2.05847394210456
80.2993774414063,1.11632759419344,-0.899796859044755
80.4901123046875,0.585041902603253,-1.53387102170326
80.6808471679688,0.323192853294864,-2.04850836759958
80.87158203125,0.917175104457366,-2.34152973752822
81.0623168945313,0.858337284650377,-1.62723192331628
81.2530517578125,0.517200886237154,-1.61997677046608
81.4437866210938,0.80062718134768,-2.07307827049373
81.634521484375,0.707844449347822,-2.82532636770002
81.8252563476563,-0.628596210727191,-1.00593614788075
82.0159912109375,-0.713510534320029,-2.16154588211394
82.2067260742188,0.674268430871557,-1.79625222082602
82.3974609375,0.977655064916713,-1.78248643246913
82.5881958007813,0.00997717890056891,-0.802274280304238
82.7789306640625,0.0892813987154618,-1.19664100506269
82.9696655273438,-0.123371857527351,-1.61001144773711
83.160400390625,-0.152740257488617,-2.19859077340368
83.3511352539063,-0.0503786728868073,-1.82503429720487
83.5418701171875,0.374263096528664,-1.91501837800438
83.7326049804688,0.544907546941193,-0.295564885286769
83.92333984375,0.0277219939337559,-1.6155360674779
84.1140747070313,0.486930310919465,-2.41333978350244
84.3048095703125,-0.255339705562637,-0.47279397386317
84.4955444335938,-1.10560707289972,-0.967388785598635
84.686279296875,0.445682023609396,-1.35928980643731
84.8770141601563,0.867731024446152,-2.26615205276372
85.0677490234375,-0.961857821399528,-1.68549346002955
85.2584838867188,0.0797452214298297,-2.08542698059136
85.44921875,0.370147247870513,-1.55805695705631
85.6399536132813,0.800120481438127,-1.28161550391106
85.8306884765625,-0.251088385603749,-1.5475848235613
86.0214233398438,0.198776866397545,-0.760706291440183
86.212158203125,0.543743015920234,-2.29743213534697
86.4028930664063,1.62658913750167,-1.09803874706486
86.5936279296875,-0.294087268197631,-0.543959305761516
86.7843627929688,0.27141168216577,-2.38030315910852
86.97509765625,0.42848111063325,-2.10159235324049
87.1658325195313,0.00212107827475704,-1.21134757895448
87.3565673828125,-0.730609951450994,-1.87865969351687
87.5473022460938,-0.399002449958598,-1.52927526953357
87.738037109375,0.71163297992941,-1.89368922544265
87.9287719726563,0.568638714248125,-1.28448510887172
88.1195068359375,0.0669298698085586,-0.157060007199714
88.3102416992188,0.329613712346876,-1.69377043449127
88.5009765625,-0.60195073276604,-1.56860351113823
88.6917114257813,0.237157904590589,-0.535020428029192
88.8824462890625,0.511203340524044,-1.92216064981464
89.0731811523438,-0.0276144521982361,-2.15794619167392
89.263916015625,-0.249095745536604,-1.64023885313294
89.4546508789063,0.557681150361626,-0.791752062126855
89.6453857421875,0.307420129579228,-0.568139244992127
89.8361206054688,1.08656225785648,-1.44684925788301
90.02685546875,0.805522730235228,-0.960825759487526
90.2175903320313,0.456426427617551,-1.00658927453066
90.4083251953125,0.230427039858467,-1.50472925287227
90.5990600585938,0.89680352499399,-1.43362005974221
90.789794921875,-0.0616138285043252,-1.59944896093427
90.9805297851563,-0.222852643015338,-1.28460149879869
91.1712646484375,-0.290700017922914,-1.36413327138902
91.3619995117188,0.718023165614341,-0.739214429420132
91.552734375,-0.191043031356195,-1.81435304206447
91.7434692382813,-0.369496424196446,-1.04650388434223
91.9342041015625,1.45616544303462,-2.19770297639578
92.1249389648438,0.747855783813187,-1.49795024392766
92.315673828125,0.704000671695341,-1.44451226497299
92.5064086914063,1.12608034176779,-1.96675496217965
92.6971435546875,0.694805476504368,-1.07225264656765
92.8878784179688,0.14843104507328,-0.662491007077342
93.07861328125,0.525156061399793,-1.01921231733429
93.2693481445313,0.134873271887408,-1.33237621312002
93.4600830078125,-0.255538206108084,-0.422858668759977
93.6508178710938,0.857545774180237,-2.18387278597327
93.841552734375,-0.126276059176168,-0.902918952578431
94.0322875976563,-0.168949078801742,-1.43936700754264
94.2230224609375,0.292893443194807,-2.51921466195994
94.4137573242188,0.149344240052559,-2.34323740059322
94.6044921875,0.0162800651257567,-1.94983568940899
94.7952270507813,0.721337705171866,-0.82401191363458
94.9859619140625,-0.0286679248479016,-1.62127434834533
95.1766967773438,0.703384229944764,-1.89480213887625
95.367431640625,-0.549535237496319,-1.68172309253372
95.5581665039063,-0.221451302783918,-1.22910255193664
95.7489013671875,0.144087235841336,-0.854931693312052
95.9396362304688,0.342222848359662,-1.38846729030955
96.13037109375,-1.13708168761598,-2.13529148493988
96.3211059570313,0.275431259362653,-1.25214272970298
96.5118408203125,-0.0412772131008071,-0.865647751550767
96.7025756835938,0.18063832924327,-1.69610919180739
96.893310546875,-0.28673093481829,-1.173287835068
97.0840454101563,0.473618524530203,-1.32160551724692
97.2747802734375,0.220074449809354,-1.22030567248072
97.4655151367188,-0.0680715067150609,-1.09329729915554
97.65625,0.454472952156569,-0.387109339992069
97.8469848632813,-0.693255605743515,-1.33210200561168
98.0377197265625,0.363894848364493,-0.95103737662371
98.2284545898438,-0.181322109989037,-1.635964632033
98.419189453125,0.900905240146507,-1.70464820677755
98.6099243164063,-1.1016382076547,-1.32288661831382
98.8006591796875,0.356507200778595,-1.37383053562842
98.9913940429688,0.36454849209852,-1.02335728635681
99.18212890625,0.7310285319091,-1.1809912959969
99.3728637695313,0.676781374218412,-0.672980007086488
99.5635986328125,1.5783592287776,0.0878764225674668
99.7543334960938,-0.195457297421157,-1.71172945542174
99.945068359375,-0.0405540736328604,-1.64950118017267
100.135803222656,0.961419832497734,-1.71412889082835
100.326538085938,-0.235135258241339,-0.86873394491653
100.517272949219,0.283124424847889,-2.06609988807057
100.7080078125,0.38385572402972,-1.41283966826691
100.898742675781,1.19775021578806,-2.01072379549022
101.089477539063,0.745650551183383,-1.18424933862964
101.280212402344,0.702008965177071,-1.03761950171951
101.470947265625,0.0580809054799812,-1.50240820767052
101.661682128906,0.392007685848375,-1.15372778993153
101.852416992188,1.32651810095231,-1.96075108998867
102.043151855469,-0.462940561933256,-0.0868760213489119
102.23388671875,0.490066968444839,-0.972879491642462
102.424621582031,0.587434420942637,-1.33552769125843
102.615356445313,-0.0855574376177384,-1.85107857211709
102.806091308594,1.00661060890253,-0.860557125216874
102.996826171875,0.573559858639823,-1.15876267717941
103.187561035156,0.0135348606171058,-0.22146951752139
103.378295898438,0.177870850684465,-0.419497617098985
103.569030761719,-0.14854743728481,-0.381321944916247
103.759765625,0.208540998918026,-1.74260586700377
103.950500488281,0.290248296552211,-1.63020159564793
104.141235351563,-0.670992919737616,-0.896738746180507
104.331970214844,0.248580326562795,-1.39461653501289
104.522705078125,0.252275739303357,-0.973658997011141
104.713439941406,0.40258109682237,-0.115763563833766
104.904174804688,-0.0863481946696405,-0.545492887903374
105.094909667969,0.65626568489717,-1.57924201569388
105.28564453125,0.0989770053971026,-1.58895134824947
105.476379394531,0.194957998488639,-1.45299944185507
105.667114257813,0.139764364569474,-0.425200025145879
105.857849121094,0.542631080182375,-0.471112971602409
106.048583984375,0.339261426702118,-1.38408582012167
106.239318847656,-0.995900043427283,-1.71095400472828
106.430053710938,0.245428957233889,-2.4963844872238
106.620788574219,0.727363426500886,-1.81280525829204
106.8115234375,-0.559588451079787,-0.264753447824354
107.002258300781,0.222788349250347,-1.57099927907704
107.192993164063,-0.762418918334959,-1.32056558393275
107.383728027344,0.572770404431069,-1.56096781389207
107.574462890625,0.347737799603109,-1.2548027222557
107.765197753906,0.829824539638612,-1.52458470504752
107.955932617188,0.860656811571239,-1.3186450471677
108.146667480469,0.312486433680544,-0.409395346199685
108.33740234375,-0.684249941059269,-1.54553488278701
108.528137207031,0.0415096599882891,-0.790966048044203
108.718872070313,0.531326201879378,-1.36622066384937
108.909606933594,0.164173932111296,0.6223815334049
109.100341796875,-0.393108142254588,-0.785506805069819
109.291076660156,1.16942040414353,-1.54784901604655
109.481811523438,0.839624771514499,-1.42857350304165
109.672546386719,-0.30597186176843,-0.344071550408813
109.86328125,0.0621265616868352,-0.900439053149905
110.054016113281,0.321125691226871,-0.591996021698636
110.244750976563,0.474491531138618,-1.33873448251221
110.435485839844,0.349183021319867,-0.546730233311432
110.626220703125,0.256627697827836,-1.92691425499497
110.816955566406,-0.35899469633752,-1.31481669385035
111.007690429688,-0.156615989033133,-1.36473044497602
111.198425292969,-0.512254188862088,-1.48275945586528
111.38916015625,0.423768819366713,-1.14235471778046
111.579895019531,0.181420207231296,-1.41413508118554
111.770629882813,1.25047229454252,-0.742281448363405
111.961364746094,0.423030307733241,-1.52449247282801
112.152099609375,0.129470622600694,-1.56698166232157
112.342834472656,1.09728848959577,-1.7954043368536
112.533569335938,0.33348572470569,-1.40978776080656
112.724304199219,0.611565154697903,-1.06255997434788
112.9150390625,0.298631363302458,-2.2324237204465
113.105773925781,-0.677831093518526,-0.799573533639591
113.296508789063,0.465498905956887,-0.924037833158171
113.487243652344,0.299759675485404,-0.574282151442078
113.677978515625,0.701698458388589,-0.720454413643142
113.868713378906,-0.475073488775368,-1.10471425241687
114.059448242188,0.636807012951139,-0.186870132703524
114.250183105469,1.06012402597822,-1.01841759908623
114.44091796875,0.037396395363021,-1.19038126097319
114.631652832031,0.467127346199653,-1.37006600524439
114.822387695313,-0.481537248215327,-0.889032430862268
115.013122558594,-0.105235853249336,-0.65716264770421
115.203857421875,0.147495399082699,-1.2867967057937
115.394592285156,-0.630988127383803,-1.34892266600286
115.585327148438,-1.19829870078209,-2.12589352326818
115.776062011719,-0.134680395276187,-0.67667185543436
115.966796875,0.425921546847868,-0.571373352469591
116.157531738281,1.26567055600987,-0.405950445720088
116.348266601563,-0.517342310931757,-0.757873738497021
116.539001464844,-0.513507005734855,-0.733191748915477
116.729736328125,0.247707823798263,-1.84182249667452
116.920471191406,-0.0757676749462368,-0.292727495444236
117.111206054688,0.046793545115822,-0.498307648673553
117.301940917969,0.782870600933016,-1.43446214950602
117.49267578125,-0.313816398920462,-1.03179813234228
117.683410644531,0.69204730425198,-1.47181445659312
117.874145507813,1.24073872643927,-0.0237298892205225
118.064880371094,1.08406970460002,-0.806900885643115
118.255615234375,-0.350289209454091,0.069857759325048
118.446350097656,0.308629012210868,-0.955939146798461
118.637084960938,0.351992922330349,-0.509527807228144
118.827819824219,0.103772468580939,-1.04101043449884
119.0185546875,-0.396152537747112,-0.95746195768309
119.209289550781,1.01125188172523,-0.559970966883189
119.400024414063,-0.210076869787819,-0.741945748744897
119.590759277344,1.36030600623542,-1.72264727797042
119.781494140625,0.593745433988021,-1.03523313409194
119.972229003906,0.925146730042663,-1.65314111213646
120.162963867188,0.096585768366652,-1.45748207700971
120.353698730469,-0.177486714689887,-0.981524922280478
120.54443359375,-0.111636981599142,-0.760447421340479
120.735168457031,0.830159567881755,-0.533794462277545
120.925903320313,1.60456750439917,-1.2612255077853
121.116638183594,0.0472666296695245,-0.377306064246994
121.307373046875,-0.507922419225088,-1.26582130201162
121.498107910156,-0.0718055258346118,-1.49703907851355
121.688842773438,-0.372241865758379,-0.938957884909583
121.879577636719,0.399233556705319,-1.12108109019095
122.0703125,0.818170745342012,-0.18760455514496
122.261047363281,0.922600008534227,-1.27346028291157
122.451782226563,7.54165358125974E-05,-0.931801288293288
122.642517089844,1.21840833004012,-0.931613402629317
122.833251953125,0.521373323480419,-1.33050941029809
123.023986816406,0.0199931164386378,-0.845723848593627
123.214721679688,-0.0686131072554616,-1.17515766974823
123.405456542969,1.02981371620482,-0.37534196693983
123.59619140625,0.108688761048066,-0.48271960348889
123.786926269531,0.161728711071342,-0.387034456690007
123.977661132813,0.769443417912284,-0.865737652574672
124.168395996094,0.48596063670104,-0.359282111133509
124.359130859375,-0.0453025527641441,-0.456602636597427
124.549865722656,-0.29445856822908,-0.867253659935716
124.740600585938,0.207110281533661,-0.308007351973815
124.931335449219,0.878855734034005,-0.318285093804583
125.1220703125,0.699177573022092,-1.09349682908071
125.312805175781,0.723342818330276,-2.04425229019221
125.503540039063,-0.86665942060486,-1.12554601583578
125.694274902344,0.477075946827028,-1.13749378039562
125.885009765625,0.267614227287356,-1.16162823881068
126.075744628906,0.591260969456258,-0.712072600862861
126.266479492188,-1.52351477679841,-1.67840976770944
126.457214355469,-0.2096942446737,-0.523447563962974
126.64794921875,-0.0415914530883335,-1.44297286241262
126.838684082031,-0.253010188998617,-1.45616013651473
127.029418945313,0.246931042610101,-0.818258281847217
127.220153808594,-0.177648556374564,-1.09673199214056
127.410888671875,0.5182484030678,-0.965739012062129
127.601623535156,1.33396710230677,-1.07861561624406
127.792358398438,0.00733783064372813,-1.1250592345296
127.983093261719,0.166032407896014,-2.13115317320332
128.173828125,1.17140226950726,-1.34589250159228
128.364562988281,0.302622804309435,-0.787339638169085
128.555297851563,0.529518735988607,-0.120514866244277
128.746032714844,0.824444289810753,-0.88249070068003
128.936767578125,0.0725843987866408,-0.741256107694895
129.127502441406,0.709674209554987,-0.0547534193257876
129.318237304688,0.218312590732235,-1.59705010966848
129.508972167969,0.29288733701387,-0.867612061125416
129.69970703125,0.758831169632874,-0.677364739232435
129.890441894531,0.747293268116914,-1.16940067066518
130.081176757813,-0.0131971312470858,-0.492156941677787
130.271911621094,0.935898803567017,-1.14006291545173
130.462646484375,1.08333058863675,-1.10597935709879
130.653381347656,-1.16056342374247,-0.859798692567555
130.844116210938,0.482443196152743,-0.314922713526153
131.034851074219,0.135207647044063,-1.31374902524158
131.2255859375,0.416750953527001,-0.151611605393497
131.416320800781,0.815004792237587,-0.927343336800578
131.607055664063,0.341256838448275,-0.621403947119601
131.797790527344,-0.195467750791757,-0.413622431020568
131.988525390625,1.21574850046517,-0.51904414536059
132.179260253906,-0.0829124587761479,-1.56818572299063
132.369995117188,-0.129297245091379,-0.31236660859407
132.560729980469,0.717776580022976,-0.226668122406635
132.75146484375,1.60911757013307,-0.868968070372606
132.942199707031,0.399912472945284,-1.29751821771295
133.132934570313,-0.11730893231343,-0.644761451445351
133.323669433594,0.330348303663009,-1.67149846220487
133.514404296875,-0.201231064485647,0.119380954305298
133.705139160156,0.289518224805577,-0.264032661565575
133.895874023438,-0.427683302849778,-1.4135400961453
134.086608886719,-0.196744426913642,-0.548961018663333
134.27734375,0.567245118832036,0.179611933396576
134.468078613281,0.963727866464404,-1.19076271154602
134.658813476563,0.232818077747779,-1.07363249860037
134.849548339844,0.326477352600738,-0.716376048081219
135.040283203125,0.933668586825185,-1.13195302023138
135.231018066406,0.606831881751249,-1.26790959051601
135.421752929688,0.73335179586454,-1.57384833179591
135.612487792969,0.460109115426975,-0.92642445646721
135.80322265625,1.28727323560595,-1.32386237088691
135.993957519531,0.498677632916229,-1.26692354016338
136.184692382813,0.477299289295976,-0.54929137253722
136.375427246094,0.850015771712405,-1.38665807819912
136.566162109375,-0.385450682445101,-0.929737694381093
136.756896972656,0.290403436402319,-1.60573923914288
136.947631835938,0.29684934435593,-1.11767708695071
137.138366699219,0.0255697245908529,0.311300617198337
137.3291015625,0.0144153071460191,0.0806131947250596
137.519836425781,0.0192532608303059,-0.990543728924031
137.710571289063,0.504049064842932,-1.63024405246175
137.901306152344,-0.824243262023046,-0.852869297559115
138.092041015625,0.111582977404265,-0.313217727835746
138.282775878906,0.901530651133468,-2.16915068916728
138.473510742188,-0.247941962548732,-0.140256983908075
138.664245605469,1.16461919664131,-0.496151365480118
138.85498046875,0.493740081779536,-0.92266013295188
139.045715332031,0.704998442841142,-2.25920519410116
139.236450195313,0.128553316264914,-0.950313398434667
139.427185058594,0.849319034500197,-0.125447752161124
139.617919921875,-0.0281009173949903,-1.2204638723385
139.808654785156,1.9737548247195,-1.60283626770408
139.999389648438,1.44642450332599,-0.451134971396703
140.190124511719,0.579304635096206,-1.29017569169279
140.380859375,-0.409208369186756,-1.15207447178504
140.571594238281,-0.344954076285686,-1.3723748575694
140.762329101563,-0.186425037170929,-0.747556140092713
140.953063964844,0.649512549099078,-0.653149008680458
141.143798828125,0.188265784925525,-1.58544557248897
141.334533691406,-0.521322289234915,-0.487351621381695
141.525268554688,1.14328183494133,0.125518843050925
141.716003417969,-0.251572278941495,-0.308183134308374
141.90673828125,0.0683664066750971,-0.163979093941707
142.097473144531,0.323969395498191,-0.328949090091946
142.288208007813,0.264603044362777,-1.62348041044369
142.478942871094,0.166414394198849,-1.60496992388542
142.669677734375,1.04887782546794,-1.26460999282252
142.860412597656,0.582435995483139,-1.58995604787378
143.051147460938,0.198012071652049,-1.45880404514143
143.241882324219,0.505158461087759,-0.819172401439334
143.4326171875,-0.496611364736987,-1.08512660823205
143.623352050781,0.613123523550934,-0.76101145333965
143.814086914063,0.368253523835876,-0.494477415551141
144.004821777344,0.7851869326626,-1.18675090546061
144.195556640625,0.316021523340181,-0.451307524790774
144.386291503906,-0.457731814213172,-0.725693892389786
144.577026367188,0.406685101603881,-1.35746611691888
144.767761230469,0.71665809333854,-1.09084742290293
144.95849609375,0.0611045402681722,-0.662093927199291
145.149230957031,-0.409592457206546,-0.812244918979245
145.339965820313,0.411013496908241,-1.6974610963791
145.530700683594,0.00824290222647137,-0.984025429713282
145.721435546875,1.07841414792572,-0.816417330443455
145.912170410156,0.367123429937124,-1.26031811332737
146.102905273438,0.186722184743128,-0.848974466190124
146.293640136719,-0.798620509546516,-1.01434873642299
146.484375,0.313149028919805,-0.378804727593738
146.675109863281,0.48343806049481,-0.51624314818428
146.865844726563,-0.613445834129665,-0.610783470283475
147.056579589844,-0.00674838811505139,-1.17552321442627
147.247314453125,0.988289485200376,0.0850206860911614
147.438049316406,1.12418150758717,-1.36454994830699
147.628784179688,-0.241408873230991,-0.682978217967639
147.819519042969,1.01417898096464,-1.40206925763498
148.01025390625,0.827092338340482,-1.98113542687768
148.200988769531,0.558703350482268,-2.16927876845207
148.391723632813,0.0599052204884992,-1.91177079200925
148.582458496094,0.146072946694676,0.242634616195806
148.773193359375,-0.660116556570062,-0.219926085163715
148.963928222656,1.36534009753606,-1.5155414364184
149.154663085938,0.64387096045383,-1.01869269160235
149.345397949219,0.193108659288726,-0.675108880839165
149.5361328125,-0.0871055142540438,-0.470872549053016
149.726867675781,-0.230878571429661,-0.569697612883335
149.917602539063,-0.270089165861024,-0.697387292170272
