Fre(kHz),Re,Im
-149.917602539063,-0.696900607902834,0.724224659238966,ZeroPoint:Tj,63,1.3
-149.726867675781,0.292967535348258,1.21029218713433,Const.;stime,-19.03804752,6.4E-07
-149.5361328125,1.66779747318786,1.97876714812138,Fre.Range:Tau,-150:150,1.5E-05
-149.345397949219,0.658023569910557,0.165970898150877,FFTSize:DataSize:Firstpul,8192:8192,4.5E-07
-149.154663085938,0.256397581386323,1.59273134680461,50KspinechoT1F6666,Freq.=141410000
-148.963928222656,1.15512540092289,1.50368142112089
-148.773193359375,-0.0927546784821441,1.09855709705759
-148.582458496094,-0.229982433521678,0.822352249008345
-148.391723632813,-0.336119454390852,1.74209954796123
-148.200988769531,-0.037035990654699,0.282375141671497
-148.01025390625,-0.501112232109166,1.06901225303772
-147.819519042969,1.0573973844907,1.63417682475975
-147.628784179688,0.456634425016333,1.80090531717512
-147.438049316406,1.06717628744435,1.38015606037465
-147.247314453125,0.362777042982436,1.24380869586474
-147.056579589844,-0.0120667683355459,0.847350226843119
-146.865844726563,-0.352568575157254,1.12091876052496
-146.675109863281,-0.0701781234139308,0.99535391021493
-146.484375,0.420467212638275,1.01850953318637
-146.293640136719,-0.217296113240926,0.930453606387894
-146.102905273438,-0.285971341808508,1.37157446785791
-145.912170410156,0.179277520784966,0.6400796273163
-145.721435546875,0.588803199957497,0.0820862722491124
-145.530700683594,-0.654850390894048,1.49668854726822
-145.339965820313,0.0878140555915782,0.588595818547775
-145.149230957031,0.121625192465035,1.43951675422519
-144.95849609375,0.130816610894347,1.11268954631232
-144.767761230469,-0.173734678367801,1.14753690355679
-144.577026367188,-0.0329681958740661,1.08660237831177
-144.386291503906,-0.501244103543051,0.299887774456722
-144.195556640625,-0.0462759587026613,0.385681646719523
-144.004821777344,0.0544352042221625,1.45608256724698
-143.814086914063,-0.704235517211985,1.93357143606288
-143.623352050781,-0.59466271987229,0.68132935513365
-143.4326171875,-0.135048314356063,0.105729166649803
-143.241882324219,-1.17231763695297,0.420214048618351
-143.051147460938,0.638229494587333,0.801285284765171
-142.860412597656,1.09381865526723,0.474372381138921
-142.669677734375,-0.0587270652188414,-0.63390191581488
-142.478942871094,0.41903341234759,1.96767903580766
-142.288208007813,0.859491364992706,0.872079403932843
-142.097473144531,0.589744616361238,1.18949100190155
-141.90673828125,-1.35703202000544,0.621237852353731
-141.716003417969,0.93731082231319,0.883759038620927
-141.525268554688,0.383533369428892,1.66195424533205
-141.334533691406,-2.23030552977743,1.0854020195461
-141.143798828125,0.619928539728406,1.20066208496124
-140.953063964844,0.634665576888888,1.86541486581503
-140.762329101563,0.329703914945794,0.59692156947587
-140.571594238281,-1.28549750073261,1.30106904670727
-140.380859375,0.800024381710108,1.02386391627569
-140.190124511719,0.940062087711969,0.0902168377711198
-139.999389648438,0.41039353000028,-0.0588547929144658
-139.808654785156,-0.0615677904521875,1.96926581888378
-139.617919921875,-0.00338317161746165,1.82323879195822
-139.427185058594,0.0582898496950687,2.58092122623696
-139.236450195313,1.72407460536261,-0.018579120745098
-139.045715332031,0.138552926590011,0.388383487715689
-138.85498046875,1.55911010821383,1.16221628720723
-138.664245605469,0.846636029643053,0.55797560501413
-138.473510742188,-0.268021895984295,1.29855447877412
-138.282775878906,0.085173798355437,2.31238335952553
-138.092041015625,-0.108236093635212,1.6087410178858
-137.901306152344,1.27169574641842,1.6867069739123
-137.710571289063,0.577244810997805,1.31608796564296
-137.519836425781,0.76723052602075,1.25819023462272
-137.3291015625,0.0493284496673748,-0.231525490505711
-137.138366699219,-0.183252003291584,0.974384423615488
-136.947631835938,-0.431559058082267,-0.374351517823122
-136.756896972656,-0.298961864369615,1.00432823893172
-136.566162109375,-0.0119956706974825,0.746654819360205
-136.375427246094,0.133422441253098,0.968631469430658
-136.184692382813,0.294641213439301,1.41635549501668
-135.993957519531,0.65364547978599,1.2389956842444
-135.80322265625,1.86195257409579,0.92539338317005
-135.612487792969,-0.0735353917294846,0.146784780901922
-135.421752929688,1.04931534837997,0.496292785080639
-135.231018066406,0.240389393390243,1.29228023741686
-135.040283203125,1.06106897469559,1.85937101518122
-134.849548339844,0.564223331558761,0.49073794664472
-134.658813476563,0.434553206094882,1.45382553506186
-134.468078613281,0.648607293036344,1.23976478906118
-134.27734375,0.124413813342057,1.1132477665365
-134.086608886719,0.0671124760865143,2.90144584120982
-133.895874023438,0.285137578667026,1.09332706990519
-133.705139160156,-0.142057551069161,1.4157870777035
-133.514404296875,0.25848520051994,0.99833692389417
-133.323669433594,0.447576336095392,1.64421579100753
-133.132934570313,1.0405590195506,1.25807872478049
-132.942199707031,-0.0434905295908408,1.08760840815964
-132.75146484375,-0.224412773980982,1.20876776742944
-132.560729980469,0.178735766556698,1.2334227675521
-132.369995117188,0.325196909971055,0.699039069541907
-132.179260253906,-0.9121242823662,1.2221750283591
-131.988525390625,1.03736500150587,1.25750034496095
-131.797790527344,1.03221306135991,2.41125025011641
-131.607055664063,0.220764924357424,0.949122193506047
-131.416320800781,-0.0481051198893638,1.32421307359758
-131.2255859375,0.499650383760241,0.84326927637225
-131.034851074219,0.932965935865633,0.879794694167581
-130.844116210938,-0.624701414859327,0.153707883627976
-130.653381347656,-0.304817167653215,1.22248908082581
-130.462646484375,0.893926250048123,-0.388164838403433
-130.271911621094,0.154778585273155,0.827397152682402
-130.081176757813,-0.459024902564039,0.462931601186907
-129.890441894531,1.26765788378818,0.432174419555373
-129.69970703125,0.800362745285452,0.479557217070025
-129.508972167969,-0.250737360470868,0.184215144001647
-129.318237304688,-0.146809530689984,0.315890748735752
-129.127502441406,0.870277544422091,0.835786242961099
-128.936767578125,0.633446742990186,2.55058657710088
-128.746032714844,0.213121368649547,2.52618201027512
-128.555297851563,1.14900799298312,0.251601513621469
-128.364562988281,-0.750430023836534,1.41755787332476
-128.173828125,0.363913012241308,0.554010706397414
-127.983093261719,-0.244027453982172,0.284455331337385
-127.792358398438,1.26787592449665,1.28914313000177
-127.601623535156,1.38501823896419,1.11241940959698
-127.410888671875,0.238521804891581,2.09836177486148
-127.220153808594,0.566600971089715,0.90263537645501
-127.029418945313,-0.186123182094198,1.14333504526365
-126.838684082031,0.642481436860145,2.66537161914832
-126.64794921875,-0.213478469190796,0.927727476144034
-126.457214355469,0.73208783391427,1.38718045847305
-126.266479492188,-0.222425163243561,0.445201670847797
-126.075744628906,1.05712825034223,2.58331164228915
-125.885009765625,-0.540143252425544,1.66483627519778
-125.694274902344,0.707127124319233,0.45750632237997
-125.503540039063,-0.367017914117424,0.354964522620446
-125.312805175781,-0.936766095445938,0.636614903628193
-125.1220703125,0.335048024215909,0.776344461734544
-124.931335449219,0.243271845354796,2.83618638259908
-124.740600585938,0.870913942562523,0.918599072111642
-124.549865722656,2.132894974858,0.730037246159577
-124.359130859375,-0.100369442477095,1.74714917713443
-124.168395996094,1.40360181759874,1.90346216968138
-123.977661132813,0.0244868297119609,1.43978565890156
-123.786926269531,1.05520692908413,0.886207681523484
-123.59619140625,-0.289833037259345,0.874751932318359
-123.405456542969,0.409113809761195,1.02273033667413
-123.214721679688,1.24808744210126,1.13658097047115
-123.023986816406,-0.918897884707205,0.692558172889785
-122.833251953125,0.550010874117054,0.586294120637451
-122.642517089844,0.437223681949463,1.70697580405371
-122.451782226563,0.410741632682116,1.66997591858453
-122.261047363281,1.01780202198811,0.580414491324036
-122.0703125,-0.988501109259408,1.13780371797705
-121.879577636719,0.0189233309937281,0.998490113151028
-121.688842773438,-1.83731313393541,1.31976875641752
-121.498107910156,1.12086106691784,0.477575317015011
-121.307373046875,-0.0247291827674046,2.12059993378148
-121.116638183594,0.46367828464806,2.23878407948599
-120.925903320313,-0.843715360907408,2.5353255551707
-120.735168457031,-0.555390204218209,-0.199745491001101
-120.54443359375,0.493620227778124,1.28992094832732
-120.353698730469,-0.552292701675524,1.32101952779124
-120.162963867188,-0.182179327393795,1.46668354867106
-119.972229003906,0.128499378788769,1.67042375869217
-119.781494140625,0.0632582130808371,2.09940979842118
-119.590759277344,1.00268195360378,0.611095073398403
-119.400024414063,1.23069563135027,1.75152630266709
-119.209289550781,0.291230863487752,0.695863865715071
-119.0185546875,0.38226833460861,1.49348535417569
-118.827819824219,-0.104763780419014,1.76630691673545
-118.637084960938,0.469092169245262,0.642329558764781
-118.446350097656,-0.760810013071379,0.416683443728633
-118.255615234375,0.0699785650934876,1.3487983978037
-118.064880371094,-1.01926733908905,1.30408602897926
-117.874145507813,0.727232873776233,1.18311355030249
-117.683410644531,0.974862387541665,0.210110426008955
-117.49267578125,-0.234153275345485,1.98591485337899
-117.301940917969,1.56600268463163,0.429195416372762
-117.111206054688,-0.0971997127513284,0.779893719343192
-116.920471191406,0.168164103954471,0.992258165579655
-116.729736328125,0.0616022986105421,0.34609954257516
-116.539001464844,-0.49506635470455,1.37706482575235
-116.348266601563,-0.330179727651848,2.66602582296452
-116.157531738281,-0.596266885363034,0.796979135659383
-115.966796875,0.142528471922785,1.3607657763009
-115.776062011719,0.508382702975822,0.736078733724407
-115.585327148438,1.98204436547756,0.542661952481854
-115.394592285156,0.743871952342883,0.852443740243801
-115.203857421875,0.477964136195711,2.03312022844445
-115.013122558594,0.371088518745303,1.75372113897481
-114.822387695313,0.460129551825936,0.893687027354959
-114.631652832031,-0.157918871539463,3.30545054126329
-114.44091796875,-0.0264458462789547,1.13695911658988
-114.250183105469,-0.172573413260173,0.994724375021313
-114.059448242188,0.517238414573746,1.27526396404076
-113.868713378906,0.68265758855399,1.23619054229766
-113.677978515625,0.940371644218894,1.94534847273676
-113.487243652344,0.626942016166741,1.16236515362545
-113.296508789063,0.0562937549625447,1.64855774078671
-113.105773925781,0.912207764257285,0.951004164648071
-112.9150390625,0.772050509649562,1.23791207862448
-112.724304199219,-0.353461695284633,2.19358818979757
-112.533569335938,0.521250830323719,0.106086654174694
-112.342834472656,0.684833111160648,1.88314127568342
-112.152099609375,0.105621131216679,1.0371919279204
-111.961364746094,1.37912003735745,0.5247231726533
-111.770629882813,-0.0439733927716151,-0.0115082095149747
-111.579895019531,-0.705801949737203,1.21596986554863
-111.38916015625,0.419541446850677,0.863419059425837
-111.198425292969,0.912177234364177,0.739756948366004
-111.007690429688,-0.509218258406848,0.693954306800833
-110.816955566406,0.0755318822962141,-0.335184090898556
-110.626220703125,0.589176810761227,1.3230703256257
-110.435485839844,-0.0938342685931,1.67525653046222
-110.244750976563,0.707418947121299,1.51080375426213
-110.054016113281,0.226682866215134,1.6677627850134
-109.86328125,0.476731635050095,1.49679468833321
-109.672546386719,0.754398396535486,0.605843089801485
-109.481811523438,0.743634119733872,1.5648032898177
-109.291076660156,0.89188859809062,1.69853653989358
-109.100341796875,-0.479260004002275,2.16401921014258
-108.909606933594,1.60404299961383,0.615420908226712
-108.718872070313,-0.152523336037437,1.37950645453492
-108.528137207031,0.274457851508302,1.73614311739909
-108.33740234375,0.0125213681960282,1.41392861555044
-108.146667480469,-0.627823064951812,1.77789058902218
-107.955932617188,-0.917919129393752,2.03489299924352
-107.765197753906,0.573281358279957,0.8423937483215
-107.574462890625,1.01225859515759,0.193237240219782
-107.383728027344,0.839136776919818,1.48835081918747
-107.192993164063,1.16953001090996,2.01568219593563
-107.002258300781,0.629455723011715,1.24233304552035
-106.8115234375,0.901775669611178,1.71585781040327
-106.620788574219,0.368496541887181,1.99207247254638
-106.430053710938,0.63591902127267,1.58020555794862
-106.239318847656,-0.28898220680065,1.51842766967199
-106.048583984375,0.707804194078119,2.10725580611832
-105.857849121094,0.0955682320322216,1.30930501026135
-105.667114257813,0.292540474319192,2.73283638299677
-105.476379394531,0.868292825433497,3.31180948560747
-105.28564453125,0.505090509686552,2.15840145183719
-105.094909667969,1.09568762540471,2.06345272183253
-104.904174804688,0.747241799268191,2.23620200384849
-104.713439941406,0.180300525487674,1.2694232333262
-104.522705078125,0.700001884926659,1.23655499484667
-104.331970214844,-0.0854739025558682,1.29364705912283
-104.141235351563,-0.738558486460317,1.15187910125348
-103.950500488281,-0.0327517048573482,1.42262732351787
-103.759765625,-0.51924250035189,1.47334830126324
-103.569030761719,-0.803364276429457,0.826738607876225
-103.378295898438,0.593658179347071,1.00699038050114
-103.187561035156,-0.452615839887896,1.28766535167697
-102.996826171875,1.58955469260654,1.36599399271831
-102.806091308594,1.38198556700754,0.913813151424482
-102.615356445313,0.782499611392567,1.79528183622387
-102.424621582031,-0.600754731166117,1.5067884950417
-102.23388671875,0.274194983405179,1.44710619960765
-102.043151855469,-0.483525797870138,1.01728856442488
-101.852416992188,0.776182057811108,0.453250601140386
-101.661682128906,0.894223448645372,1.78014515962648
-101.470947265625,-0.130298427812645,0.930750212102048
-101.280212402344,0.0996611732758639,1.88753551116218
-101.089477539063,0.424490318524486,2.15197497228352
-100.898742675781,0.776879774565854,0.4718545938552
-100.7080078125,-0.370647122198466,1.76580953754883
-100.517272949219,0.498587700989923,1.66756531527528
-100.326538085938,0.617942820665508,1.33042673865361
-100.135803222656,-0.247518682585392,1.53712540288556
-99.945068359375,0.365097093336933,0.866986096972326
-99.7543334960938,1.1258174941803,0.494292339123123
-99.5635986328125,0.40246483669181,0.683124590276576
-99.3728637695313,-0.135993984579892,2.36644800775592
-99.18212890625,-0.303430997204895,1.98251417488695
-98.9913940429688,-0.989806502094812,1.00337865070067
-98.8006591796875,0.242374697114605,2.03067609805906
-98.6099243164063,-0.404981727244567,2.92437863633538
-98.419189453125,1.23243895208126,2.14910549898675
-98.2284545898438,0.78826675921999,2.59784978303828
-98.0377197265625,0.568430425360561,2.25475295119064
-97.8469848632813,0.397029421008667,2.05088503712281
-97.65625,1.07644761936298,2.39942834774968
-97.4655151367188,-0.00594133526828813,0.768321187832644
-97.2747802734375,1.01276299920131,2.38525394431887
-97.0840454101563,0.203026460577658,1.47933718338631
-96.893310546875,0.206442483977272,-0.341754272020322
-96.7025756835938,0.977873108337908,2.32369454772411
-96.5118408203125,1.27024716623506,0.853602655496458
-96.3211059570313,1.32308391403934,1.45517975779615
-96.13037109375,-1.15271371581021,0.833169485997622
-95.9396362304688,0.935784840332504,2.03905995098951
-95.7489013671875,-0.52541523092069,0.428983255300379
-95.5581665039063,-0.604623664774852,1.94222027803035
-95.367431640625,0.265000802939865,0.747291885984969
-95.1766967773438,0.913906263524794,2.44058829354437
-94.9859619140625,-0.544734936397616,1.64185695761094
-94.7952270507813,1.60934888404614,0.343625444935916
-94.6044921875,-0.598466975277074,1.5852132309408
-94.4137573242188,-0.241751437275872,1.29591557889677
-94.2230224609375,0.253665756212546,1.25521051811155
-94.0322875976563,1.06363945822516,2.48717848581376
-93.841552734375,0.989419915346986,1.05835206061138
-93.6508178710938,0.402995329980651,1.39201456012148
-93.4600830078125,-0.831739787987466,1.99647563176583
-93.2693481445313,-0.260234640695463,1.60572390734339
-93.07861328125,0.90865336161687,1.24976375551161
-92.8878784179688,-0.648055671527065,1.216708530557
-92.6971435546875,0.123615035438397,1.21332923012353
-92.5064086914063,0.569105281825798,1.71359665034144
-92.315673828125,0.616786121563185,1.15172704521595
-92.1249389648438,-0.0536772293500285,2.04710734416967
-91.9342041015625,0.348821777478011,0.802595380118582
-91.7434692382813,0.438117892629366,1.82555093764477
-91.552734375,0.348617206601998,2.27880688872918
-91.3619995117188,1.35504395505835,1.42192345835571
-91.1712646484375,1.21437068509896,1.254996867597
-90.9805297851563,-0.104572712454877,0.153948951884766
-90.789794921875,-1.03896603109101,1.39218009390299
-90.5990600585938,-0.133263454978977,1.91356107026537
-90.4083251953125,-0.300994669140014,1.03827201391419
-90.2175903320313,-0.135697295587355,1.52007346292732
-90.02685546875,1.1754115287951,1.27957727513557
-89.8361206054688,-0.14617048962597,1.5235586436556
-89.6453857421875,1.14047856068685,3.03999376788854
-89.4546508789063,1.25857906108397,1.14449165958473
-89.263916015625,0.156590204474711,2.06021651780575
-89.0731811523438,0.460442746683529,1.43954472055159
-88.8824462890625,-0.537768605951185,1.85947077588185
-88.6917114257813,1.60986675695624,2.03508946690768
-88.5009765625,0.0230853598199356,2.71767833176625
-88.3102416992188,-0.134173415887942,2.32645631521661
-88.1195068359375,1.8868275175654,0.249233421516707
-87.9287719726563,0.547287077920762,2.24946604452413
-87.738037109375,0.753308473488536,1.75533626134227
-87.5473022460938,1.46653126131759,2.15857691896255
-87.3565673828125,-0.0499596758269282,2.90999887781425
-87.1658325195313,-0.877358701817687,1.59331204846699
-86.97509765625,-0.235386099775259,2.3719679136183
-86.7843627929688,-0.0199133596301009,2.41970800868977
-86.5936279296875,0.571569092561308,2.07974127947295
-86.4028930664063,1.33185371308375,1.28475690098084
-86.212158203125,0.672694457461159,2.59557133870916
-86.0214233398438,0.281716794874965,1.97169158224154
-85.8306884765625,-0.139322354783006,2.25050861669803
-85.6399536132813,-0.15880725729267,1.33571165231457
-85.44921875,0.85111001113468,1.40121944462376
-85.2584838867188,1.15926077364111,2.1931345822047
-85.0677490234375,0.91040347974953,1.82203727245831
-84.8770141601563,-0.029207883648226,0.387069696493179
-84.686279296875,0.414449971743956,1.48967914097721
-84.4955444335938,0.859612188903106,1.02033341485212
-84.3048095703125,1.98959669020548,2.62744837189504
-84.1140747070313,0.723255610679569,1.77008594757662
-83.92333984375,0.934617718626679,2.06319829489811
-83.7326049804688,-0.570888271576215,2.03183210257582
-83.5418701171875,0.755805541942871,1.68638405483517
-83.3511352539063,-0.658598400020124,2.22711847750972
-83.160400390625,0.355624966915759,3.35531777181302
-82.9696655273438,-0.346570537741366,-0.0743202703721696
-82.7789306640625,0.765502654825007,1.87055554254304
-82.5881958007813,-0.583009980049061,1.45215597056062
-82.3974609375,-1.24359516889308,1.88923745351917
-82.2067260742188,0.232191588017828,2.18120001760507
-82.0159912109375,0.168192305834466,0.360028028887894
-81.8252563476563,1.06368515044187,1.51152380133841
-81.634521484375,0.73943554851986,1.62065931183325
-81.4437866210938,0.057892830417714,1.63884962007414
-81.2530517578125,0.430030309447752,1.22595766532556
-81.0623168945313,-0.480024348920487,2.81245497274692
-80.87158203125,1.42187499780742,1.69164257857153
-80.6808471679688,1.04914786871977,2.1902906972205
-80.4901123046875,-0.380198242682776,2.87004027140744
-80.2993774414063,0.766344687300923,2.45455733895642
-80.108642578125,0.395687168695335,1.90245967578076
-79.9179077148438,0.686339811433057,2.67770345868505
-79.7271728515625,0.183761957479864,0.786596709762483
-79.5364379882813,0.739335324625978,2.10768189708516
-79.345703125,0.183477196575573,1.08174741219994
-79.1549682617188,0.496894957027255,1.94488752277841
-78.9642333984375,0.0920102238005111,2.33925484762071
-78.7734985351563,-0.531721685551473,2.4010849471978
-78.582763671875,-0.881912040332384,1.50923400787772
-78.3920288085938,-0.468887991829013,1.95565246243498
-78.2012939453125,-0.297345996737919,2.32339492960474
-78.0105590820313,0.938162255569133,2.94595418548518
-77.81982421875,0.97925298686793,3.06926885946593
-77.6290893554688,2.0547195931922,3.09756544943871
-77.4383544921875,-0.609078872546243,1.25212429949086
-77.2476196289063,-0.260837165411054,2.35826901326256
-77.056884765625,-0.289897504970211,3.46047999871716
-76.8661499023438,0.933431828167855,1.89013654131678
-76.6754150390625,0.496237646039007,1.60441426534373
-76.4846801757813,-0.121376923421143,1.75027300122705
-76.2939453125,0.453207575315261,2.25763580085291
-76.1032104492188,1.06662668310762,1.62187028026902
-75.9124755859375,0.455837518299754,2.29072303689808
-75.7217407226563,1.65302543728524,1.13752962286653
-75.531005859375,-0.393478184657037,1.66779569795368
-75.3402709960938,-0.394656521876867,2.14777594779527
-75.1495361328125,0.800901712221538,2.80736746001366
-74.9588012695313,-0.202570127019834,2.09233136102855
-74.76806640625,0.0678442687665629,2.44056217754175
-74.5773315429688,0.235649996406406,2.64622783863216
-74.3865966796875,1.80572644600049,1.94330917048102
-74.1958618164063,0.739357133589946,2.69630200043526
-74.005126953125,0.395389049572707,2.85295219872254
-73.8143920898438,-0.0431002783766802,0.446425489116374
-73.6236572265625,0.612793005125379,2.18355907347992
-73.4329223632813,0.855070167843031,3.03833547707164
-73.2421875,0.535872928980668,2.33256755229701
-73.0514526367188,1.17206929400593,2.0673309828865
-72.8607177734375,-0.110647666980306,3.40434045230222
-72.6699829101563,0.157768932472943,2.40271386208782
-72.479248046875,0.134476813987624,1.60137147855771
-72.2885131835938,0.692112830270427,0.839146243303067
-72.0977783203125,0.768115324683271,2.97947230425189
-71.9070434570313,-0.0241609843345461,2.31756167485113
-71.71630859375,0.379720502675429,1.17296457110554
-71.5255737304688,-0.450758334515886,2.02452854877009
-71.3348388671875,-0.860620187087712,1.51658557814361
-71.1441040039063,1.13227282284447,2.52596798323739
-70.953369140625,1.52383094351203,2.41579193313773
-70.7626342773438,1.37295187124156,1.37726413196278
-70.5718994140625,0.416636348373915,2.77682855717152
-70.3811645507813,0.232738615252185,1.03322719196773
-70.1904296875,-0.26962378924198,3.11480541303468
-69.9996948242188,1.09502310990228,1.99709601951518
-69.8089599609375,0.242651319142918,1.68976118322644
-69.6182250976563,-0.512730089564218,3.65676856877162
-69.427490234375,0.0296014630451373,3.51495277263857
-69.2367553710938,0.259862317574012,1.84534608959974
-69.0460205078125,0.412528732854743,2.68079049408061
-68.8552856445313,-0.262395470625818,2.5239094939095
-68.66455078125,0.198078585806919,2.75206737719323
-68.4738159179688,-0.377492331372393,1.96424833813768
-68.2830810546875,0.138577493163084,1.49543650664464
-68.0923461914063,0.568176236053714,1.79299046417213
-67.901611328125,-0.313401937124101,2.55893586931907
-67.7108764648438,0.909991121036767,2.53441772874411
-67.5201416015625,0.585149515082676,2.20946241230022
-67.3294067382813,0.96251237292038,1.94129399517016
-67.138671875,0.40495144791916,2.23761280582323
-66.9479370117188,0.368454281586342,1.50069313602113
-66.7572021484375,1.3147504684179,1.98040658845725
-66.5664672851563,-0.0429884304480238,3.37585709315701
-66.375732421875,0.705640077461229,1.92280734035914
-66.1849975585938,0.0579543802292994,3.28292040877632
-65.9942626953125,1.05857215089231,3.39724858172953
-65.8035278320313,0.527709123866741,1.47906264221237
-65.61279296875,0.849378776733661,2.22106328242896
-65.4220581054688,0.723135994366854,2.40135464144484
-65.2313232421875,0.0526293910930798,1.96783387707327
-65.0405883789063,2.0234206164285,2.06036882095246
-64.849853515625,0.796251505547051,2.48836728159772
-64.6591186523438,-0.21060636040792,2.88016404638237
-64.4683837890625,1.06571319048103,2.84673774542273
-64.2776489257813,0.981193591078118,2.52754914570423
-64.0869140625,0.126075636901131,3.23145802818394
-63.8961791992188,0.884711995570171,2.70584345176374
-63.7054443359375,-0.381115926024902,2.92621128810054
-63.5147094726563,0.907408531579653,2.45243207059243
-63.323974609375,0.346017202864707,1.25631549553393
-63.1332397460938,-0.644833274999143,2.73137469036884
-62.9425048828125,0.899078658106425,2.83955250106747
-62.7517700195313,-0.343579260731903,2.79308568605162
-62.56103515625,0.380792770980029,2.21934705017143
-62.3703002929688,1.14563550957931,3.12480189311209
-62.1795654296875,0.789859682608152,3.16853175325815
-61.9888305664063,-0.362742490122033,2.9215831857979
-61.798095703125,0.998647005272725,1.89051789854854
-61.6073608398438,0.875680257409471,3.5465028557355
-61.4166259765625,1.61301473676984,4.20269874636385
-61.2258911132813,0.883579333605015,3.02518408408517
-61.03515625,-0.165839480015631,3.70786785686388
-60.8444213867188,-0.106804907898761,3.12272481960753
-60.6536865234375,0.109699302087189,1.95004908842935
-60.4629516601563,1.52395860950736,2.69615523017351
-60.272216796875,0.62470243852978,3.66299449384242
-60.0814819335938,0.597298549421878,0.942818461841461
-59.8907470703125,1.66507086138574,2.63365333935333
-59.7000122070313,-0.217133646315359,3.25534325999201
-59.50927734375,1.02485298702165,2.61678212791292
-59.3185424804688,0.639336912576107,3.83065225915254
-59.1278076171875,-0.43435219084547,2.63027745030954
-58.9370727539063,0.706107189732417,2.97379877995673
-58.746337890625,-0.223226083569351,3.55865192829246
-58.5556030273438,0.22410777043539,3.52878328060925
-58.3648681640625,0.098228934913271,2.95035926984935
-58.1741333007813,1.69426544569222,2.9882019699984
-57.9833984375,0.435927858007066,2.60723748984537
-57.7926635742188,0.170609152560408,3.17912817825427
-57.6019287109375,-0.346837171428245,3.29399292914251
-57.4111938476563,-0.594156291644383,2.74135076001604
-57.220458984375,1.29792282873696,2.57406320530222
-57.0297241210938,1.12418150491435,3.34447641704014
-56.8389892578125,1.63661011914742,3.43375701217629
-56.6482543945313,0.641740776366749,2.58943431517671
-56.45751953125,1.36235497705677,3.44628005004865
-56.2667846679688,1.76466845611243,3.48478844298674
-56.0760498046875,-0.482734871719665,2.8952940141168
-55.8853149414063,0.939406463831589,3.18256602416312
-55.694580078125,1.74807831837743,0.531127610877083
-55.5038452148438,0.531494468745356,3.60776715847548
-55.3131103515625,0.527487047680129,3.02911608785924
-55.1223754882813,1.01719440858773,2.95495224448229
-54.931640625,0.408956003785117,3.26118953894855
-54.7409057617188,-0.30709414259148,2.35067647994428
-54.5501708984375,-1.34989470297249,2.84366156959344
-54.3594360351563,1.67672307503307,3.73053509193041
-54.168701171875,0.326380500560497,3.57432112309071
-53.9779663085938,1.48985655966036,2.74578230422741
-53.7872314453125,-0.816413667871644,3.86720302250607
-53.5964965820313,-0.0928592383890423,3.69555960174689
-53.40576171875,0.681653525807357,4.08068058488436
-53.2150268554688,1.12702535465739,2.72671174082056
-53.0242919921875,1.03944847305159,2.77750766015272
-52.8335571289063,0.0569509206501394,3.74493150780551
-52.642822265625,0.226193614889215,1.55301187882899
-52.4520874023438,0.675196234595678,3.79715859061652
-52.2613525390625,-0.846344215858231,2.50466921379284
-52.0706176757813,1.1989517431808,3.44811099887328
-51.8798828125,0.865730505997539,3.88421367149832
-51.6891479492188,-0.373374975981182,3.915248860832
-51.4984130859375,1.16368063568633,3.48271578147283
-51.3076782226563,0.149086637007806,4.09675963732812
-51.116943359375,1.10635383738897,3.34910645913848
-50.9262084960938,0.104460741833664,2.60619748963271
-50.7354736328125,0.559637996079059,3.12280573730312
-50.5447387695313,0.353264327874007,4.96340133153878
-50.35400390625,0.137390897566326,4.08517686398011
-50.1632690429688,0.648154997242761,3.18224218523657
-49.9725341796875,0.334804132782581,4.025670797945
-49.7817993164063,0.633380271811542,4.44729213013028
-49.591064453125,1.00586295332629,3.93521900426495
-49.4003295898438,2.02956517906238,4.47413837169259
-49.2095947265625,0.130469852026593,3.28234927113375
-49.0188598632813,0.909726705091495,3.54770189035929
-48.828125,0.980284437269199,2.97568461022824
-48.6373901367188,0.44214608141284,4.36938922288162
-48.4466552734375,1.46826458528329,5.2682532931806
-48.2559204101563,0.85937653980205,3.28037405772684
-48.065185546875,2.33513666355018,4.16929947159692
-47.8744506835938,1.87866052358658,3.19753328767709
-47.6837158203125,0.0512244801113031,3.09341422322624
-47.4929809570313,0.56017580494672,2.9926297981595
-47.30224609375,-0.265276887861117,3.61284051186646
-47.1115112304688,0.0593261245634862,3.51265618783562
-46.9207763671875,-0.201865153453829,5.13342721338793
-46.7300415039063,1.24396988719297,4.85639934225967
-46.539306640625,1.40052935678511,3.72802048763986
-46.3485717773438,0.387367427669729,5.14461384891216
-46.1578369140625,0.927372365572278,4.54899002956507
-45.9671020507813,1.47461629014523,2.37667475637529
-45.7763671875,0.949690075937739,4.8440333728717
-45.5856323242188,0.0535224695111092,4.96463281300349
-45.3948974609375,0.346389895164636,3.22505683729435
-45.2041625976563,0.553233979413456,3.68837877801532
-45.013427734375,-0.319320307404645,4.40756198454145
-44.8226928710938,-0.629726454142462,4.37399321201406
-44.6319580078125,1.56255460505178,3.65526467217376
-44.4412231445313,1.17226262011582,3.40169001945388
-44.25048828125,1.58445589719881,3.76483621768519
-44.0597534179688,1.5800950648952,3.23308322722031
-43.8690185546875,0.54569460405635,4.26596785690858
-43.6782836914063,0.773755810862604,4.67873281472177
-43.487548828125,0.862753041984507,3.36833397780925
-43.2968139648438,1.95278741501605,4.21093348748449
-43.1060791015625,1.29459543047225,3.40627905918629
-42.9153442382813,1.16041480094222,6.2184569261147
-42.724609375,1.01390395343408,4.70392578188618
-42.5338745117188,1.01705121351664,4.96498343851955
-42.3431396484375,0.603270583036475,4.41074620729486
-42.1524047851563,0.925511679540433,4.20607815405667
-41.961669921875,2.249794564916,5.61970627172368
-41.7709350585938,1.10224530532838,4.80711590389054
-41.5802001953125,0.904203664512127,4.96018467340448
-41.3894653320313,1.34984839240708,6.2454403496755
-41.19873046875,1.34060409698556,5.00614815960178
-41.0079956054688,0.319019316122778,5.77014091163133
-40.8172607421875,0.533564099647083,4.54079178030832
-40.6265258789063,1.7288575126439,4.45681635849877
-40.435791015625,0.540532600955893,4.96165811034701
-40.2450561523438,-0.00805288403703894,5.63831220517785
-40.0543212890625,0.80407884947628,5.91545390639644
-39.8635864257813,1.44020838601167,5.10145242625284
-39.6728515625,0.398660892115675,6.13566065257464
-39.4821166992188,2.48459736070449,5.83031722804993
-39.2913818359375,1.25480851854234,5.12380490419266
-39.1006469726563,2.0108017588479,4.83787332323431
-38.909912109375,2.10144814701939,6.99755372183842
-38.7191772460938,1.44106180513167,5.68883986426314
-38.5284423828125,0.438554545414561,5.45369687243886
-38.3377075195313,1.49387200646884,5.7620354001613
-38.14697265625,0.616043052034645,6.03535418155323
-37.9562377929688,2.2339576999703,6.32749902775101
-37.7655029296875,1.59568035483892,6.69561454971642
-37.5747680664063,1.24342809495638,6.40144259263493
-37.384033203125,1.65192030457047,5.27935430126062
-37.1932983398438,0.918702766621173,6.13925459564129
-37.0025634765625,1.28583958523192,6.36502652372381
-36.8118286132813,2.02618560341029,6.21047451213742
-36.62109375,1.59747076892199,5.23718035890751
-36.4303588867188,1.82411547404135,6.99059954460256
-36.2396240234375,1.87898047173203,6.06368186315743
-36.0488891601563,1.19058779839289,6.65073023072337
-35.858154296875,2.01549191700903,8.24799013249782
-35.6674194335938,2.19381746312902,6.36048813796374
-35.4766845703125,2.72125597929159,6.65485250328039
-35.2859497070313,1.69566438109483,7.41732611809655
-35.09521484375,3.15778967604415,7.31335808016864
-34.9044799804688,2.08369140273428,7.47674335814389
-34.7137451171875,3.30298232895903,6.19756101378733
-34.5230102539063,1.29817323000553,8.00636795302825
-34.332275390625,1.76048070492501,7.11630523730588
-34.1415405273438,2.26895017191582,7.26755959984643
-33.9508056640625,3.02129361922014,7.55315211024588
-33.7600708007813,4.20730031161894,6.84721833950077
-33.5693359375,3.5464103735217,8.146969289847
-33.3786010742188,3.71753804346078,8.30403090045363
-33.1878662109375,2.59234661717074,7.82496280156373
-32.9971313476563,4.14773777285372,6.73547980901534
-32.806396484375,4.30813369217051,7.93851113493878
-32.6156616210938,4.65910017345285,7.17124116613165
-32.4249267578125,3.79735520856767,7.82818902368383
-32.2341918945313,3.0754802741279,7.29929213193485
-32.04345703125,3.96315749383065,7.74223562517548
-31.8527221679688,4.82322181227711,8.2582259880075
-31.6619873046875,4.75091019122308,8.27012295798441
-31.4712524414063,4.47334347106023,7.38992168875987
-31.280517578125,4.74513707294537,8.27520704013703
-31.0897827148438,3.97028628016017,6.89565747580912
-30.8990478515625,4.89138993134751,7.07730244807894
-30.7083129882813,3.38690379409541,7.48923899146099
-30.517578125,5.36509982897734,7.75088306093424
-30.3268432617188,4.82303290156051,7.83359208598643
-30.1361083984375,6.7212119190906,8.37023150624882
-29.9453735351563,5.83118896767898,7.39343537006528
-29.754638671875,6.31955851252962,7.52660032470041
-29.5639038085938,6.97550148953462,7.58190878260026
-29.3731689453125,7.08102093100709,7.33980864881766
-29.1824340820313,6.06668107512733,6.05672088671804
-28.99169921875,5.62659838298929,6.02382306525477
-28.8009643554688,6.69734118852917,7.54868435277843
-28.6102294921875,6.30971615547325,6.51285989248669
-28.4194946289063,8.19747624993428,8.53783322209736
-28.228759765625,6.56017875867711,8.20614426562781
-28.0380249023438,6.90183929857177,7.03374457122541
-27.8472900390625,6.60507018335383,5.65098949457298
-27.6565551757813,7.17654615630807,6.13080543672279
-27.4658203125,7.17442045247031,6.52841901145676
-27.2750854492188,5.59594308625505,6.3469281922458
-27.0843505859375,7.40209978068305,5.72652780079375
-26.8936157226563,6.86699953550672,7.46637740783803
-26.702880859375,7.21500600494686,5.62463278064678
-26.5121459960938,6.19666464821485,5.16586814036516
-26.3214111328125,7.3546140767678,5.99980088804314
-26.1306762695313,8.58819763298831,4.8104455042802
-25.93994140625,6.70782654204584,5.48834823005145
-25.7492065429688,6.88072830831889,5.80868000237579
-25.5584716796875,7.71017644991633,4.91529729288865
-25.3677368164063,6.96073847114377,6.22957595644002
-25.177001953125,6.58803055899802,5.88981617669629
-24.9862670898438,6.95506758914556,5.62264063825026
-24.7955322265625,7.52683936373783,4.85329109994079
-24.6047973632813,6.9198080228759,5.88755483932054
-24.4140625,7.02990915478495,5.71162742451963
-24.2233276367188,7.50470221244446,5.62168013102552
-24.0325927734375,7.00711105561602,4.5082773778956
-23.8418579101563,8.30845825256276,5.59376299552618
-23.651123046875,7.94074242059687,4.69857606986669
-23.4603881835938,7.06971879385905,6.51045806208806
-23.2696533203125,8.40737349279587,7.2163190715156
-23.0789184570313,8.49780068715548,6.39198235439918
-22.88818359375,9.87032432314746,7.46678790605427
-22.6974487304688,7.95301346319235,5.94892438003283
-22.5067138671875,6.22702957527137,6.72600113058168
-22.3159790039063,8.59663599202523,6.3560548109033
-22.125244140625,9.33876034267749,6.79432256573765
-21.9345092773438,8.22280516792492,6.10147969719172
-21.7437744140625,8.87441163836202,7.16877139290483
-21.5530395507813,9.94926405864977,6.69790021105524
-21.3623046875,9.78687909179625,6.82466032449387
-21.1715698242188,11.1984665760943,7.01734842806488
-20.9808349609375,8.95392392943677,6.45220008063111
-20.7901000976563,11.6582082243644,6.98882652565792
-20.599365234375,10.7107270593109,6.00647746019681
-20.4086303710938,9.67288715268432,6.67533593279703
-20.2178955078125,11.0762036556142,6.25498331399026
-20.0271606445313,11.2637828638699,4.96636009158639
-19.83642578125,11.3711532119837,5.69796540781345
-19.6456909179688,11.7917268583417,5.57523109496406
-19.4549560546875,11.1348833707395,6.01076545935206
-19.2642211914063,12.4479538677202,5.02661110329883
-19.073486328125,13.4300112662345,4.15727072427176
-18.8827514648438,11.3631445721714,4.89074016754461
-18.6920166015625,12.8012637243253,3.18946750645748
-18.5012817382813,12.562007690313,3.36957742101302
-18.310546875,12.544415578148,3.26198152329935
-18.1198120117188,13.1439092476774,3.38991414017588
-17.9290771484375,11.907944311079,2.75686482801387
-17.7383422851563,12.8457717312784,2.23439270342513
-17.547607421875,12.7482793433192,2.17795055726958
-17.3568725585938,12.0643199129624,0.809340404802657
-17.1661376953125,12.9978366059217,1.14190649090567
-16.9754028320313,14.030177917821,0.316071751975049
-16.78466796875,12.3927949006319,-0.1002955316132
-16.5939331054688,13.6811240809543,0.823288305649128
-16.4031982421875,12.2894047267876,0.167441099207298
-16.2124633789063,12.225672559896,-0.249784022237859
-16.021728515625,12.5794637340086,-0.743124447514564
-15.8309936523438,11.7605426936324,-0.269728686093959
-15.6402587890625,12.3502981013892,-1.30672071278756
-15.4495239257813,11.0873307387255,-1.8761787302191
-15.2587890625,11.777429621336,-2.5094441698058
-15.0680541992188,10.0808390436078,-1.49984422540546
-14.8773193359375,11.2486776105596,-1.18623967567808
-14.6865844726563,10.7962710157357,-2.79573749848197
-14.495849609375,9.62535987950492,-3.16543184793965
-14.3051147460938,9.99435791490543,-2.39790426908887
-14.1143798828125,10.0731082632916,-1.35864129262484
-13.9236450195313,10.6058467005409,-2.17661318200612
-13.73291015625,10.7294949814237,-2.52210471101471
-13.5421752929688,10.4363392332172,-2.32768130474533
-13.3514404296875,9.62650252583857,-2.72604269867853
-13.1607055664063,8.47529800532419,-2.18478435546775
-12.969970703125,8.54127280809549,-3.05166489826864
-12.7792358398438,7.84697053788968,-2.07475048716283
-12.5885009765625,7.31182577399124,-1.02600764639029
-12.3977661132813,9.01327564088509,-0.673588497736119
-12.20703125,7.42753095951973,-0.600028107105998
-12.0162963867188,7.47053165510367,-1.60178757135298
-11.8255615234375,7.69939659728649,-1.22444747166071
-11.6348266601563,7.09507516173674,-0.0226759980602519
-11.444091796875,8.09893478574348,-0.682483159861849
-11.2533569335938,8.31044583677748,0.0906238414161017
-11.0626220703125,9.48733562928241,-0.719172531957991
-10.8718872070313,8.97018435783447,-0.585062746615563
-10.68115234375,8.01641543712213,1.02516774729882
-10.4904174804688,8.85890717578808,-0.153296612922288
-10.2996826171875,9.01953330894991,-0.217237361427402
-10.1089477539063,8.69289898119,-0.317454916736594
-9.918212890625,8.40626705579496,0.601127759774171
-9.72747802734375,9.89602329042855,-0.257510162120804
-9.5367431640625,8.72754580919084,1.27897164411711
-9.34600830078125,9.4417825316614,-0.557953363162159
-9.1552734375,9.56481980888855,0.839464553161247
-8.96453857421875,9.88438130646557,-1.02374442809217
-8.7738037109375,10.568928132245,0.243486923245757
-8.58306884765625,10.7834574837381,1.05790249007646
-8.392333984375,10.6538076452224,-0.148237202434926
-8.20159912109375,10.5901260783956,-1.0669700150161
-8.0108642578125,12.4733799268015,-0.476932757740433
-7.82012939453125,11.3920866559804,-1.24095939615001
-7.62939453125,11.2949976813603,-2.04682629914704
-7.43865966796875,11.5369308693957,-0.497917954720217
-7.2479248046875,12.8020221063262,-0.95081500303185
-7.05718994140625,11.0757432104167,-1.84637333903221
-6.866455078125,10.5456238641337,-2.26733161376486
-6.67572021484375,10.8665354628425,-1.16226062028509
-6.4849853515625,11.1774202288952,-2.8404549591449
-6.29425048828125,10.7970512332848,-3.63974137976245
-6.103515625,11.6040328672565,-3.51666203416959
-5.91278076171875,12.1307081219853,-4.17959014458895
-5.7220458984375,10.4375247399152,-3.32888093239492
-5.53131103515625,11.2087971375371,-4.90278555542611
-5.340576171875,11.9476682058027,-4.47450003930167
-5.14984130859375,11.6660752950942,-4.21628453585215
-4.9591064453125,12.2339116284161,-4.84417589966548
-4.76837158203125,11.4931048640656,-6.02633170314493
-4.57763671875,10.8631851869069,-5.78448296525934
-4.38690185546875,10.0856560260208,-6.35889013555393
-4.1961669921875,9.26430169366777,-5.60049204282486
-4.00543212890625,10.4158623992781,-6.32213322744508
-3.814697265625,10.2665095605814,-7.2698968435996
-3.62396240234375,8.2752367900013,-6.12696914008727
-3.4332275390625,9.43730098773747,-6.73389434060008
-3.24249267578125,9.91560655835782,-8.07587473261319
-3.0517578125,9.4163977959487,-8.59955046039652
-2.86102294921875,8.71038185637773,-7.74562101299107
-2.6702880859375,8.83161443826725,-7.35944717710346
-2.47955322265625,8.16714466365799,-7.49361366278578
-2.288818359375,7.85710358030971,-8.33478307385455
-2.09808349609375,7.39775447606411,-8.47499008584265
-1.9073486328125,6.75457403373894,-8.01905297191361
-1.71661376953125,6.87449620664858,-6.70961304971179
-1.52587890625,5.5330413746581,-8.26167908144105
-1.33514404296875,5.17886987314597,-7.82862867897919
-1.1444091796875,5.99137372127306,-7.31248439972538
-0.95367431640625,5.7887228436788,-8.2639450894912
-0.762939453125,6.19661585915114,-8.0541763814522
-0.57220458984375,4.70560177601122,-8.02544379365797
-0.3814697265625,5.8752839054594,-7.6618792615397
-0.19073486328125,5.07694601821731,-6.69629842606462
0,4.36103215681776,-7.99554639444583
0.19073486328125,4.34114888400995,-7.7135201493776
0.3814697265625,4.90464574197968,-7.62291584315401
0.57220458984375,3.90856379545394,-8.68748570523792
0.762939453125,2.49398600441461,-7.44658690663982
0.95367431640625,2.37390486589059,-8.15689984930239
1.1444091796875,3.15648570699233,-6.55494153010177
1.33514404296875,3.35421957050638,-7.11410457712525
1.52587890625,3.89316246268207,-6.57484427334331
1.71661376953125,3.81160284326599,-6.62468791726947
1.9073486328125,3.54859709855889,-6.15945994232601
2.09808349609375,1.55083444624259,-5.35364385770704
2.288818359375,2.03788697798659,-5.21392621794883
2.47955322265625,1.1751662852475,-5.46282718824704
2.6702880859375,0.768398268291014,-5.28041705898237
2.86102294921875,2.34121235594494,-5.46385305033493
3.0517578125,2.6335368439338,-5.36033421741663
3.24249267578125,1.86173609953149,-5.58819852665594
3.4332275390625,2.94061182009743,-4.44149334785978
3.62396240234375,3.09524215092457,-4.01556937997439
3.814697265625,2.87529196924312,-4.84251785880973
4.00543212890625,1.23920582953791,-3.24437904376603
4.1961669921875,1.01248547411307,-3.70550311827932
4.38690185546875,2.26608580804744,-3.3243043749244
4.57763671875,2.44372882267187,-4.6254452683532
4.76837158203125,0.655781806408126,-5.50383073663217
4.9591064453125,1.15951049590142,-2.16740369827929
5.14984130859375,3.30918914764979,-2.85244503222041
5.340576171875,2.35187210810668,-3.80441416130535
5.53131103515625,2.1684127818208,-2.68791402670838
5.7220458984375,2.70787533331305,-3.7249951963048
5.91278076171875,2.24614096532694,-4.00127190501139
6.103515625,2.58484028190738,-1.94964160425108
6.29425048828125,2.53934615512944,-1.19968242425863
6.4849853515625,2.1384439298886,-2.44016111330235
6.67572021484375,3.13876750104513,-1.69334054815835
6.866455078125,2.37807378505794,-0.296262173084039
7.05718994140625,2.36964308553106,-1.98656971438939
7.2479248046875,2.78304867447769,-1.79601208787376
7.43865966796875,3.20916866484098,-1.46864744092577
7.62939453125,2.31594826532854,-1.7890071824128
7.82012939453125,3.34403080526908,-2.23025159803811
8.0108642578125,4.99937350601121,-1.59892721670427
8.20159912109375,3.51370681403638,-1.98847008895241
8.392333984375,3.96673711964826,-1.01456100835943
8.58306884765625,4.05469919285449,-1.5099827343251
8.7738037109375,5.01811274469092,-1.05600964997967
8.96453857421875,3.64272637172105,-1.87524506317423
9.1552734375,3.78513849056908,-0.535946642516124
9.34600830078125,5.62283712536055,-0.936958750610742
9.5367431640625,3.91676324382808,-2.83958713099615
9.72747802734375,4.95817803217195,-1.21916229763519
9.918212890625,4.49028947290369,-1.44836740047125
10.1089477539063,5.09797727414754,-2.70402176097628
10.2996826171875,4.82043323569044,-1.47179694768786
10.4904174804688,4.23780378734075,-2.49376363323005
10.68115234375,4.53281900737432,-3.21895476338848
10.8718872070313,4.82248708088868,-2.59585865630391
11.0626220703125,4.93448007351396,-2.07084215120731
11.2533569335938,4.42067719270761,-1.82365160784701
11.444091796875,5.44042918621569,-2.64958270510691
11.6348266601563,5.53134301791222,-2.87703301743916
11.8255615234375,5.82352499510127,-2.69352596837473
12.0162963867188,4.91036471204178,-3.4206229798925
12.20703125,5.80617473039041,-3.6313893075297
12.3977661132813,6.30509534229146,-3.34542273781832
12.5885009765625,5.48332493484626,-2.97253133837939
12.7792358398438,5.92482394813514,-1.72738771116381
12.969970703125,5.44487238410618,-3.50504161626817
13.1607055664063,4.58960601076143,-3.5315826876845
13.3514404296875,6.01973941044635,-3.58490987928729
13.5421752929688,4.98523140843084,-3.28843771800935
13.73291015625,4.33760651692714,-4.33157047444803
13.9236450195313,6.99456442502153,-4.1254466321764
14.1143798828125,4.81340733751977,-4.38789324529261
14.3051147460938,5.94365970052223,-5.13882682519328
14.495849609375,4.73940229432601,-4.75668082913821
14.6865844726563,5.01015231703301,-4.8806898815027
14.8773193359375,5.38159971216879,-3.99389056788033
15.0680541992188,5.83902867706192,-4.22390788302137
15.2587890625,5.26422354179696,-4.2080739096242
15.4495239257813,3.82549957073279,-5.75492598071309
15.6402587890625,4.75845839996224,-4.61657861907888
15.8309936523438,4.34124272647673,-4.83317466142785
16.021728515625,4.09121167058964,-6.06998120453338
16.2124633789063,6.17643165544511,-5.71372066919542
16.4031982421875,4.21416010366087,-5.71542988265834
16.5939331054688,3.889684677528,-5.23063661535919
16.78466796875,4.86119770208655,-6.29404821479654
16.9754028320313,4.82215515887507,-6.3950895253033
17.1661376953125,3.59874848209498,-6.18412102020231
17.3568725585938,4.92341888221698,-5.77745518466213
17.547607421875,4.55015190034646,-5.87722158513502
17.7383422851563,4.39031739358339,-4.46003732773354
17.9290771484375,4.17595124095029,-6.08138649882823
18.1198120117188,3.10522430371548,-6.55846169635233
18.310546875,3.37393366675566,-5.72514223134777
18.5012817382813,4.37298718035299,-6.86160814313612
18.6920166015625,2.25401251223761,-5.6393341505474
18.8827514648438,2.61742642254292,-6.42017691900622
19.073486328125,1.35683999218551,-6.97114952845424
19.2642211914063,1.74706477509569,-5.5514903777345
19.4549560546875,2.04614316281834,-6.65626607390027
19.6456909179688,2.84253707546442,-5.62568815522128
19.83642578125,1.30639161530019,-6.27918739929509
20.0271606445313,1.706552878018,-5.76733615884536
20.2178955078125,2.07169777992325,-6.43032344810953
20.4086303710938,1.18129464671793,-6.32040728689436
20.599365234375,0.866984476474103,-5.59054907530657
20.7901000976563,3.15592921549358,-4.19796134366201
20.9808349609375,1.84188696685016,-3.89881822095529
21.1715698242188,0.35487375249905,-5.84290137424167
21.3623046875,1.94971287316138,-5.42186515727433
21.5530395507813,1.96615876524155,-3.97818066630427
21.7437744140625,0.0267916579947395,-5.10947348053722
21.9345092773438,1.21987639414605,-3.78126335643805
22.125244140625,1.7065836615725,-3.63342906194949
22.3159790039063,2.3263266316808,-5.83769295362369
22.5067138671875,1.26624230485142,-4.02984986994652
22.6974487304688,1.87475721463289,-5.19109081778792
22.88818359375,0.605232932178819,-4.3464283961108
23.0789184570313,-0.540859740665892,-4.53485426608558
23.2696533203125,1.23639062997122,-2.59138277793133
23.4603881835938,-0.0639997210207018,-5.09529434466951
23.651123046875,1.56015021298701,-5.20435112716411
23.8418579101563,0.386199319512779,-3.02200784666745
24.0325927734375,0.67446278863679,-4.78235070801787
24.2233276367188,1.41726021973911,-2.9604264261319
24.4140625,0.591125650952824,-3.0127198247899
24.6047973632813,1.31835132215289,-3.32560354005684
24.7955322265625,-0.354323389976488,-4.5711186110416
24.9862670898438,1.88257282524202,-3.7336691817749
25.177001953125,0.412064310674067,-2.14010551411817
25.3677368164063,0.855370994360326,-4.55268340341373
25.5584716796875,-0.398468201905741,-3.54984488745992
25.7492065429688,1.03672316002997,-2.76525534110441
25.93994140625,-0.16585916215091,-3.64787627047095
26.1306762695313,0.582969489975493,-4.63789446488203
26.3214111328125,0.806714565902299,-2.91261689121437
26.5121459960938,0.646615262130776,-1.45504303700186
26.702880859375,-0.298173494270569,-2.26515886310117
26.8936157226563,1.36621902407418,-3.52907214911911
27.0843505859375,1.12058452182604,-2.95664685628446
27.2750854492188,-0.296691737413252,-2.26935413223783
27.4658203125,1.0763679071828,-2.61852743899804
27.6565551757813,1.405509884884,-1.53786080366465
27.8472900390625,-0.231399773154458,-2.3823726534375
28.0380249023438,0.150539289053673,-3.13082454180284
28.228759765625,0.897254391476618,-2.17939438085012
28.4194946289063,0.692692138743311,-3.27838418161396
28.6102294921875,2.12674801995106,-2.8783274416201
28.8009643554688,0.807618555766904,-1.01118386310879
28.99169921875,1.36872943602406,-2.50741460130246
29.1824340820313,-0.506806313581096,-2.40889092820076
29.3731689453125,1.19206376552003,-2.04594930034265
29.5639038085938,0.110059968310966,-1.94859255147667
29.754638671875,1.59640202280202,-1.79977262057778
29.9453735351563,2.16351251253806,-1.19626995033687
30.1361083984375,0.789025545570376,-2.98105389117862
30.3268432617188,2.75029424916762,-1.5605451272224
30.517578125,1.23488195518789,-1.37930800237221
30.7083129882813,1.98217276501815,-2.10714179210324
30.8990478515625,1.47413206827151,-1.78041887425533
31.0897827148438,1.76620391962157,-2.35845275121129
31.280517578125,1.87641546939056,-0.840419524774795
31.4712524414063,2.13655496416543,-1.10309155192469
31.6619873046875,2.97361936043381,-1.94545631131974
31.8527221679688,2.52580692138426,-0.641376633613857
32.04345703125,2.26722982973519,-1.58719022528172
32.2341918945313,3.01074611547338,-1.3993716648845
32.4249267578125,3.43955909360176,-3.74090610024773
32.6156616210938,2.03508073811171,-1.93187874242308
32.806396484375,2.97720100114344,-1.79140934959863
32.9971313476563,2.08444793978444,-1.62619271009901
33.1878662109375,3.72677468187817,-2.59746499432446
33.3786010742188,3.52787917678275,-0.0633604696206522
33.5693359375,2.77368810607515,-1.71350266957344
33.7600708007813,1.90804551454783,-2.75733864278959
33.9508056640625,2.92118888652806,-2.47040233486988
34.1415405273438,2.32641092915542,-3.36689089348902
34.332275390625,3.39358338133274,-2.19498549616092
34.5230102539063,3.22000532732752,-3.71198291594336
34.7137451171875,3.17669152086208,-2.7356292594854
34.9044799804688,2.74944211649229,-3.11063687678075
35.09521484375,2.89933086885761,-1.70227032345506
35.2859497070313,3.89539862686543,-1.75509678213226
35.4766845703125,2.96579225130866,-2.34808275874279
35.6674194335938,2.68223662383861,-4.1048419802141
35.858154296875,3.83074431969599,-2.22949019710913
36.0488891601563,3.13134333523113,-3.47018473877508
36.2396240234375,3.40496351929434,-3.63731592129768
36.4303588867188,4.10424747947768,-4.32120295150022
36.62109375,2.37132205807869,-3.11718641738679
36.8118286132813,2.55863435434248,-4.38309973257112
37.0025634765625,3.07451752195647,-3.39364070911585
37.1932983398438,3.37740786871215,-4.44295731469049
37.384033203125,4.1590515615746,-3.85538072679137
37.5747680664063,3.16532653305961,-5.28209071006038
37.7655029296875,3.00645752709957,-2.69960365804428
37.9562377929688,2.44057731812835,-3.79708393868566
38.14697265625,1.8671527134472,-3.69815732435913
38.3377075195313,2.94231825377258,-3.20014142641509
38.5284423828125,2.9077411068739,-4.92683625085091
38.7191772460938,2.45908042995595,-3.87668691102288
38.909912109375,2.87665209040404,-4.71793299670189
39.1006469726563,2.96973845121153,-4.38929312378434
39.2913818359375,3.00486116258427,-4.853442901832
39.4821166992188,1.93577511193005,-4.83173172458919
39.6728515625,1.02077448044322,-3.92645078570385
39.8635864257813,1.07524039269651,-4.68635303199626
40.0543212890625,1.29016346943878,-3.11386279781488
40.2450561523438,1.61288616887661,-4.53081668998773
40.435791015625,1.70027399077664,-5.48071615927821
40.6265258789063,1.64664715467297,-5.36602120970982
40.8172607421875,1.13756429905396,-4.49963938849476
41.0079956054688,2.89414944589116,-3.96655313059073
41.19873046875,1.92420310565526,-4.19932466444363
41.3894653320313,1.32682278053479,-3.87235195299856
41.5802001953125,1.48459770093547,-3.59667827776231
41.7709350585938,1.49889942542543,-5.05501283322611
41.961669921875,0.759017390776259,-3.89576345949593
42.1524047851563,0.343720795910295,-4.21604554054358
42.3431396484375,1.5122113535059,-4.69573390794
42.5338745117188,0.240378921861859,-4.18701611288075
42.724609375,-0.600768504507406,-5.23316859987229
42.9153442382813,1.65990773990198,-3.12947774718489
43.1060791015625,0.388145622304789,-4.67106298531613
43.2968139648438,1.92808501880012,-4.2418086567661
43.487548828125,1.24912374817978,-4.50419795901946
43.6782836914063,0.839388894230729,-3.61824919005374
43.8690185546875,0.428639875172808,-3.96429463675385
44.0597534179688,-0.849668573296777,-3.55165436825083
44.25048828125,0.0733846327395561,-2.36508535552733
44.4412231445313,-0.34650446038646,-3.03282887978892
44.6319580078125,1.38909627770003,-3.47919566150501
44.8226928710938,0.0502644822297841,-4.01596281441781
45.013427734375,0.0649643602197452,-4.56267248885821
45.2041625976563,0.807074659487619,-2.88684096531614
45.3948974609375,0.264225724697502,-3.21188311510425
45.5856323242188,0.954547200410552,-3.72094667175926
45.7763671875,0.567742469408682,-3.11665465681096
45.9671020507813,0.79683033136125,-3.60320043652444
46.1578369140625,1.05358663132485,-3.35003085174422
46.3485717773438,0.250055557088969,-3.91049006463136
46.539306640625,0.145862489020119,-3.62232246721668
46.7300415039063,0.00260999433744477,-4.3738958452046
46.9207763671875,1.03384971168867,-3.87347686236257
47.1115112304688,1.33783933225653,-4.25924053939582
47.30224609375,-0.356702420730613,-3.95195006302981
47.4929809570313,-0.305623582615296,-2.44343905043097
47.6837158203125,-0.0743075187442736,-1.39186930639433
47.8744506835938,-1.1564465095571,-4.46367509129844
48.065185546875,1.04339729654738,-3.43163789818221
48.2559204101563,0.79149891138515,-2.32728005846561
48.4466552734375,0.748810044238091,-1.63174616499026
48.6373901367188,-0.120867996277103,-2.45432031748018
48.828125,0.431992129907326,-3.90287703555774
49.0188598632813,-0.332587107311254,-3.3298437164129
49.2095947265625,-0.241339773340717,-2.73561248296814
49.4003295898438,1.64669566833421,-2.45778187975582
49.591064453125,0.246172560582819,-2.24906352254284
49.7817993164063,0.997172681361748,-2.6584807606223
49.9725341796875,-1.27865710363201,-2.18960574940344
50.1632690429688,-0.225311998975187,-3.22353397678838
50.35400390625,0.0762123233477931,-1.55703543265506
50.5447387695313,0.26860291251592,-3.56152624189355
50.7354736328125,0.540706694724203,-2.68014575614383
50.9262084960938,-0.915952141521959,-3.48198700566184
51.116943359375,0.620479249371475,-2.85204205957568
51.3076782226563,0.149155151360832,-4.09449833272747
51.4984130859375,0.365768531813185,-3.10922639352625
51.6891479492188,-0.236767724228664,-2.06173675486153
51.8798828125,0.104336437361452,-1.82927963776558
52.0706176757813,0.193756906466846,-1.15103127975924
52.2613525390625,-0.6068891668015,-3.17798540078479
52.4520874023438,0.803143513849734,-2.43812608854706
52.642822265625,-0.780453916491034,-2.56640201409626
52.8335571289063,-0.224597534836183,-3.05741653510998
53.0242919921875,-0.534804299273589,-2.9882488668197
53.2150268554688,0.699130842624751,-3.29705803162341
53.40576171875,0.486021274794166,-2.217808635902
53.5964965820313,-0.116519602763125,-3.12972054045003
53.7872314453125,0.785546817565311,-2.23061764308916
53.9779663085938,0.985845970949071,-3.23648531569098
54.168701171875,-0.457634810032473,-2.04792669395456
54.3594360351563,0.944814604474003,-2.23807486342791
54.5501708984375,1.22649822167615,-2.64389717194357
54.7409057617188,0.187545276279059,-1.77671913653399
54.931640625,0.627068060551211,-2.5626184665564
55.1223754882813,1.24344402447284,-3.86214271934649
55.3131103515625,0.123398686595337,-3.03675227885603
55.5038452148438,-0.0329536193070351,-2.74811626608136
55.694580078125,1.43066390833021,-2.02827959358757
55.8853149414063,0.825040705667304,-2.28464729720347
56.0760498046875,0.256919417763404,-2.126263311908
56.2667846679688,0.556875303586891,-3.05512809604585
56.45751953125,0.660995080192699,-2.19396439201211
56.6482543945313,-0.088876279652262,-3.04315720633031
56.8389892578125,0.0586431460346118,-2.94890198358155
57.0297241210938,-1.28318283229517,-2.26180927808056
57.220458984375,0.305655117544498,-2.65412872005929
57.4111938476563,-0.0936668133640331,-2.39325388942519
57.6019287109375,1.7248613162552,-1.97624658744389
57.7926635742188,-0.193088608049792,-2.12171397438431
57.9833984375,0.805047224853934,-2.71919355226575
58.1741333007813,0.989764272155775,-3.1466114367489
58.3648681640625,-0.108925737426735,-2.90180138364032
58.5556030273438,0.119114892605423,-2.07875971716215
58.746337890625,1.23900676966777,-1.1925430570069
58.9370727539063,0.293087261278598,-2.03352036973257
59.1278076171875,-0.0277249049401164,-1.57876253174721
59.3185424804688,0.82706933074664,-1.28728010222696
59.50927734375,0.454074155508697,-2.47180503407597
59.7000122070313,0.511828751869282,-2.4234257339424
59.8907470703125,1.03957998730136,-1.90619147462774
60.0814819335938,-0.225721795944286,-1.68681547483102
60.272216796875,0.962704815523125,-3.19450623646467
60.4629516601563,0.286488156034171,-1.79703768309749
60.6536865234375,0.612770074591454,-2.89363451829134
60.8444213867188,0.293975197468529,-1.6364928490785
61.03515625,0.610744300707701,-2.99164488171306
61.2258911132813,-0.471258608851197,-1.83780940731651
61.4166259765625,0.211198109636056,-3.11830643189629
61.6073608398438,-0.476080481013826,-1.71457299001478
61.798095703125,0.25863063348474,-2.12552697223029
61.9888305664063,-0.682611280466065,-1.98903287662588
62.1795654296875,-0.63861080456053,-1.94857354435932
62.3703002929688,0.031898615015604,-2.06279622608717
62.56103515625,0.0251003719277247,-0.801927150557388
62.7517700195313,-0.19461428629796,-2.61851971660412
62.9425048828125,0.801560974909867,-0.771982981310147
63.1332397460938,0.0883818594542973,-2.65805689564104
63.323974609375,-0.684297521943556,-1.64594550279883
63.5147094726563,0.752607086733995,-1.46648291912776
63.7054443359375,0.170220743892559,-2.49347280453658
63.8961791992188,0.102472027588408,-1.82359401892459
64.0869140625,0.323187853484271,-1.60915788684926
64.2776489257813,0.860629623017249,-3.00546142663098
64.4683837890625,0.363364139825598,-2.66898070162301
64.6591186523438,0.213244973933177,-2.17581072150415
64.849853515625,0.117299165934429,-2.61764759281626
65.0405883789063,-0.543049786519319,-2.09156893685034
65.2313232421875,0.987383171332611,-0.979672695464466
65.4220581054688,1.16902364472686,-1.07427619700384
65.61279296875,0.90662022716558,-1.76201251891218
65.8035278320313,-0.37215067932951,-2.27955543871142
65.9942626953125,-0.58795954922972,-2.66314747283884
66.1849975585938,-0.385362003484962,-1.19855334077767
66.375732421875,-0.819827645780785,-0.605228907622261
66.5664672851563,0.104028958465891,-0.789320759963226
66.7572021484375,0.3208824804599,-1.81478802978979
66.9479370117188,0.939121351922249,-1.12507568721012
67.138671875,0.380068479982252,-1.91640067049806
67.3294067382813,1.38349647322035,-1.59915057189291
67.5201416015625,0.111910914298731,-2.95507262544846
67.7108764648438,-0.767454022126204,-1.35402923435491
67.901611328125,0.676109210694537,-2.82078717100437
68.0923461914063,0.897572730302802,-2.06828237267573
68.2830810546875,1.14794146903006,-1.9305179025037
68.4738159179688,1.61565980256903,-0.860482571317937
68.66455078125,-0.122855456064806,-2.20142367803168
68.8552856445313,-0.418859822075042,-2.6610223423732
69.0460205078125,0.990855627766998,-2.82367054309127
69.2367553710938,0.907620545789706,-3.39033010118808
69.427490234375,-0.318289443748598,-2.77575971586287
69.6182250976563,0.695520861887466,-2.85307628390057
69.8089599609375,1.0397872767141,-2.53054204658775
69.9996948242188,-0.0787289486961143,-2.00681993937462
70.1904296875,-0.00257714148818507,-1.86153476591597
70.3811645507813,-0.387960079599152,-2.94322381866267
70.5718994140625,-0.267571196071817,-1.94765033170265
70.7626342773438,-0.558292044288656,-2.19519585265285
70.953369140625,1.32521163903198,-1.87573855139935
71.1441040039063,-1.12503541776816,-0.621906764110908
71.3348388671875,-0.466263615623191,-1.33008060634473
71.5255737304688,-0.872071464473261,-1.6263205403866
71.71630859375,0.510653825759881,-1.10654670200929
71.9070434570313,1.44132306070125,-1.41152785679792
72.0977783203125,-0.526926875747975,-1.56489168838779
72.2885131835938,0.0280524039865529,-1.86755613662523
72.479248046875,-0.752594093118099,-2.61123404398559
72.6699829101563,0.975576475691172,-2.78563137008466
72.8607177734375,-0.808730917919423,-1.83709086586148
73.0514526367188,0.242220329435337,-1.60120001748387
73.2421875,0.153419755352278,-1.88803671115396
73.4329223632813,0.949473159966131,-2.26857216109413
73.6236572265625,1.5429508092851,-1.30490613285451
73.8143920898438,-0.0487854184536113,-1.38076525500766
74.005126953125,-0.0349121930721098,-3.10235646445026
74.1958618164063,0.818791485528687,-1.91488430463327
74.3865966796875,-0.156740896608484,-1.56943039882381
74.5773315429688,0.699739085182287,-0.605055064705448
74.76806640625,1.30260431341238,-2.23086359395991
74.9588012695313,0.520613770313408,-2.30893206784394
75.1495361328125,1.6980456968703,-1.44822356761857
75.3402709960938,-0.320492124142459,-1.41286597089323
75.531005859375,0.25071568545535,-2.83380285401967
75.7217407226563,0.0949719786759088,-1.87250242205357
75.9124755859375,-1.01941109352486,-1.52662192284134
76.1032104492188,0.801911813753099,-1.46679891129461
76.2939453125,-1.41872803674288,-1.84720641936933
76.4846801757813,0.138219754431664,-0.00638783017274855
76.6754150390625,-0.309625625012043,-2.49154536816148
76.8661499023438,-0.343089618681245,-1.27279147313148
77.056884765625,0.507192467966134,-0.850108388194348
77.2476196289063,2.21962222427619,-0.229244804918137
77.4383544921875,0.481376272550478,-1.55026125047008
77.6290893554688,-0.386066436966823,-2.57542955028171
77.81982421875,0.635142427567155,-1.35447055640678
78.0105590820313,-1.04783071979781,-1.92989013916437
78.2012939453125,0.73794913824029,-0.963518813321091
78.3920288085938,1.66836939354318,-2.61292622557592
78.582763671875,0.220488809874593,-0.627285780538734
78.7734985351563,1.10908124177213,-1.45122247631366
78.9642333984375,0.0980903384787149,-1.6185356284611
79.1549682617188,0.376780358395754,-1.15539651805772
79.345703125,-1.12319060185315,-1.69042675612814
79.5364379882813,-0.62508044896896,-1.87638379105256
79.7271728515625,0.415411420501605,-1.30763124699446
79.9179077148438,0.864133127220902,-1.29051451736749
80.108642578125,-0.756434649312837,-2.34309355193968
80.2993774414063,0.50984358342797,-1.73739980140149
80.4901123046875,0.663283594825432,-1.59081854648022
80.6808471679688,0.311260331717977,-2.20624446186031
80.87158203125,-0.45378886203723,-2.54222918828419
81.0623168945313,1.21657231282462,-2.40849296234699
81.2530517578125,0.372230669399125,-1.31241341525446
81.4437866210938,-0.138261456491728,-1.32192752789688
81.634521484375,-0.320085384928987,-2.08656578019483
81.8252563476563,0.525576656803891,-1.24957554053803
82.0159912109375,1.95177658130974,-1.8147224492635
82.2067260742188,0.323990641095696,-1.42580048736504
82.3974609375,-1.02178993461417,-0.863030119255845
82.5881958007813,-0.758827494564545,-1.91706446565425
82.7789306640625,0.926766195033671,-1.6960461639637
82.9696655273438,0.788195353593594,-1.3871708316412
83.160400390625,0.291137875436814,-1.5767509926614
83.3511352539063,0.587030741573873,-2.5256667703247
83.5418701171875,0.0419606648787058,-0.894589043351065
83.7326049804688,-1.02154853859935,-2.22530934572005
83.92333984375,-0.0977893444319092,-3.11875019241869
84.1140747070313,0.586349194116125,-2.85331593537224
84.3048095703125,0.775536499941991,-0.738459845554407
84.4955444335938,-0.269914493735314,-1.89069365465216
84.686279296875,0.686350883710059,-2.42463862321851
84.8770141601563,-0.0956155308616287,0.111480898274527
85.0677490234375,0.201179135728767,-2.58218776785794
85.2584838867188,-0.969337023041283,-2.87460972008003
85.44921875,0.574733093973561,-1.55077833613287
85.6399536132813,0.0577958289722943,-0.834621880045615
85.8306884765625,-0.561365650368885,-1.30447672251437
86.0214233398438,-0.211433624145185,-1.43129675992934
86.212158203125,-0.117601059464958,-2.37824517406074
86.4028930664063,0.959461343614037,-2.76862372099201
86.5936279296875,1.24592033706761,-1.62757675668207
86.7843627929688,0.838886010413963,-1.4937098069991
86.97509765625,-0.0630422537960214,-1.18445002238977
87.1658325195313,-0.675884581582949,-0.898048634840941
87.3565673828125,0.658462204613133,-0.847221244313581
87.5473022460938,-1.07488305452098,-0.674043013198717
87.738037109375,0.589207328468088,-1.77614821675814
87.9287719726563,1.1954949794679,-1.01391555184103
88.1195068359375,-0.672233253060386,-1.69869517849686
88.3102416992188,-0.544665291613627,-0.953739898225892
88.5009765625,-0.0787090113754703,-1.47627264779277
88.6917114257813,1.17720962808778,-1.71774285387594
88.8824462890625,-0.319208994938578,-1.29899151594409
89.0731811523438,-0.288603567567988,-0.461840327832623
89.263916015625,0.150114312341439,-0.0858809245597309
89.4546508789063,0.546183207102511,-0.428009811189554
89.6453857421875,0.828218204188043,-0.424595149328203
89.8361206054688,-1.328219781378,-1.28947782997053
90.02685546875,-0.565931055798803,0.64724146960287
90.2175903320313,-0.848956517554736,-1.09797180021309
90.4083251953125,-0.0138667314878187,-1.4946348789849
90.5990600585938,-1.01743073789242,0.250227438939798
90.789794921875,0.569636222071359,-0.912839337665091
90.9805297851563,-0.318174518702906,-1.69544102307809
91.1712646484375,-0.167478540492577,-0.933126795731033
91.3619995117188,0.507823070191507,-0.501637789505371
91.552734375,0.268603708074707,-1.82266572235826
91.7434692382813,0.26248107021963,-0.465419746992479
91.9342041015625,0.971189609948239,-0.637823767824832
92.1249389648438,0.0212876280940301,-2.63419193577495
92.315673828125,0.587061798929745,-1.17061405668978
92.5064086914063,-0.602563124738637,-1.44259287988083
92.6971435546875,-0.39499319547721,-2.04847670506372
92.8878784179688,-0.121753313544905,-0.981534459099256
93.07861328125,-0.200089429125582,-0.71741107100309
93.2693481445313,-0.185419987399521,-1.89149695655158
93.4600830078125,0.49510315934142,-1.09195642035512
93.6508178710938,0.0737605762906786,-1.08800939154656
93.841552734375,0.921997892685814,-2.62665590365934
94.0322875976563,0.244493766652141,-2.67672443377865
94.2230224609375,1.05834388652703,-2.1225601229408
94.4137573242188,0.318388612590378,-1.17527065673693
94.6044921875,-0.0132239855806619,-1.5873251316817
94.7952270507813,0.256468574796908,-1.95497659894908
94.9859619140625,0.729942575870752,-1.82341447432285
95.1766967773438,-0.313438635944887,-1.31095142993241
95.367431640625,-0.824062955005007,-2.31198571769783
95.5581665039063,0.232856992111044,-1.07002514977538
95.7489013671875,-0.438040185510599,-0.860604550759981
95.9396362304688,0.925851978963718,-0.960305709765369
96.13037109375,1.75972509695298,-1.86139949917767
96.3211059570313,-0.128958089262465,-1.77826933037593
96.5118408203125,0.367723651833677,-0.35126618496255
96.7025756835938,0.139164878797594,-0.75242637146877
96.893310546875,-0.297139645066814,-1.71194065447275
97.0840454101563,0.164559762086796,-1.38825870563827
97.2747802734375,-1.24433898711187,-1.10643268422518
97.4655151367188,1.91698053105628,-0.793706319272468
97.65625,-0.0528565072205448,-1.03350940005576
97.8469848632813,0.0485751570602364,-1.18804930114405
98.0377197265625,0.313336316868076,-1.08766450478345
98.2284545898438,0.832233948429995,-0.953341271827647
98.419189453125,1.11388217763084,-0.381286527433412
98.6099243164063,0.271475302680865,-0.68524022089711
98.8006591796875,1.02857601586463,-0.331448615993927
98.9913940429688,1.89963301184122,-1.62393011442942
99.18212890625,-0.0343944183752371,-1.85860520542291
99.3728637695313,0.450350637133046,-0.2835892322372
99.5635986328125,0.872408435322596,-1.73598065145043
99.7543334960938,0.916510240828022,-0.717314598512429
99.945068359375,-1.37974587895308,-0.90296931758165
100.135803222656,-1.1591491789048,-0.902932090142017
100.326538085938,0.877595656111221,-0.860351722475861
100.517272949219,-0.315802799495828,-1.24537768656778
100.7080078125,0.225376852745214,-0.559553941690899
100.898742675781,1.33740650178683,-0.209750521611537
101.089477539063,1.12984863890678,-0.5589208552973
101.280212402344,0.0300829683827895,-1.84194860120459
101.470947265625,-0.186700683260209,-0.512361189607009
101.661682128906,1.27058124756482,-1.32088695299684
101.852416992188,-0.625640644727777,-1.83842727558865
102.043151855469,0.303807677039916,-1.61871238987875
102.23388671875,0.313331024728168,-1.54419807574945
102.424621582031,1.24780665595556,-1.68210974930979
102.615356445313,0.119961186247968,-1.49448810847884
102.806091308594,0.983702527470495,-2.10774763306775
102.996826171875,1.05333259613469,-2.12813026194907
103.187561035156,0.294005752369826,-0.400710526798672
103.378295898438,0.839942489987291,-0.540968700280528
103.569030761719,0.659192683850924,-1.3542384972644
103.759765625,-0.261678918745818,-2.95393254578558
103.950500488281,-1.35046755282305,-0.918030535746521
104.141235351563,0.103504138420395,-0.823844441746353
104.331970214844,0.860000932594711,-1.47583638804391
104.522705078125,0.779572618137694,-1.38939707489378
104.713439941406,-0.276553103831703,-0.617840155397933
104.904174804688,-0.750802986266878,-0.86793146449276
105.094909667969,1.73528264228255,-1.5009149631013
105.28564453125,-0.688628301265476,-1.16097131242822
105.476379394531,0.60681801042994,-0.370072868477703
105.667114257813,-0.0936712554010601,-0.936750517497698
105.857849121094,-0.0607697169735682,-1.42333535490965
106.048583984375,0.53045519340324,-0.913014173678982
106.239318847656,1.38582343991842,-1.4404203106463
106.430053710938,2.17171074612577,-1.58849679359564
106.620788574219,0.890513869690229,-1.488519523035
106.8115234375,1.18969894667729,-1.10520920815246
107.002258300781,0.0740344522681039,-1.9553733777918
107.192993164063,-0.537997736659959,-2.3024176001476
107.383728027344,0.446019961484089,-0.548436131457159
107.574462890625,-1.78300544487042,-0.780264083629777
107.765197753906,0.424872081443701,-0.615437274022601
107.955932617188,0.234541341088727,-1.11941653659666
108.146667480469,0.0882438850735045,-0.871630143540231
108.33740234375,0.847034090199129,0.131129596823731
108.528137207031,0.706950849959434,-1.91073311907751
108.718872070313,1.04386015067805,-0.333604060684611
108.909606933594,0.578785923398173,-1.52593444471262
109.100341796875,-1.09187775206008,-1.77899979085554
109.291076660156,0.166203669085792,-0.594843701394817
109.481811523438,-0.514571388782634,-0.672032685801469
109.672546386719,-0.291177023836866,-1.49111263223991
109.86328125,-0.249030475595657,-1.06605951251152
110.054016113281,1.23866428824891,-0.529873253159018
110.244750976563,-0.20137219168743,-1.31789796150334
110.435485839844,0.629818669691549,-1.52194530215316
110.626220703125,0.540721145343507,-0.274455339567105
110.816955566406,0.239344816980456,-1.47277065262597
111.007690429688,-0.0106705411478389,0.132038900310936
111.198425292969,1.69340704646755,-0.931960584753922
111.38916015625,0.513462385819496,-1.58620958749403
111.579895019531,-0.97517336052936,-0.344412876828684
111.770629882813,-1.02757612768984,-1.40530951672763
111.961364746094,-1.03856182875794,-2.03220493865911
112.152099609375,0.712905142551443,-0.464447622115802
112.342834472656,-0.0438582128408257,-1.31589159825892
112.533569335938,-0.311858283432014,-1.34983185174218
112.724304199219,-0.27763368374972,-1.59905898751761
112.9150390625,0.282703565150368,-1.36769349969936
113.105773925781,1.30014379360825,-1.49953337964037
113.296508789063,0.866422287202047,-0.82401175372999
113.487243652344,-0.657148657834868,-1.06399542476574
113.677978515625,0.619462866593211,-1.20239043816899
113.868713378906,0.494030011867345,-0.837283189950435
114.059448242188,0.259567702826747,-2.82395320214318
114.250183105469,1.12161366189666,-1.40622991110057
114.44091796875,-0.389021763338239,-0.742982300272769
114.631652832031,0.128882437378227,-1.54543215250443
114.822387695313,1.66878984798157,-2.05475754257348
115.013122558594,-0.442946775227438,-0.695819487360215
115.203857421875,-0.70706140081339,-1.56283797928826
115.394592285156,-0.465043643089464,-1.203309161258
115.585327148438,0.461398489025647,-1.1985190741299
115.776062011719,0.514800657052467,-0.342339919128526
115.966796875,-0.187989835015741,-0.323719421890414
116.157531738281,0.342082173579656,-1.43426326482585
116.348266601563,-0.684903972928859,-1.38761418516974
116.539001464844,0.26468416556761,-1.04579272322749
116.729736328125,-0.167466017200853,-1.89680341324952
116.920471191406,0.562197929648481,-0.82767107435957
117.111206054688,0.247881214769815,-1.05950310261074
117.301940917969,0.266419409940289,-1.29457060872002
117.49267578125,-0.105799314796024,-1.0436654547167
117.683410644531,-0.863349724379184,-0.639922367274469
117.874145507813,1.33099816577316,-0.659063015855493
118.064880371094,0.00604619651547517,-1.42839475417346
118.255615234375,0.523222591624754,-1.72197613198174
118.446350097656,-0.166663804751504,-1.23567133608222
118.637084960938,0.272320483880984,-1.03184359108055
118.827819824219,1.44299550613462,-1.01428862904306
119.0185546875,-0.37971856800573,-1.17818497152522
119.209289550781,0.0307374919125508,-0.791704823708434
119.400024414063,1.72770339965188,-1.84405635596768
119.590759277344,0.352846808494125,-1.23050419693542
119.781494140625,0.895167747621757,-0.868157045112027
119.972229003906,-0.363069263603214,0.117464574704463
120.162963867188,1.53339572174206,-0.0585866053389373
120.353698730469,0.0908757464206613,-0.883969078875868
120.54443359375,-0.199351107159104,-0.282382599091376
120.735168457031,-0.449721146514689,-1.98046865752868
120.925903320313,0.736750527371588,-1.43910817501335
121.116638183594,0.123492800920893,-1.10909813221105
121.307373046875,0.648855157148977,-1.12904169735924
121.498107910156,-0.311750246038797,-0.381567510499373
121.688842773438,0.333039106949342,-0.275297381427457
121.879577636719,-0.449933793557322,-0.932413599681076
122.0703125,0.733926452575292,-0.50456858508266
122.261047363281,0.682408188578979,-0.496435153115128
122.451782226563,-0.836596431430675,-1.33383662472594
122.642517089844,0.592645396294292,-0.804947396829971
122.833251953125,-0.876255079841527,-1.12776350491859
123.023986816406,0.785770124929991,-1.22130869919696
123.214721679688,0.0975981857629554,-1.00715571441198
123.405456542969,0.591513878698869,-0.550445961373525
123.59619140625,0.56047630250056,-0.945584471198109
123.786926269531,0.0425427450489858,-1.02590520714833
123.977661132813,1.00473696274208,-2.17420878296424
124.168395996094,0.119734634625672,-0.624351028910636
124.359130859375,-0.279520734181982,-0.700347422676276
124.549865722656,0.25008563439191,-2.28698419704172
124.740600585938,0.0816433302732842,-1.73296383210552
124.931335449219,-0.498517383915274,-1.15487109427036
125.1220703125,1.2192497884553,-2.17158368678815
125.312805175781,0.205904434510303,-1.21758244279533
125.503540039063,0.489812300728733,-0.26505107308524
125.694274902344,0.957738965681331,-0.505160424190163
125.885009765625,-1.40805509067052,-0.211619115345408
126.075744628906,-0.687499642152251,-1.74945614427867
126.266479492188,-0.0492104062356121,-1.33377079022021
126.457214355469,2.05133767169362,-0.702280426615929
126.64794921875,0.647969931924184,-1.27858766205118
126.838684082031,0.967124288335813,0.269287274857874
127.029418945313,0.979631008862867,-1.05272934456109
127.220153808594,-0.780244764979816,-1.81126964004758
127.410888671875,0.0378575817931891,-0.913450253325067
127.601623535156,-0.0846303101772837,-0.132754501195601
127.792358398438,0.687413511607417,-0.579568637768237
127.983093261719,-0.0728255671614571,-0.931684253461209
128.173828125,0.215252319987643,-0.944886186894355
128.364562988281,-0.0594515251887759,-1.13940427101225
128.555297851563,-0.10847069000922,-0.0106226066979438
128.746032714844,0.540882535675695,-0.80374162308774
128.936767578125,0.753390418541629,-0.845732727342554
129.127502441406,-0.0993284645465171,-0.781527395205371
129.318237304688,-0.19524451952584,-0.66550741823985
129.508972167969,-0.433142608649183,-0.979724080196254
129.69970703125,1.03573976913062,-0.580114659176792
129.890441894531,1.35251512609356,-0.883128991334133
130.081176757813,-0.694240350528144,-0.946416376081325
130.271911621094,0.191268074089731,-0.271423001430127
130.462646484375,-0.0402662047874313,-1.45205621560297
130.653381347656,0.852855235690284,-0.761235636968728
130.844116210938,0.0643364031975943,-0.159944471633636
131.034851074219,-0.171223708053495,-0.371805703238437
131.2255859375,1.73786119896064,-1.05946720184551
131.416320800781,1.48082080353915,-1.45530786802537
131.607055664063,1.04305552755326,-1.97077968571043
131.797790527344,0.0701849341610402,-0.453885650010356
131.988525390625,-0.21967483582594,-0.375383030643933
132.179260253906,1.697582234248,0.332209726975271
132.369995117188,-0.249321661442685,-0.985051753715441
132.560729980469,0.915555336601767,-0.765358637489311
132.75146484375,-0.435174674759982,-0.776509024917316
132.942199707031,0.585054391543141,-0.465275682750928
133.132934570313,-0.984225264842716,-0.420015143084682
133.323669433594,0.861181957987897,-1.50805413285873
133.514404296875,-0.879012814725767,-0.791259151830794
133.705139160156,-0.63289942929669,-0.43075755268112
133.895874023438,-0.993101305073018,-2.20392957649388
134.086608886719,-0.172763565807667,-1.87239955194487
134.27734375,-0.962037747116553,-0.479170046599772
134.468078613281,0.51378848880042,-1.55502962630327
134.658813476563,1.43039672566285,-1.08159813008505
134.849548339844,-0.464703926870124,-0.184157803909948
135.040283203125,0.0570396171894875,-0.0267297889463965
135.231018066406,-0.412997209439211,-1.39828340748561
135.421752929688,-0.923580666195368,-1.42424468106352
135.612487792969,0.310503283584682,-1.5293493122019
135.80322265625,-0.466789377623298,-0.590161498020266
135.993957519531,-0.45444706460481,-1.17324165450923
136.184692382813,1.34489537176101,-0.691213930560395
136.375427246094,1.40052350462839,-1.22076012666984
136.566162109375,-0.595960573309436,-0.184839794684363
136.756896972656,1.49009848631717,-0.462634556498246
136.947631835938,0.135724439893447,-1.42130439696682
137.138366699219,1.24264665773321,-0.355840694584563
137.3291015625,0.612853871149079,-0.640561091632494
137.519836425781,-0.475784629035483,-0.245582408763325
137.710571289063,0.447114817557467,-1.38715693025095
137.901306152344,0.731708794691451,-0.925223166411434
138.092041015625,0.970105722818901,-2.04301599948937
138.282775878906,-0.1482110340071,-1.3880055140831
138.473510742188,0.193579746845912,-1.28182650719651
138.664245605469,-0.147708370741073,0.264991781508747
138.85498046875,-0.807398950963772,-1.86480642072992
139.045715332031,0.719289344198737,-0.035303798236715
139.236450195313,-1.48458995701769,0.219733041437097
139.427185058594,0.163660392698877,-0.58080499029514
139.617919921875,0.437023306103159,-0.776164268989987
139.808654785156,0.637492142840197,-1.25445618218562
139.999389648438,1.06834472186905,-0.118119358571054
140.190124511719,-0.255207439152488,-1.71407097498429
140.380859375,-0.0671887770405582,-1.91929984440321
140.571594238281,-0.83398776748196,-1.06235983552584
140.762329101563,1.33609033371041,-1.13654070602328
140.953063964844,1.23093844999894,-1.45366639226886
141.143798828125,-0.00175763333051224,-0.484814895741259
141.334533691406,0.218723925327167,-1.53227557300984
141.525268554688,-0.0930525738441528,-0.950037703414061
141.716003417969,0.128454873054278,-0.369658749068837
141.90673828125,0.245027105122135,-0.47735116188426
142.097473144531,0.739156854942673,-0.938104250870995
142.288208007813,0.305932734558934,-0.562601367833844
142.478942871094,0.7431231252575,-1.93842388547943
142.669677734375,0.444201962295928,-0.670431719718828
142.860412597656,1.28591177383438,-1.80142029280151
143.051147460938,-0.115278396772661,-1.18628521680045
143.241882324219,0.829820087929311,-1.04844798655604
143.4326171875,0.549139028447487,-0.349867352071373
143.623352050781,0.00195166733553602,0.438743009471653
143.814086914063,0.373735157362728,-1.32599499170825
144.004821777344,0.590547691763871,0.315847155108193
144.195556640625,1.83689552797379,-0.729098287635832
144.386291503906,0.431956969598964,-0.0576009186292431
144.577026367188,-0.92565658072774,0.382002639924511
144.767761230469,0.254971495860234,-2.46069911826444
144.95849609375,0.395853773276941,-1.53697000418761
145.149230957031,0.307017541938498,-1.23370027239289
145.339965820313,1.19602896371627,-1.47423424602973
145.530700683594,-0.529267521889035,-1.10481577923268
145.721435546875,0.185003331242498,-1.31088846033399
145.912170410156,0.560860742596292,0.352454838710327
146.102905273438,0.819299639701331,0.589443101660676
146.293640136719,0.75138180022373,-0.62351444321363
146.484375,0.396050877741306,-0.932153588872072
146.675109863281,0.389752975759721,-1.18248913278793
146.865844726563,0.0271370427202552,0.0612609896679613
147.056579589844,-0.743928240003747,-0.971606716818529
147.247314453125,-0.0192300611138233,-1.53252631125498
147.438049316406,1.20161891736746,0.579233170145315
147.628784179688,2.22139583259294,-1.7904942395127
147.819519042969,1.27034506976064,-0.360563022592166
148.01025390625,0.576963475932745,-1.4209103703683
148.200988769531,-0.130468865964535,0.658094773723063
148.391723632813,-0.190653419728787,-0.349065032654224
148.582458496094,0.427648491684999,-0.291549826117733
148.773193359375,0.42116285851071,-0.699612265340778
148.963928222656,0.290315152588701,-0.746027265881555
149.154663085938,-0.482078759349972,-1.63817845602505
149.345397949219,-0.297088844782444,-0.759076681699951
149.5361328125,1.10196248639206,-0.0499285007510334
149.726867675781,-0.160721414185965,-1.27146772611189
149.917602539063,0.444697099685586,-0.37514686189771
