Fre(kHz),Re,Im
-149.917602539063,0.037284165653242,0.984878949660637,ZeroPoint:Tj,63,3
-149.726867675781,-0.450812707433805,-0.332433475154409,Const.;stime,-20.4517639199999,6.4E-07
-149.5361328125,0.361903155682145,0.113254856837798,Fre.Range:Tau,-150:150,1.5E-05
-149.345397949219,-1.00699902798253,1.32290196736028,FFTSize:DataSize:Firstpul,8192:8192,5E-07
-149.154663085938,0.676649583900497,0.115549127513894,70k3fidF6666,Freq.=141410000
-148.963928222656,-0.192952239351269,1.56173405362511
-148.773193359375,0.291528384206684,0.533262383998864
-148.582458496094,0.474003224280135,0.17795152577114
-148.391723632813,-1.70871355967246,0.270513520878096
-148.200988769531,-0.422393255342947,0.718672090602021
-148.01025390625,0.727502738378515,0.499158864333553
-147.819519042969,0.592265507780163,1.54673710608668
-147.628784179688,0.921982365076866,1.06238190568008
-147.438049316406,1.38268244355326,-0.718476272746036
-147.247314453125,0.702582246915749,0.310504744279459
-147.056579589844,0.196441025172388,0.717802024507461
-146.865844726563,-0.549663603617673,0.396516331583483
-146.675109863281,-0.214352926117482,1.87943876244692
-146.484375,1.10724537985552,0.456773463489602
-146.293640136719,-0.0328777980327327,0.19976523796087
-146.102905273438,0.268332960336721,0.789333563966921
-145.912170410156,-0.952798431629042,0.531072914494013
-145.721435546875,0.161887898059125,1.34496787660097
-145.530700683594,0.0901849608753776,0.602974126729308
-145.339965820313,0.747759724397242,-0.200131707100414
-145.149230957031,0.416868268202839,0.0232321193909317
-144.95849609375,-1.26133310701446,1.50743492471106
-144.767761230469,-0.437447259087853,0.342824482235881
-144.577026367188,0.162345952871951,0.979166749776541
-144.386291503906,-0.892878293533227,0.705184001896562
-144.195556640625,0.0208760479486088,2.68928932087238
-144.004821777344,-0.695162928349588,0.466784183488288
-143.814086914063,-0.580884817032751,0.370752005023392
-143.623352050781,0.085129451866252,-0.176387136015038
-143.4326171875,0.314379595588801,0.518246561449713
-143.241882324219,1.52228981414209,1.8234653666169
-143.051147460938,0.914590908025101,1.02200572630883
-142.860412597656,0.330794034901592,1.71123210929941
-142.669677734375,0.214854707677661,0.823862419811737
-142.478942871094,0.661082095576686,-0.587752615670654
-142.288208007813,0.698119136323589,-0.0862275745148675
-142.097473144531,0.0536928136428344,1.04388665138407
-141.90673828125,0.347896238652538,-0.0496077815874686
-141.716003417969,0.521173063580313,0.225597807878537
-141.525268554688,0.150275998445937,1.33768967746117
-141.334533691406,0.0561063388995639,0.749563968562078
-141.143798828125,1.47775722022813,0.694028168295641
-140.953063964844,0.139935020649946,1.90381059804483
-140.762329101563,1.5000416092101,1.48306645170032
-140.571594238281,-0.476104413930489,0.426121946955767
-140.380859375,0.9026900957927,0.997587648457517
-140.190124511719,0.789960929952334,0.782150189884686
-139.999389648438,-0.261678416292992,0.335843919541193
-139.808654785156,-1.10795693892635,1.59373757103173
-139.617919921875,-1.17833130148215,1.13731107905879
-139.427185058594,0.631685442221838,-1.13907799717323
-139.236450195313,-0.262256915943201,2.1885111371685
-139.045715332031,-0.758790164663851,0.548103923983469
-138.85498046875,0.55495098126042,0.0917129916243549
-138.664245605469,0.488272592360103,0.151893986811932
-138.473510742188,0.105105113688573,-0.341332271677702
-138.282775878906,0.941496460921446,0.7744149509755
-138.092041015625,0.152660748123088,0.864135116697182
-137.901306152344,-1.42089122254183,0.666746341521072
-137.710571289063,1.04722632800567,0.46987260163306
-137.519836425781,-0.317491052510453,0.728063955865601
-137.3291015625,-0.351474498081536,1.1039167388229
-137.138366699219,0.916075409626488,0.941494830017812
-136.947631835938,1.17274019627864,1.75029772466104
-136.756896972656,-0.80533338824476,1.39066116829106
-136.566162109375,0.607765859377114,-0.148843262194413
-136.375427246094,0.600677001541531,0.983250261386423
-136.184692382813,0.0357188392598355,-0.185704564244643
-135.993957519531,0.11907252816285,0.466838319790077
-135.80322265625,0.129753923282696,1.69071826421688
-135.612487792969,1.30280293539044,0.618132260687958
-135.421752929688,0.547266505600509,0.202388593572646
-135.231018066406,-0.090725719255623,1.44463626650192
-135.040283203125,0.832270672140501,0.351172476551173
-134.849548339844,1.10193980181298,0.415500753639711
-134.658813476563,0.318185001548396,0.170044439485302
-134.468078613281,0.449174518461867,0.463667567371772
-134.27734375,0.154908036589772,1.30543992350503
-134.086608886719,-0.0455614997510879,1.41206687976222
-133.895874023438,-2.08481288694104,0.800927957183159
-133.705139160156,0.0275128051938953,1.60416968620612
-133.514404296875,-0.0348984724508467,1.61656566591586
-133.323669433594,-0.477762438375031,-0.71915324108995
-133.132934570313,0.249197013256117,0.682120913119103
-132.942199707031,0.858066522861063,0.674665508832519
-132.75146484375,0.921718789919329,1.52274760542951
-132.560729980469,0.358117912126205,0.248963792690421
-132.369995117188,0.723493953187279,0.0757310772634234
-132.179260253906,0.0627035622568614,1.84235927174372
-131.988525390625,0.447049463565295,0.941864050765516
-131.797790527344,0.140636513363428,1.35545341194839
-131.607055664063,0.928865726999178,0.559904528090724
-131.416320800781,-0.277984313344718,0.136596983818374
-131.2255859375,0.190713358315547,1.33892589216509
-131.034851074219,-0.130896812951714,0.784087664990679
-130.844116210938,0.189824896288878,0.0568285324684959
-130.653381347656,-1.33111672337617,1.24964103593544
-130.462646484375,0.818193699312167,1.51379567199732
-130.271911621094,0.0507473160572975,0.113924306248613
-130.081176757813,0.622437433169381,0.383320192148028
-129.890441894531,-0.113095309624703,0.586715587146696
-129.69970703125,0.360716642693042,2.4243123818132
-129.508972167969,-1.04526923799119,1.50117613978374
-129.318237304688,-0.310889765115516,0.63304643837366
-129.127502441406,0.74053087760561,1.95251939724767
-128.936767578125,0.439107895999827,-0.134142400852761
-128.746032714844,0.571633972950455,0.90708326799362
-128.555297851563,1.33756514067147,0.651275870415495
-128.364562988281,0.391219640940065,-0.284397812113463
-128.173828125,0.529941490296582,1.31495091973903
-127.983093261719,-0.27603204407978,1.31530396213377
-127.792358398438,0.100399791332124,1.20965356083856
-127.601623535156,0.560301028046188,1.68762585948639
-127.410888671875,-0.0969021028720811,0.560332752292632
-127.220153808594,0.114341779296474,1.83399907226978
-127.029418945313,0.438842106895415,0.964491354656194
-126.838684082031,0.901266131241083,2.22683512360992
-126.64794921875,-0.12525260773376,1.92832172029981
-126.457214355469,1.2749344367656,2.63474569073666
-126.266479492188,1.67801333008912,-0.742772178530622
-126.075744628906,0.524130609464502,1.94634741893376
-125.885009765625,-0.289705871047422,0.648137852164408
-125.694274902344,-0.878150646826539,1.82574842974529
-125.503540039063,0.0963473993340401,-1.02213267392792
-125.312805175781,-0.661786340638859,0.185534847556058
-125.1220703125,0.0773453458909561,2.14446931463664
-124.931335449219,1.96548456569398,0.414246845619061
-124.740600585938,-0.529849502229262,-0.110979472241842
-124.549865722656,1.29284297124501,0.50487166433431
-124.359130859375,1.44836281062055,1.11755201517446
-124.168395996094,-1.16966758345428,0.846067442263305
-123.977661132813,0.169817868393999,-0.432929090129784
-123.786926269531,-0.011331375873161,0.767169560784949
-123.59619140625,0.271117954022736,0.916228347578465
-123.405456542969,-1.12446722339931,1.21797743062656
-123.214721679688,-0.0694922946988719,0.69485118884266
-123.023986816406,-0.32330481509584,0.775352511751354
-122.833251953125,0.775856732817572,-0.20960494517013
-122.642517089844,-0.652612359923788,1.30745812226554
-122.451782226563,-0.0744442746413189,1.26854213818959
-122.261047363281,-0.524867468060171,0.870207080339601
-122.0703125,0.44771745333877,1.07866874889008
-121.879577636719,0.709285749739687,0.693771400314001
-121.688842773438,0.230027151106034,0.111805165873293
-121.498107910156,-0.0722892733766547,0.241447242045401
-121.307373046875,1.56306664924071,1.18818104974847
-121.116638183594,-0.363575992230749,0.931561434744823
-120.925903320313,0.298169143708483,0.862378460905334
-120.735168457031,0.0405697354453275,0.626840542167362
-120.54443359375,-0.192505350705225,1.02582752266527
-120.353698730469,-0.0537332787150777,1.16770032813128
-120.162963867188,0.293144198040155,0.862876563297611
-119.972229003906,-0.649349534529016,-0.0355893389802827
-119.781494140625,1.58171747380813,0.0956783443644893
-119.590759277344,0.633301306612321,2.22517994260627
-119.400024414063,0.0434956556328379,1.14478943082496
-119.209289550781,-0.570700341528598,0.894657263402066
-119.0185546875,0.421526227823655,1.91224982251189
-118.827819824219,-0.0544738197007474,-0.0489448569840419
-118.637084960938,0.295863521967675,-0.218385051863751
-118.446350097656,0.706151130382561,2.06847671040411
-118.255615234375,0.275603888648319,1.40458122266188
-118.064880371094,-0.268342988435402,1.36445306163518
-117.874145507813,1.62943227919731,0.291211985906657
-117.683410644531,1.4045922507205,0.251203902187072
-117.49267578125,1.1812780237275,1.18668650018533
-117.301940917969,0.276118703995114,1.15291773329676
-117.111206054688,-0.715496400867287,1.37091619122948
-116.920471191406,0.400059412837988,0.934982632308132
-116.729736328125,-0.105904341731941,0.188979254407899
-116.539001464844,0.330586764303025,0.98078252245866
-116.348266601563,0.337166198497321,0.212737308031021
-116.157531738281,-0.836938898202189,0.537911982231718
-115.966796875,0.0305649287025334,1.4027499595929
-115.776062011719,1.21302420578624,1.32734658090658
-115.585327148438,0.578161108915135,-0.409252948242629
-115.394592285156,0.037544724983736,1.32636288245248
-115.203857421875,1.77434419284616,1.04608099372099
-115.013122558594,0.251190285334944,0.603594545820355
-114.822387695313,0.775251932966963,0.782970664893247
-114.631652832031,1.04603541931528,1.76584719050066
-114.44091796875,0.859356921935874,0.799994607713345
-114.250183105469,-1.22201109118853,2.14182400286121
-114.059448242188,1.29986192524876,1.91821309037683
-113.868713378906,-0.880421515308535,1.40834073364147
-113.677978515625,-1.24359170036344,0.404365866714645
-113.487243652344,-0.14187891997116,-0.157960712727401
-113.296508789063,-0.472410568693976,-1.10992238035096
-113.105773925781,0.52877641982256,0.337885355118081
-112.9150390625,-1.21538921634532,1.80686591784787
-112.724304199219,0.920483329626492,0.518643089834118
-112.533569335938,0.95260049282157,2.0669503923403
-112.342834472656,0.225278900195766,0.988397175481221
-112.152099609375,0.410154482703412,1.37976131152523
-111.961364746094,-0.942847685545907,1.93634421904581
-111.770629882813,0.344009427478216,0.903956452316627
-111.579895019531,0.93088630477428,1.23691049659914
-111.38916015625,-0.30931590442938,-0.0698573087641089
-111.198425292969,-0.410784565314942,2.39818581378368
-111.007690429688,0.193586751959398,1.01089851934266
-110.816955566406,0.168808269616752,1.9557201637171
-110.626220703125,0.52728379479698,1.45955421743955
-110.435485839844,1.42048530008935,1.7348160938492
-110.244750976563,0.444855403723191,0.211554214960488
-110.054016113281,1.80545259511399,1.07474915895356
-109.86328125,0.709757725409432,1.53072486028548
-109.672546386719,-0.113595085323586,-0.568069945860784
-109.481811523438,-0.110485041191961,0.00987136719831776
-109.291076660156,0.831185529871233,1.90282289217725
-109.100341796875,-0.375127118568242,1.5827169359494
-108.909606933594,0.957830696896777,0.661719886989234
-108.718872070313,0.637970858401003,-0.11406481725413
-108.528137207031,0.713642437281202,1.56279175249691
-108.33740234375,0.336840628936469,1.13838354747057
-108.146667480469,-0.945056652189023,0.530586656644088
-107.955932617188,1.6861232326725,1.53014112584858
-107.765197753906,-0.680330348534368,0.493656790353427
-107.574462890625,-0.459060695139934,1.04046060169359
-107.383728027344,-0.172438256026965,1.29765858323545
-107.192993164063,-0.522105879860434,1.16902148991232
-107.002258300781,-0.333975580707231,2.09089982408589
-106.8115234375,1.48037857755694,0.409563476213213
-106.620788574219,0.54803213111514,0.820929172942687
-106.430053710938,1.56560407582992,0.870055420780771
-106.239318847656,1.01802521010367,0.600224021564888
-106.048583984375,0.175510813767883,-0.111738125559774
-105.857849121094,-0.220125047932453,0.508297233844957
-105.667114257813,0.809381473226944,1.45978117900354
-105.476379394531,-1.681468065396,0.446211613360575
-105.28564453125,2.18492780069325,0.105870721592868
-105.094909667969,0.189173940360724,0.575392368925243
-104.904174804688,0.0897480374964034,2.05597783131417
-104.713439941406,0.415127052672432,1.91385064806108
-104.522705078125,-0.0873819858755116,1.02307493069615
-104.331970214844,1.29682957333816,1.81989130889401
-104.141235351563,0.049017188658753,0.918014133848871
-103.950500488281,0.300448727144054,1.18857235833644
-103.759765625,0.499096474202451,0.0935195269440954
-103.569030761719,1.03545053761383,1.59741646441584
-103.378295898438,-0.331436712054881,1.9541411726493
-103.187561035156,-0.279049456521403,2.30662330282758
-102.996826171875,1.05709018101078,1.09497748393521
-102.806091308594,0.611298274655275,0.201525376152311
-102.615356445313,-1.18076222566892,0.827630368849406
-102.424621582031,0.00966074484365527,0.252703371958757
-102.23388671875,0.862676833921043,1.1893535311965
-102.043151855469,-0.545402004493552,0.546498594791721
-101.852416992188,0.166195332216601,0.575689050567216
-101.661682128906,-0.902866845478479,0.789187563184495
-101.470947265625,1.23104190845609,0.625024500927549
-101.280212402344,1.01333601309266,0.906456266731047
-101.089477539063,-0.740323158630243,1.87490469230176
-100.898742675781,0.118180130968546,0.527350075056988
-100.7080078125,0.828497526785207,0.164671351270998
-100.517272949219,0.875510718090994,0.858494681720191
-100.326538085938,1.27358778748285,1.00460761071894
-100.135803222656,-0.896994112178696,-0.204050590351719
-99.945068359375,-0.136245916376106,2.32949345797902
-99.7543334960938,-0.437163772425601,1.85326897366422
-99.5635986328125,-0.179333770397718,0.345231070049178
-99.3728637695313,1.15115494343385,1.41459902641242
-99.18212890625,-1.81065133017691,0.762722403870255
-98.9913940429688,0.00513591100584192,2.44219554681426
-98.8006591796875,-0.0708065138657648,1.00167828236674
-98.6099243164063,0.101473860421613,2.34240117236767
-98.419189453125,1.36119710828183,1.9858893949886
-98.2284545898438,0.144151051232347,0.589371802396465
-98.0377197265625,1.08784407632324,1.3679938275469
-97.8469848632813,0.68776548639017,0.468620523614277
-97.65625,0.421463675913175,1.07975582687618
-97.4655151367188,0.181772193877917,-0.300141159685168
-97.2747802734375,-0.293212749762527,1.14130703907075
-97.0840454101563,0.639484991295641,1.21833901049198
-96.893310546875,0.943310204356481,1.57175273420262
-96.7025756835938,-0.507316373931483,1.58056660436642
-96.5118408203125,0.121098608776782,2.03507378271379
-96.3211059570313,0.427303817617713,1.02026229316279
-96.13037109375,-0.0612232766702831,0.649166024614132
-95.9396362304688,-0.583495219827298,1.89251335612716
-95.7489013671875,1.06732554044143,1.35394800509184
-95.5581665039063,0.448862577286658,1.40861455266305
-95.367431640625,1.44300146899539,0.878445396312567
-95.1766967773438,1.34986023865242,0.319894934193022
-94.9859619140625,0.631432661280772,1.44284766680152
-94.7952270507813,0.747487331219051,1.48313648355398
-94.6044921875,0.526490240956452,-0.172480935127078
-94.4137573242188,1.50033679623011,0.819796356383748
-94.2230224609375,0.592685247095527,-0.0574256410535456
-94.0322875976563,-1.54718899461387,2.68250277058588
-93.841552734375,-0.284473700534699,-0.555053590812826
-93.6508178710938,-0.238783697598477,1.2147359160984
-93.4600830078125,1.3905009882354,0.644691455826338
-93.2693481445313,0.548009806168183,2.40043996616886
-93.07861328125,0.307967742139021,0.305019897189826
-92.8878784179688,-0.0861044726931443,-0.482972976125362
-92.6971435546875,0.727997655020025,0.0457684516988879
-92.5064086914063,-0.615683451975531,0.452584062404737
-92.315673828125,-0.507389595117259,1.69953368852453
-92.1249389648438,-0.744627569093649,0.782165746307959
-91.9342041015625,1.05602773214694,1.96856464012143
-91.7434692382813,0.265162832780177,0.380417512260642
-91.552734375,-0.0960855303627623,0.794184212535516
-91.3619995117188,1.26255230627902,1.0339997638763
-91.1712646484375,0.468784762776496,-0.161680557889514
-90.9805297851563,-0.163232259808995,1.4236073054348
-90.789794921875,0.779601858639134,1.9233690297785
-90.5990600585938,0.171089879209259,0.47762003068133
-90.4083251953125,0.865076135911943,2.16300382369652
-90.2175903320313,0.977302738512698,0.491440059708029
-90.02685546875,-0.169013637754165,1.23061025570144
-89.8361206054688,0.79568780519018,0.89589215157102
-89.6453857421875,0.735968306338053,0.496274031224785
-89.4546508789063,1.78341956217933,2.07083896763643
-89.263916015625,0.229066886007093,2.17135664824419
-89.0731811523438,-0.565481106696279,0.644898845497231
-88.8824462890625,-0.0495578972612191,2.33479005478161
-88.6917114257813,-0.437911459767345,0.110616427419711
-88.5009765625,1.80271139446339,-0.436013191305553
-88.3102416992188,-0.0456113837761672,1.72274325073083
-88.1195068359375,-0.440154611671381,-0.32936735344559
-87.9287719726563,0.6310086991434,1.10056417324525
-87.738037109375,-0.632035464001276,1.80356638199414
-87.5473022460938,2.19782768396087,1.11141118951301
-87.3565673828125,-0.755926191393653,2.52229733705223
-87.1658325195313,-0.349114954567727,1.42068157140562
-86.97509765625,0.1709936558123,1.02948878043289
-86.7843627929688,-0.740285725759257,1.29118603287433
-86.5936279296875,0.452074583886551,1.79529736392562
-86.4028930664063,-0.301274449780411,0.80978823941019
-86.212158203125,-0.79485544212824,2.06052040390953
-86.0214233398438,0.322024131319008,1.5700821327579
-85.8306884765625,0.130586022528147,0.66349700791533
-85.6399536132813,-0.91556204998314,0.588664749329563
-85.44921875,-0.168686046313704,1.9969949613803
-85.2584838867188,-0.167857242108847,1.50588686245982
-85.0677490234375,1.16481131677558,2.29563570247599
-84.8770141601563,-0.667801328186272,1.77597461150915
-84.686279296875,-0.316481779305352,1.49642955880182
-84.4955444335938,1.19845595884807,0.262298102549563
-84.3048095703125,-0.139943023491028,1.90133492413301
-84.1140747070313,0.763347003414205,0.890280328773215
-83.92333984375,1.0019473141415,1.4306153124818
-83.7326049804688,1.10431909117425,1.20619243311004
-83.5418701171875,-0.750297726933612,1.58041936207921
-83.3511352539063,0.690076314070563,2.09703079044461
-83.160400390625,-0.184854934892944,-0.79292480127527
-82.9696655273438,-0.477074356057653,1.31516931936026
-82.7789306640625,-0.79252566893308,1.86926263059993
-82.5881958007813,2.1007423037789,1.59941133947902
-82.3974609375,1.95424150926152,1.66724790383799
-82.2067260742188,-0.271149715093869,1.24570849277325
-82.0159912109375,-0.082364017116233,1.65893283225577
-81.8252563476563,0.750470121400239,1.5096497356191
-81.634521484375,0.564388458713175,0.327675154799775
-81.4437866210938,-0.106761775362547,0.782184567097409
-81.2530517578125,-0.280672919111135,-0.76820538473713
-81.0623168945313,1.35645105565349,0.915158071524269
-80.87158203125,0.150565442969346,1.29054926374464
-80.6808471679688,-0.0782736236115408,1.33778453240506
-80.4901123046875,1.21943907292703,1.8718056740188
-80.2993774414063,-0.0282354275311004,-0.0811082682699013
-80.108642578125,0.432182321516388,1.52987326511465
-79.9179077148438,2.01437170721064,2.28961117015839
-79.7271728515625,-0.146001425509966,1.98666041616642
-79.5364379882813,0.982947576000476,1.37788997232154
-79.345703125,-0.872671205409809,0.830946913421754
-79.1549682617188,-0.141624574957149,1.11450408318312
-78.9642333984375,-0.130098866148206,0.877724770773554
-78.7734985351563,-0.561877436346654,2.05434371423508
-78.582763671875,0.107154520101423,1.03261657773364
-78.3920288085938,-1.66769495492865,1.47878207554966
-78.2012939453125,1.9224443351153,0.844922037599682
-78.0105590820313,-0.231964394373211,2.131858684587
-77.81982421875,-0.673038193871559,1.04085234915084
-77.6290893554688,0.184354000225469,0.353667302184794
-77.4383544921875,1.00948125460559,0.694478782292483
-77.2476196289063,-0.0432548131732959,1.83381725896212
-77.056884765625,-0.812119977768368,1.15353008375392
-76.8661499023438,-0.0874128600776682,-0.137197875724583
-76.6754150390625,1.14522835747697,0.674787110720803
-76.4846801757813,0.53975234622707,2.64713645019592
-76.2939453125,0.26389130040103,-0.0866948100036334
-76.1032104492188,-0.202552966756873,1.51253142206491
-75.9124755859375,-0.218334112563727,1.07981986002297
-75.7217407226563,-0.0259991789697803,1.67340601748246
-75.531005859375,0.0406478512318225,0.0681289092319311
-75.3402709960938,1.00089342189809,1.53434093148128
-75.1495361328125,-0.0210885969799764,1.4681038219902
-74.9588012695313,0.0603101461838492,1.61375626301592
-74.76806640625,-0.584354455872603,0.492229029851826
-74.5773315429688,0.517299687795741,2.06077621153225
-74.3865966796875,0.40009644822778,2.90679208303635
-74.1958618164063,0.68333643549459,0.79667721688027
-74.005126953125,0.747055892692527,1.06803763625658
-73.8143920898438,1.02834628530115,1.1193740333684
-73.6236572265625,0.496292263464397,0.207993649199321
-73.4329223632813,-0.554880260244452,-0.123284929942068
-73.2421875,0.178315623767818,1.95504886058195
-73.0514526367188,-0.42895494714543,1.58716338230107
-72.8607177734375,0.0693020925730544,1.93690522099899
-72.6699829101563,0.426693331251174,1.85871007490279
-72.479248046875,-0.874829772086085,0.809171203339536
-72.2885131835938,0.499907409931976,1.40727531786255
-72.0977783203125,-0.0298803156771665,1.8959870870449
-71.9070434570313,1.31607591197253,3.40535001324611
-71.71630859375,1.38196361970005,1.2196340444934
-71.5255737304688,-0.683377056298842,2.82035139857317
-71.3348388671875,-1.7460134888195,0.842515827051777
-71.1441040039063,0.108685646194737,2.2853965100965
-70.953369140625,0.0844602271703597,2.68222680693866
-70.7626342773438,0.503198184355643,2.47005361737213
-70.5718994140625,-0.415881834717659,1.17864879164631
-70.3811645507813,1.97422278078586,2.70646943396229
-70.1904296875,0.292118681519982,2.30506231499204
-69.9996948242188,0.60369867065665,0.321126149874444
-69.8089599609375,-0.248424046404405,1.96671174088637
-69.6182250976563,0.40192872791176,1.87173300860035
-69.427490234375,1.0488432437912,3.13624900774679
-69.2367553710938,0.978019498606552,0.980090532481477
-69.0460205078125,0.588490120053804,3.10815595555438
-68.8552856445313,-0.913509036228823,1.76241310827316
-68.66455078125,0.342260848247672,1.09026672511402
-68.4738159179688,-0.521930598510689,0.79141343425812
-68.2830810546875,1.73972350192695,1.73523878033098
-68.0923461914063,-1.16287818527995,1.27672851429317
-67.901611328125,-0.810781782288326,0.863223281765812
-67.7108764648438,0.657455716577963,0.655477399928617
-67.5201416015625,0.105651314147238,0.467199494276174
-67.3294067382813,0.450241135718192,1.95493000457229
-67.138671875,-0.602480378106689,1.74353107530087
-66.9479370117188,-0.0447565732228662,0.0478573775569747
-66.7572021484375,-0.51450495228194,1.26529269688289
-66.5664672851563,0.441189079463687,1.49260671456564
-66.375732421875,0.163146275536679,0.97668345938229
-66.1849975585938,1.36908592216138,1.81683729478373
-65.9942626953125,0.16703732566367,1.45141929838281
-65.8035278320313,0.0317765560342766,2.05647994726946
-65.61279296875,-0.973245275113769,1.31570190084066
-65.4220581054688,0.44089236748947,0.997789670579474
-65.2313232421875,-0.726735257524007,2.32294559212988
-65.0405883789063,-0.517643174643374,-0.580334131671236
-64.849853515625,1.07864402728494,1.00778415721845
-64.6591186523438,0.410795050742977,1.68225438147935
-64.4683837890625,-0.0791257439920026,1.50945136483791
-64.2776489257813,-1.27521789144854,2.11766577186907
-64.0869140625,-0.489318833906148,2.21808574773479
-63.8961791992188,0.172684645521138,3.08254422164604
-63.7054443359375,-0.0983405404391818,2.37810028601927
-63.5147094726563,0.302112555220766,2.1378066055273
-63.323974609375,0.0887984533734039,2.16645946645422
-63.1332397460938,0.635866630362085,2.14985765866547
-62.9425048828125,-0.206412013843131,1.93523193641914
-62.7517700195313,0.731800263072334,0.646854250096301
-62.56103515625,1.30567726630945,1.2791301445604
-62.3703002929688,0.400379392247553,3.05945276735706
-62.1795654296875,0.217266530648814,1.89624597370741
-61.9888305664063,0.0661713722057344,3.3287944193491
-61.798095703125,0.858072177279574,1.66728805418891
-61.6073608398438,1.20527856533048,1.78524440765707
-61.4166259765625,-0.710717213570892,1.20313959785067
-61.2258911132813,0.921907875314666,1.32512335488067
-61.03515625,0.379098849993522,3.02441286746365
-60.8444213867188,-0.373764690693008,1.24520337436563
-60.6536865234375,-0.239714067274206,0.989795202486101
-60.4629516601563,1.94095530681123,3.00445020516194
-60.272216796875,1.42111705746393,1.19353716145878
-60.0814819335938,-0.25598178566442,0.997450893109288
-59.8907470703125,1.89581040863442,1.48889385562965
-59.7000122070313,0.192079438236534,2.29031582860252
-59.50927734375,0.0290919215309462,2.59388651313126
-59.3185424804688,0.567000756216455,1.43633632244127
-59.1278076171875,0.335108200487987,2.22831202876772
-58.9370727539063,1.22332178002333,1.80772388951708
-58.746337890625,0.681876498316137,1.05371696767637
-58.5556030273438,-0.411558997214784,2.90176858402583
-58.3648681640625,0.464708092794427,4.19544681985822
-58.1741333007813,-0.0203243599784664,3.11846733712923
-57.9833984375,0.396031614630595,1.72065458308109
-57.7926635742188,0.403474877041778,2.17943046970919
-57.6019287109375,-0.389753904167711,2.05304503738973
-57.4111938476563,-0.691184185999423,1.61239958563397
-57.220458984375,-0.24316992890122,1.51398445734608
-57.0297241210938,-0.0500901735141616,2.39371622142582
-56.8389892578125,-0.0673617554623225,0.955290535724741
-56.6482543945313,0.443102405963366,2.62119870619401
-56.45751953125,0.941918911169611,2.36389876044453
-56.2667846679688,0.353716898643067,1.36696524279986
-56.0760498046875,1.5241493594372,1.17944805389358
-55.8853149414063,0.499538239421844,1.33980006278609
-55.694580078125,-0.569227445673844,1.46350454185051
-55.5038452148438,0.535341502285222,3.19701498765057
-55.3131103515625,-0.364838667731884,1.50581627466961
-55.1223754882813,0.898035607805289,1.07450021015521
-54.931640625,-0.111761359927896,1.4600528935532
-54.7409057617188,-0.615359269984104,0.225793213203735
-54.5501708984375,0.979887646401072,2.39685744241917
-54.3594360351563,-0.988060902535441,1.98749880936826
-54.168701171875,-1.35339937652302,2.21757633979914
-53.9779663085938,0.424561285492765,1.60467993772552
-53.7872314453125,0.573465174656436,2.46147956231764
-53.5964965820313,-0.112383130302206,1.78989217483095
-53.40576171875,0.310379290573668,2.94310336069916
-53.2150268554688,0.55417830023621,2.68672549020121
-53.0242919921875,0.512793545132225,2.95081054705867
-52.8335571289063,0.480244414251656,1.80151195945796
-52.642822265625,-1.10381867500654,3.04764047684828
-52.4520874023438,-0.633716388974836,2.83164575628903
-52.2613525390625,-1.029119267026,2.1098532183959
-52.0706176757813,0.79640541295071,2.15839092608683
-51.8798828125,1.50948319899462,1.26718781134387
-51.6891479492188,0.556141015507358,2.06392655388114
-51.4984130859375,-0.210568032143142,2.95724296350564
-51.3076782226563,1.2670577271323,1.47000780847239
-51.116943359375,-0.130442911905668,3.43436584904522
-50.9262084960938,1.7824698373595,0.389563406505174
-50.7354736328125,-0.0214280868685025,2.98000874734916
-50.5447387695313,1.07188889920076,3.38343017377274
-50.35400390625,0.593384216244217,1.90724306971233
-50.1632690429688,0.029554261238132,3.26012648748056
-49.9725341796875,1.68836550487546,2.1437349942636
-49.7817993164063,1.4047832068068,1.48529616891335
-49.591064453125,0.966876705495134,1.60378092612783
-49.4003295898438,0.107281863054933,2.18832412756337
-49.2095947265625,1.19877180284527,3.87567353945013
-49.0188598632813,-0.849625645980318,1.85032491729234
-48.828125,1.70579397027274,2.67280164071602
-48.6373901367188,0.251369460173487,1.47138383689667
-48.4466552734375,1.76165396014569,2.563937962003
-48.2559204101563,0.612554466844394,2.71112151610166
-48.065185546875,1.09840962339936,2.27426578081148
-47.8744506835938,0.230206633027225,1.91103835485009
-47.6837158203125,0.373410558603055,2.69001233929315
-47.4929809570313,-0.355033172364061,3.25498776918069
-47.30224609375,0.0518320504173327,1.92002035200336
-47.1115112304688,0.514974678632505,2.32579016161384
-46.9207763671875,1.28360414066488,3.3158726356031
-46.7300415039063,1.52667286249942,0.88667933415866
-46.539306640625,0.462559247740307,1.95352823701344
-46.3485717773438,-0.313967071184833,3.30816761035784
-46.1578369140625,0.422221604183155,1.86735941990214
-45.9671020507813,-0.243152213453189,3.27387228841379
-45.7763671875,0.322564886071122,2.14741668570891
-45.5856323242188,0.707912669394169,1.90514646691585
-45.3948974609375,0.771973348010749,2.65483869982071
-45.2041625976563,0.64716692931215,3.36132257681046
-45.013427734375,1.23121037115703,2.22482307762951
-44.8226928710938,1.89106402684644,3.21317709160155
-44.6319580078125,0.774652588353039,2.44318465371333
-44.4412231445313,0.141716081546302,1.31630394445126
-44.25048828125,0.367768375035927,2.24725687768694
-44.0597534179688,-0.133345964445531,1.51470130961914
-43.8690185546875,-1.35007918295285,2.07153818760469
-43.6782836914063,0.353942471507156,1.98383940360348
-43.487548828125,-0.408414534672304,1.48921057415727
-43.2968139648438,-0.664749930616113,1.30730520534405
-43.1060791015625,-0.269437486899631,2.77934499545872
-42.9153442382813,0.359460012486447,2.23701482393628
-42.724609375,-0.92424123911344,2.61429869616649
-42.5338745117188,0.810254505217252,2.45522567386472
-42.3431396484375,2.23612316566308,2.15596240338394
-42.1524047851563,0.233181637328715,2.21190653460497
-41.961669921875,-0.451090765799299,3.73897945158012
-41.7709350585938,0.406081322141874,2.21977112633973
-41.5802001953125,-0.405995422549157,2.31947027620602
-41.3894653320313,0.706856677812919,3.67547141147442
-41.19873046875,1.43936374126726,2.6088301474934
-41.0079956054688,0.612152584331182,2.29871180849935
-40.8172607421875,0.576966774293794,2.23747489084347
-40.6265258789063,-1.17839700082416,1.83776575888649
-40.435791015625,0.250078828529629,2.14680244567096
-40.2450561523438,1.30048157709746,4.42451310226766
-40.0543212890625,-0.0576716593613977,2.22336260178211
-39.8635864257813,1.2351122247675,4.07079523596537
-39.6728515625,-0.0319049207601648,2.79328324273025
-39.4821166992188,-0.533681365677569,2.97728581012346
-39.2913818359375,-0.447025344454532,3.28141920147561
-39.1006469726563,1.3912849930344,2.12566335670103
-38.909912109375,1.74616627702491,2.21373236517688
-38.7191772460938,1.0356529550067,4.01066189062049
-38.5284423828125,-0.826395943587562,3.18197887094179
-38.3377075195313,1.02892469284247,2.71046311889703
-38.14697265625,-0.322505365383021,4.40844118728575
-37.9562377929688,0.788768573841188,2.89384320239981
-37.7655029296875,0.0145776927355679,3.50366715263727
-37.5747680664063,-0.292132304173061,2.35647502870779
-37.384033203125,1.44783925040625,3.47021289493592
-37.1932983398438,0.0879870182659632,1.07635407254867
-37.0025634765625,-0.201367276011009,3.56784050819418
-36.8118286132813,0.158250053074664,2.72963821651168
-36.62109375,0.120806113723227,2.20658608855574
-36.4303588867188,1.05693073330932,2.8157193432368
-36.2396240234375,0.700329360838573,1.89167736083704
-36.0488891601563,0.641806407075947,3.37705549087395
-35.858154296875,-0.0934116313840247,3.50705125331642
-35.6674194335938,1.77451725994374,2.65939668626951
-35.4766845703125,1.21731797437033,1.69968477205593
-35.2859497070313,-1.03755857272262,3.39810985230514
-35.09521484375,-0.395105404190291,4.02375954892614
-34.9044799804688,1.14077008511263,4.94951234643802
-34.7137451171875,-0.300674603377621,3.23752897252811
-34.5230102539063,0.318937442159568,3.14944893192342
-34.332275390625,0.717436856504548,2.90813111660545
-34.1415405273438,0.0487349338416093,2.1689657952019
-33.9508056640625,1.23711368661939,4.57398154357604
-33.7600708007813,1.54185481138582,3.79405641518543
-33.5693359375,-0.95060763643523,3.3189390215459
-33.3786010742188,0.986351352111364,2.07090630352029
-33.1878662109375,-0.100871208338131,4.63935741673219
-32.9971313476563,1.40847650852326,3.6612030054974
-32.806396484375,1.02481615106961,3.94741034382257
-32.6156616210938,0.267872327453273,3.58190994654716
-32.4249267578125,0.393664253488034,2.32260300351311
-32.2341918945313,0.958804981150617,4.1948356390925
-32.04345703125,0.783712493139831,2.57769883553394
-31.8527221679688,-1.17860003447776,2.30550934211925
-31.6619873046875,-0.209753052796368,3.22262471051122
-31.4712524414063,0.495274177309215,3.57390707413689
-31.280517578125,1.68435856874895,3.80525991581869
-31.0897827148438,0.80099911207031,3.26269969040858
-30.8990478515625,-0.355675686259997,4.27445540102671
-30.7083129882813,0.603496785774475,3.47151351113579
-30.517578125,0.217233740995166,3.56415130118359
-30.3268432617188,1.22473713637765,2.91805396100452
-30.1361083984375,0.757123832283382,5.23109534738232
-29.9453735351563,-0.0191505278684554,4.47114322758705
-29.754638671875,0.0368971797167593,4.02093181791858
-29.5639038085938,-0.799109772563587,4.11692176078135
-29.3731689453125,-0.258378622779148,5.39509572518243
-29.1824340820313,1.63397616994027,4.3737885647888
-28.99169921875,0.0387706429957089,3.07183515395838
-28.8009643554688,1.09867271342228,4.68119614617019
-28.6102294921875,-0.437329314030306,4.07403274251301
-28.4194946289063,1.38810081201744,4.05759809748561
-28.228759765625,0.405856829074771,5.07756047883013
-28.0380249023438,1.02471972473197,4.55056451186385
-27.8472900390625,-0.599567465330057,4.46443982161418
-27.6565551757813,1.26242212935717,4.55173336012637
-27.4658203125,0.252749934789623,4.30437955973382
-27.2750854492188,-0.746709478501933,5.53566377925363
-27.0843505859375,0.0535482634733511,4.09684278000585
-26.8936157226563,-0.451810655614815,6.5630101551534
-26.702880859375,-0.107931191905682,5.9334491122574
-26.5121459960938,1.16066324837155,4.55224362718866
-26.3214111328125,2.10996914969627,4.83338602915524
-26.1306762695313,1.53984291635654,5.30028114549027
-25.93994140625,1.40925965635914,5.47826520810719
-25.7492065429688,0.851825416531077,5.97737312638631
-25.5584716796875,0.0829762985138471,5.01304051424239
-25.3677368164063,0.648401242501055,4.64837328237929
-25.177001953125,0.159199183800889,4.23988377151068
-24.9862670898438,0.42222916122169,5.32870824070395
-24.7955322265625,0.904967133445986,6.48337821963487
-24.6047973632813,2.00979875119998,5.76598850584062
-24.4140625,0.795289856183171,6.24605861814697
-24.2233276367188,1.36927601331695,5.10991110909156
-24.0325927734375,0.420410289619731,6.08773413097499
-23.8418579101563,0.623478666369819,5.52447442932953
-23.651123046875,0.889259383912757,6.06483834179532
-23.4603881835938,1.29788595425667,6.10658405199428
-23.2696533203125,0.53285123300574,5.02728323796839
-23.0789184570313,0.990279907131858,6.40455983732302
-22.88818359375,1.27579979727258,6.27350355959891
-22.6974487304688,1.53094039792891,7.7026301872896
-22.5067138671875,0.273230173680179,6.01174762851166
-22.3159790039063,2.23334331691363,6.65766505930063
-22.125244140625,0.530013641004782,6.94446341956827
-21.9345092773438,1.96473868590982,6.33135394423102
-21.7437744140625,0.578562028168547,6.49469270545165
-21.5530395507813,0.855623802549456,6.09479482249634
-21.3623046875,1.65493836786737,6.73716472961953
-21.1715698242188,0.557468645636473,8.04103721376809
-20.9808349609375,2.48674723523218,6.66694114972014
-20.7901000976563,2.71050748033283,6.8450553406536
-20.599365234375,3.02592433424774,7.58654317887973
-20.4086303710938,3.07832758130883,6.42653931287581
-20.2178955078125,2.1323312854121,8.07829365535333
-20.0271606445313,2.83590052447097,9.25362704235592
-19.83642578125,2.88577260838624,7.53842462024076
-19.6456909179688,3.30718466516725,7.82838137735921
-19.4549560546875,3.35805463261124,6.85165612978789
-19.2642211914063,5.09637291134592,7.46677127381924
-19.073486328125,3.54957654113092,8.17831256741223
-18.8827514648438,3.5108006952169,7.09207988185407
-18.6920166015625,4.82757543619406,6.74071661808448
-18.5012817382813,3.4014799260348,8.96541149397939
-18.310546875,5.09605350494753,8.56123835679646
-18.1198120117188,4.24582869659211,7.46327582049718
-17.9290771484375,5.17299928272056,7.85426822690178
-17.7383422851563,3.42474036090216,9.01494156672972
-17.547607421875,5.41900879636319,8.408108506209
-17.3568725585938,4.99583450313485,7.07927780769041
-17.1661376953125,4.73319574873842,7.94994379997908
-16.9754028320313,4.55622648910324,8.25008450307571
-16.78466796875,6.82704366664805,7.32001102304738
-16.5939331054688,5.34387174964978,7.95287916353545
-16.4031982421875,7.14778085946385,7.30313675905942
-16.2124633789063,5.74726005128178,7.74957102198661
-16.021728515625,4.70451901430228,6.73188503115357
-15.8309936523438,6.47445246870394,6.65688022123217
-15.6402587890625,7.64733050324156,7.19465667909532
-15.4495239257813,6.07872541702426,6.02992074192589
-15.2587890625,6.97202647027126,5.18260432212724
-15.0680541992188,6.63565013061988,7.71408284192013
-14.8773193359375,6.84290212063829,6.81978246751858
-14.6865844726563,7.35476100709549,5.1443320138727
-14.495849609375,7.17356122746402,6.48037283618849
-14.3051147460938,7.23209599907723,7.42379089158322
-14.1143798828125,7.18112739972932,6.64829180438816
-13.9236450195313,7.96111329817013,5.8882567050238
-13.73291015625,6.35386079611762,7.45628048811007
-13.5421752929688,5.85984193313181,5.18569153320087
-13.3514404296875,7.85078111338744,5.01182857140483
-13.1607055664063,7.15701066928545,6.23319004758141
-12.969970703125,6.84594491721464,5.09205633603263
-12.7792358398438,6.95482237416023,5.42264277584864
-12.5885009765625,8.04492826344647,6.26828381300949
-12.3977661132813,8.59131634763457,6.12780300741661
-12.20703125,6.51384293590846,6.11974937347934
-12.0162963867188,7.83158475174499,7.72585760351209
-11.8255615234375,8.52910667605219,7.14144306788515
-11.6348266601563,8.35598710480602,6.70618404808919
-11.444091796875,8.7729403683751,6.87661649538737
-11.2533569335938,8.10688170088673,5.94310850986553
-11.0626220703125,8.32349311015323,6.12768458827212
-10.8718872070313,10.2861703243755,5.94560983306256
-10.68115234375,9.15224515763295,5.88813491730183
-10.4904174804688,11.1330542008912,8.04793148764285
-10.2996826171875,8.74791675375561,5.49168653751693
-10.1089477539063,10.0229049885877,5.28248530289977
-9.918212890625,9.83997340960186,7.50174219562746
-9.72747802734375,9.05876571387815,5.17873570501417
-9.5367431640625,11.4746994423638,6.10477934855647
-9.34600830078125,10.2705480586618,5.98144595168075
-9.1552734375,11.15868989224,5.48391541768653
-8.96453857421875,11.3711103617566,5.04568631470458
-8.7738037109375,11.5130924259279,4.24244376031647
-8.58306884765625,11.6407209889996,3.44019991879326
-8.392333984375,10.5401458619481,2.292420889176
-8.20159912109375,11.9940349269756,4.58155542434228
-8.0108642578125,12.0402513903464,4.37585096611856
-7.82012939453125,11.124263642193,4.15476743489978
-7.62939453125,10.2820913048304,4.09006062578462
-7.43865966796875,11.1351435083289,2.76991514275333
-7.2479248046875,10.9134933788465,1.52417135559111
-7.05718994140625,12.0485526350835,2.35994275243873
-6.866455078125,10.7076209635724,2.42594935949614
-6.67572021484375,10.7757511460956,1.9452705075054
-6.4849853515625,12.4637310411724,1.02104695230161
-6.29425048828125,12.2080489570929,0.978617256304519
-6.103515625,10.956635724348,0.630553931311414
-5.91278076171875,11.0809882687813,0.30106631479378
-5.7220458984375,10.3619504992664,0.463652526940093
-5.53131103515625,12.0793218223272,0.420341012013442
-5.340576171875,11.2605004814632,-1.22302231838181
-5.14984130859375,10.9578155215992,-0.0703465061252614
-4.9591064453125,9.79623275744318,0.700303700274109
-4.76837158203125,10.7244215501614,-1.29072064219096
-4.57763671875,11.2218882760557,-1.7733807533042
-4.38690185546875,9.67623879705868,0.0717742384099684
-4.1961669921875,10.3816375290589,-1.53710393819751
-4.00543212890625,8.95915393511086,-1.039540329672
-3.814697265625,9.09835129906249,-0.970746965843862
-3.62396240234375,8.94126818482511,0.726859809022872
-3.4332275390625,10.2599170473159,0.332115978132286
-3.24249267578125,9.90631474047334,1.65100060860059
-3.0517578125,8.63494527004111,0.450220573939883
-2.86102294921875,9.67598975712782,-1.32418890684072
-2.6702880859375,8.57433540114802,-0.163799582686585
-2.47955322265625,9.68806645346506,0.559898457931851
-2.288818359375,8.65675942758819,-0.22642896065311
-2.09808349609375,9.34431207199121,-0.7969966154148
-1.9073486328125,10.3826325092627,-1.26126849545215
-1.71661376953125,10.0343713472634,-0.43443639307793
-1.52587890625,8.92903753962223,-0.258104529647215
-1.33514404296875,10.9819243988681,-0.361136801022618
-1.1444091796875,9.44065840055321,0.0633042388184516
-0.95367431640625,11.0401042647737,-0.400521321579468
-0.762939453125,9.55766522452462,-0.564565768617522
-0.57220458984375,10.1891492905641,-2.12667613000051
-0.3814697265625,10.8462292780924,-0.0322689584019489
-0.19073486328125,10.3147612392891,-1.64480526485007
0,9.87486064851704,-0.912158493234071
0.19073486328125,11.7671105065914,-2.73724967078352
0.3814697265625,11.6100651569233,-2.28662580365663
0.57220458984375,10.5039636127194,-1.72707072240853
0.762939453125,11.0574795099802,-3.30800781616394
0.95367431640625,10.679612371456,-3.36043179721095
1.1444091796875,11.2794331841785,-2.03514818882344
1.33514404296875,12.0706462724168,-2.89510981158873
1.52587890625,10.5975190633728,-2.89637151431829
1.71661376953125,9.35687089047446,-3.91886957537663
1.9073486328125,10.2736426593099,-6.03533861521262
2.09808349609375,10.5133172143099,-4.68100125889047
2.288818359375,11.1220253174283,-5.84480263805702
2.47955322265625,10.8558569463739,-4.95750341548334
2.6702880859375,10.2072972392767,-4.73418220405287
2.86102294921875,9.10023628715358,-5.7186906504146
3.0517578125,8.86548238428671,-5.44274163405824
3.24249267578125,9.50015465165848,-4.50420373063749
3.4332275390625,7.63587303793667,-5.88476022765261
3.62396240234375,9.49823509586027,-6.27364941833723
3.814697265625,9.23613624517894,-7.09467902600585
4.00543212890625,8.29983455431504,-6.1497079361618
4.1961669921875,8.10557275228677,-5.86676798294855
4.38690185546875,7.7855857546871,-6.8750326744547
4.57763671875,8.4541322954667,-5.9615809081851
4.76837158203125,8.16444539897756,-6.17966877607708
4.9591064453125,8.73702215858936,-6.87110894143266
5.14984130859375,6.95551597236986,-7.35175143929229
5.340576171875,6.46460570411759,-7.38095715849136
5.53131103515625,5.78972084905576,-7.03196185329761
5.7220458984375,6.84397872551207,-4.98685527763398
5.91278076171875,5.67051701300951,-6.91878464680559
6.103515625,6.13103985071392,-6.86065855261831
6.29425048828125,5.78545073011611,-6.04061769500505
6.4849853515625,4.36415053879574,-6.27848989662654
6.67572021484375,3.84242253931266,-8.07558565433597
6.866455078125,4.32542761103738,-6.18980118662555
7.05718994140625,4.19851037716377,-7.16579941253727
7.2479248046875,4.85655261584043,-7.3292675445909
7.43865966796875,3.36621159268137,-7.00402247131457
7.62939453125,3.09216670870087,-5.36008091689322
7.82012939453125,3.15813102157228,-7.30184276019759
8.0108642578125,4.15846070692286,-5.66339933261252
8.20159912109375,3.32874416869015,-4.47911448456824
8.392333984375,3.75265395604978,-5.60522466523868
8.58306884765625,2.81375189586729,-4.1383569748077
8.7738037109375,1.57129496785907,-4.94320852237534
8.96453857421875,3.31545666638903,-4.04466102101325
9.1552734375,1.6238520843315,-3.66278632883293
9.34600830078125,3.70943642758883,-2.76559782676568
9.5367431640625,1.17202507017776,-3.23113542562658
9.72747802734375,1.79856603766048,-4.70565422776422
9.918212890625,4.46350932259018,-2.30898487932344
10.1089477539063,3.4449513728048,-3.05362721529145
10.2996826171875,2.13844518881215,-2.66326256464945
10.4904174804688,2.51144804672048,-1.5001910186911
10.68115234375,4.20287522633665,-2.42145724301017
10.8718872070313,4.07056460505742,-3.21339613140044
11.0626220703125,3.92819197988516,-2.57558569521918
11.2533569335938,3.05082948505964,-2.16656585405103
11.444091796875,1.37403751543004,-2.02637426969747
11.6348266601563,3.9981752059041,-1.63093086106928
11.8255615234375,3.50953480880275,-1.46657761498448
12.0162963867188,3.73759141244505,-2.04015910067528
12.20703125,3.65978989062745,-3.0093240140549
12.3977661132813,4.81193377725587,-1.54971261973825
12.5885009765625,3.61433680041059,-1.44109103812804
12.7792358398438,6.32446990876539,-2.0669868005827
12.969970703125,4.85828655196737,-1.49671030596731
13.1607055664063,4.10913815510346,-1.75528366263072
13.3514404296875,5.82599355958383,-2.0382540379659
13.5421752929688,3.76837673175391,-1.77270768524583
13.73291015625,5.92265664767233,-2.86535827371265
13.9236450195313,5.17988319132602,-2.84402040071614
14.1143798828125,4.37451903490476,-3.0107924582511
14.3051147460938,4.72568204772278,-2.07480013377426
14.495849609375,4.44057247075525,-2.12462721157981
14.6865844726563,6.43828123053366,-2.76113777128547
14.8773193359375,6.39031311567383,-3.1647966852499
15.0680541992188,5.49846239457406,-3.24788315079425
15.2587890625,5.46394230263469,-3.87825769445071
15.4495239257813,4.79211040637904,-3.22060565006694
15.6402587890625,5.06229514142013,-5.34574029821385
15.8309936523438,5.01576889115414,-3.353570857023
16.021728515625,4.65871626425952,-3.39612754845375
16.2124633789063,4.94485967934465,-4.64536737911497
16.4031982421875,4.77247874829528,-5.80933650926489
16.5939331054688,6.38680245624498,-4.87844052235301
16.78466796875,5.35373977801368,-4.22287010792925
16.9754028320313,4.54997737441684,-4.20566582923159
17.1661376953125,4.81720987339637,-4.10502338388573
17.3568725585938,5.27425480472849,-3.79121456149571
17.547607421875,5.30441967745551,-5.58775176372937
17.7383422851563,5.19116602743088,-5.64660366543557
17.9290771484375,5.76092618417441,-5.06556851530309
18.1198120117188,5.10481523255334,-5.79900662859525
18.310546875,2.7120914762176,-5.20410246452938
18.5012817382813,3.65515287241173,-5.41172960556932
18.6920166015625,3.31321485776887,-5.46812775472727
18.8827514648438,3.79200506621007,-5.18319287569449
19.073486328125,4.62425972944277,-6.59156021237501
19.2642211914063,3.11587876784405,-5.88156728103903
19.4549560546875,4.1787885053491,-5.62782605413566
19.6456909179688,3.68194952087389,-4.91815590896304
19.83642578125,3.98877231636697,-6.93691036455854
20.0271606445313,2.66355007973368,-5.8237848614874
20.2178955078125,2.30795635725189,-5.63728383079697
20.4086303710938,4.59797465592891,-5.17477139184552
20.599365234375,1.96839150824474,-6.72322716244395
20.7901000976563,3.36441145701188,-6.24806715641614
20.9808349609375,3.34999185443904,-7.28857135314306
21.1715698242188,2.68024932115061,-4.41540571007329
21.3623046875,2.98200242059888,-5.25049519171813
21.5530395507813,2.94370120941782,-4.58753321005392
21.7437744140625,1.21066879539545,-5.7518074950021
21.9345092773438,3.36543613771681,-5.51912103971812
22.125244140625,1.71825204001201,-3.66769253025624
22.3159790039063,0.656647602213158,-6.50613955258366
22.5067138671875,2.71404573532402,-5.28382034432359
22.6974487304688,0.744744374367223,-4.46589492564999
22.88818359375,2.59610653518375,-4.89428835794172
23.0789184570313,2.07984071364156,-3.69016782054022
23.2696533203125,0.841220697555738,-3.92075043204216
23.4603881835938,0.413512499261097,-3.99851233089764
23.651123046875,1.51094761222046,-4.62549443846466
23.8418579101563,1.82986579255954,-5.01370730532755
24.0325927734375,-0.398264038394073,-3.23855714490404
24.2233276367188,-0.145339255542844,-3.71781292041378
24.4140625,0.717234508955624,-4.49542765784858
24.6047973632813,0.643625851244125,-2.51077666164575
24.7955322265625,1.31259866393852,-3.61214685047413
24.9862670898438,1.34128195008156,-3.95139853020167
25.177001953125,1.22375766143051,-3.96972386009645
25.3677368164063,1.7936523140889,-4.58146594294608
25.5584716796875,0.890622293767201,-3.91588026732134
25.7492065429688,0.256141410332297,-3.67127376072523
25.93994140625,1.78239961843885,-2.28177651697956
26.1306762695313,0.425109619270996,-2.96408721831262
26.3214111328125,0.0657505000804787,-1.73800489375241
26.5121459960938,1.11093671376063,-2.71416802444783
26.702880859375,1.67564914936044,-2.82899297573196
26.8936157226563,1.58582202367263,-4.10605207967449
27.0843505859375,-0.22477845724194,-2.57964491073932
27.2750854492188,0.505810222981553,-0.965216184562519
27.4658203125,0.896693570008087,-3.2887668264856
27.6565551757813,0.140259184830468,-3.16690080220333
27.8472900390625,0.220362246028994,-2.66359614413912
28.0380249023438,0.882682276006601,-2.48652487898099
28.228759765625,2.66406122482243,-2.15075174667898
28.4194946289063,2.28397489272836,-1.56785221276216
28.6102294921875,2.30033492660719,-2.66094647388596
28.8009643554688,1.97790430696935,-2.27428552296006
28.99169921875,0.775200290347619,-2.13078558337136
29.1824340820313,2.77885977291019,-1.52351729433915
29.3731689453125,1.75294752387245,-0.382439332491077
29.5639038085938,1.675385678746,-2.29072714678676
29.754638671875,2.71673623618707,-2.08269427536084
29.9453735351563,1.49584221574679,-1.48869176302469
30.1361083984375,1.48627399671411,-2.85518249974676
30.3268432617188,2.91455669948528,-3.11133217620232
30.517578125,2.64251212041175,-1.67774626739623
30.7083129882813,3.29602027182308,-1.89125256638847
30.8990478515625,2.03760558363749,-3.66442707798626
31.0897827148438,2.13992126679329,-1.50423258387313
31.280517578125,2.68225509250375,-3.954881243068
31.4712524414063,1.83627446399937,-0.990395640120612
31.6619873046875,1.08972917545129,-3.0490775340014
31.8527221679688,4.12625031046778,-2.86647610425748
32.04345703125,2.58527333200209,-2.17747342784196
32.2341918945313,3.42060576736779,-2.51022812803109
32.4249267578125,2.48225838836988,-2.12051359884625
32.6156616210938,3.78500045223454,-2.81590028514236
32.806396484375,3.11007350775839,-2.52363286789305
32.9971313476563,4.87063572052358,-3.30527836125633
33.1878662109375,2.66141338879373,-3.19967934714148
33.3786010742188,4.7005977725758,-3.72374638579845
33.5693359375,3.58983852024877,-2.62717206417669
33.7600708007813,1.60740372706147,-3.2204769944455
33.9508056640625,1.74499267919153,-3.0979102907976
34.1415405273438,3.33154321759423,-3.16753184226704
34.332275390625,2.519988787969,-4.15264952270223
34.5230102539063,2.18901025538688,-3.99083768963487
34.7137451171875,3.39137790178351,-3.35847496470216
34.9044799804688,3.971148251357,-4.32956271227649
35.09521484375,2.71634525650557,-3.23043786506632
35.2859497070313,3.86258932219689,-4.49657118579245
35.4766845703125,3.24213881200425,-3.74886450489306
35.6674194335938,1.82397283454859,-4.24268405191166
35.858154296875,3.37853317162783,-3.41317851880187
36.0488891601563,2.67307745701054,-5.06867517273733
36.2396240234375,1.02434481324808,-5.21851420655556
36.4303588867188,2.10604317405616,-4.41598299630002
36.62109375,2.88781009849791,-4.47560442371374
36.8118286132813,0.229100763025761,-4.63548641742939
37.0025634765625,1.95162348752594,-5.93112287688928
37.1932983398438,-0.100629924429341,-4.61214055108949
37.384033203125,1.02020280228501,-4.06879020086217
37.5747680664063,1.07401326662025,-3.39624059226378
37.7655029296875,1.5294538117288,-4.4152088535049
37.9562377929688,0.482092084719657,-4.84876542277285
38.14697265625,1.62976166654047,-5.15141469734158
38.3377075195313,1.04887549821222,-4.62028123724398
38.5284423828125,2.35429051348005,-3.41744824676221
38.7191772460938,-0.305399786999723,-4.01071385277207
38.909912109375,0.547513647274677,-3.82915053591475
39.1006469726563,0.490235259329391,-4.3917465633328
39.2913818359375,0.855208625509695,-3.97814002279697
39.4821166992188,0.641638808803938,-3.57894949295665
39.6728515625,1.03783092343007,-5.94606743629148
39.8635864257813,1.73326473024758,-3.69796469687932
40.0543212890625,-0.399095219631485,-2.20854545651846
40.2450561523438,0.474659506766775,-3.71288288608796
40.435791015625,1.20065987472009,-2.15317019219064
40.6265258789063,0.124315699229006,-3.73479850586199
40.8172607421875,0.0985220364785804,-4.26988945751655
41.0079956054688,-0.0283812682165001,-2.23440719580653
41.19873046875,0.065053481089116,-3.27596334992669
41.3894653320313,1.7424255269878,-2.40778722829222
41.5802001953125,0.49377517205451,-3.99193254012922
41.7709350585938,0.133411423227563,-3.67066749548076
41.961669921875,-0.611641441096009,-1.971904913579
42.1524047851563,-0.0590389193699428,-2.05332679759299
42.3431396484375,-0.362988036292643,-2.82081544489772
42.5338745117188,0.290667191920532,-4.43372825063681
42.724609375,0.0768081133630175,-4.63381720292799
42.9153442382813,0.179518478658068,-3.40113136384908
43.1060791015625,1.3330693032753,-2.84715701534323
43.2968139648438,-0.677612633812989,-3.41830692190015
43.487548828125,0.416341777296422,-3.24992618324677
43.6782836914063,-0.341264017654019,-4.09620147221944
43.8690185546875,1.1648355246284,-3.12195038451158
44.0597534179688,-1.41122350199952,-2.87403244104947
44.25048828125,1.08703276888487,-3.66692180581208
44.4412231445313,2.0737103386787,-2.05745789341193
44.6319580078125,0.596446493404391,-3.0965538304656
44.8226928710938,0.691624372180954,-2.06344306053851
45.013427734375,-0.619425805194957,-3.05719440009896
45.2041625976563,-1.29912734109117,-2.54394671432665
45.3948974609375,0.508829771478006,-3.07066426794853
45.5856323242188,1.4506240588106,-2.90129317153349
45.7763671875,0.33390757649695,-3.03063817110721
45.9671020507813,1.01834795749678,-3.64568146935485
46.1578369140625,0.19088866295312,-1.88619566168137
46.3485717773438,0.894123241704913,-2.80215885237283
46.539306640625,1.25505996883326,-1.48242495725849
46.7300415039063,0.868155332620645,-3.54709223475805
46.9207763671875,-0.185214825574535,-3.04070826031908
47.1115112304688,-0.0752249591716269,-1.99322066542952
47.30224609375,0.10014472672459,-1.81365029983145
47.4929809570313,0.281858197069567,-3.10138237722038
47.6837158203125,0.389462625553392,-2.55509632609539
47.8744506835938,1.3121608332091,-3.17588191579925
48.065185546875,0.71698413169593,-2.72678007707714
48.2559204101563,-0.822826059054021,-0.989106143616121
48.4466552734375,0.567398593131407,-3.53131412985931
48.6373901367188,1.09646018930943,-3.78106077942591
48.828125,0.338848356632985,-1.55349104872815
49.0188598632813,1.35533425451993,-2.27568227092326
49.2095947265625,-0.111485491697777,-1.55557974220567
49.4003295898438,0.278046023782062,-2.44643312256277
49.591064453125,0.212894196864266,-2.13876489667751
49.7817993164063,-0.10463738314222,-2.61711862547266
49.9725341796875,0.119512735131319,-2.63560598877598
50.1632690429688,-0.466340972972043,-2.29681364581616
50.35400390625,0.684095974399719,-1.73150791373502
50.5447387695313,-0.954610835955097,-2.84629443383278
50.7354736328125,1.32286200904638,-1.84454619435727
50.9262084960938,0.230900306463394,-2.27559590335096
51.116943359375,-0.0285453471582337,-1.86617396562495
51.3076782226563,0.066585146826696,-2.09782486009402
51.4984130859375,1.98448549129133,-1.15977414638091
51.6891479492188,-0.217460398787953,-2.58469624478563
51.8798828125,-0.795391077236206,-2.03533914119894
52.0706176757813,0.713376868806384,-1.7948660291873
52.2613525390625,1.02742919646493,-2.01640931482142
52.4520874023438,2.05864420103237,-1.80441228907386
52.642822265625,0.489234713077751,-1.88261300541979
52.8335571289063,-0.849338193194396,-2.00396748937104
53.0242919921875,0.331174577420411,-2.57258351157258
53.2150268554688,-0.84503103429909,-2.26270278010527
53.40576171875,0.067062921368844,-3.42722246156022
53.5964965820313,-0.294855704825269,-2.29159808263986
53.7872314453125,0.726036228120927,-2.6513120710196
53.9779663085938,1.47767038017458,-1.32411388517693
54.168701171875,-0.420886025028415,-2.59918171643067
54.3594360351563,-0.406155409976681,-2.03631513721065
54.5501708984375,0.0254235625790429,-2.77742536807229
54.7409057617188,1.63951817141607,-1.63848847550764
54.931640625,0.717233016565611,-1.80586386969251
55.1223754882813,-0.0772187110029859,-0.707621693420998
55.3131103515625,-0.721097943598873,-2.67683723928729
55.5038452148438,1.40447543553937,-2.43188730696415
55.694580078125,-0.113798521904714,-3.20668755998431
55.8853149414063,1.13384597969245,-1.57731471343908
56.0760498046875,-0.501253571631146,-2.16325169882814
56.2667846679688,0.049143687812461,-2.36839124615862
56.45751953125,-0.515117700861919,-0.811871323044464
56.6482543945313,0.223808937245198,-2.72955299969458
56.8389892578125,0.676857863299798,-1.43249083845584
57.0297241210938,0.736350341888606,-2.05989392657831
57.220458984375,0.710117221678969,-2.82570805415909
57.4111938476563,-0.592744173359616,-2.52059333385999
57.6019287109375,0.487583580765751,-3.0024020053434
57.7926635742188,-1.29069705683785,-2.13698478436869
57.9833984375,0.335642849704675,-0.70662814232296
58.1741333007813,0.914887741806812,-3.60112196149169
58.3648681640625,1.50454491550456,-1.1098883996195
58.5556030273438,-1.11154158747205,-2.34209428755339
58.746337890625,-0.29930152825531,-2.38213764292994
58.9370727539063,0.563987509234974,-1.22178466795558
59.1278076171875,-0.526959961828191,-3.40134855362138
59.3185424804688,1.71085665560403,-2.56562816556544
59.50927734375,-0.223819013508158,-2.38944439694692
59.7000122070313,0.421283153644499,-1.09533836199847
59.8907470703125,0.620271959858801,-1.89696754255487
60.0814819335938,-0.334212167598225,-2.24069402255693
60.272216796875,0.47261479015707,-3.22809412879883
60.4629516601563,1.46512981768799,-2.07623809455826
60.6536865234375,1.67494379793927,-1.67280403537748
60.8444213867188,1.03952197426461,-0.427696132347697
61.03515625,-0.125590349925172,-1.09790517205623
61.2258911132813,-0.272332716617316,-0.724485985156844
61.4166259765625,1.04754631832161,-1.18356081514294
61.6073608398438,0.724470270318695,-0.548679287179727
61.798095703125,0.163356951984915,-0.522710636793831
61.9888305664063,-0.236353756315335,-2.33766746007643
62.1795654296875,-0.245830932986628,-3.23053572981464
62.3703002929688,0.71779010979695,-0.42913521751762
62.56103515625,0.517267238587543,-1.70960684136358
62.7517700195313,0.0461565599113561,-1.92224172994022
62.9425048828125,-1.83303205498616,-1.87714776622673
63.1332397460938,-0.462484600905947,-1.42043467725552
63.323974609375,1.15342505046821,-2.18978267324888
63.5147094726563,0.243863650352335,-1.1622941989258
63.7054443359375,1.64923482924888,-2.25623787228419
63.8961791992188,0.149947108124716,-1.00515460749763
64.0869140625,-0.316427991915291,-2.26556589472179
64.2776489257813,-0.104644259297411,0.0521669331193003
64.4683837890625,1.99716016421971,-1.42372422757293
64.6591186523438,-1.46359270868743,-2.46659875355285
64.849853515625,0.343649347103055,-2.02750674459497
65.0405883789063,1.61237122591848,-1.35409247652457
65.2313232421875,1.43331609748273,-2.47702940896874
65.4220581054688,0.218741382318835,-2.20909572283213
65.61279296875,0.174238585985708,-2.61346029839454
65.8035278320313,0.0531350833803621,-2.2902494161773
65.9942626953125,-0.0652094431960113,-2.71733430624487
66.1849975585938,-0.194807313804724,-1.99961417508605
66.375732421875,1.02319231151817,-1.13330024466493
66.5664672851563,1.69112470483023,-1.4052083800969
66.7572021484375,0.884830873662362,-2.41016223621201
66.9479370117188,-0.847124063732073,-1.41899433026729
67.138671875,-0.614588909994098,-0.643942233431533
67.3294067382813,0.512326628115232,-1.964801894774
67.5201416015625,-0.650791978575967,-1.46155937998077
67.7108764648438,1.03951830649567,-3.12862377436548
67.901611328125,0.403560292582706,-1.22230702099867
68.0923461914063,0.0610594284467804,-0.768194068477513
68.2830810546875,0.317598400849435,-0.589253083310403
68.4738159179688,0.171839181481522,-2.05527153496707
68.66455078125,0.238806301363197,-1.68886808372937
68.8552856445313,1.39060911133959,-0.780893033907401
69.0460205078125,-0.0964480907174693,-0.985929631082217
69.2367553710938,0.404608123325232,-1.79397941707779
69.427490234375,1.00821098870684,-1.99841407053756
69.6182250976563,1.02970707710433,-1.79312746293217
69.8089599609375,0.325465455474472,-2.21109478493021
69.9996948242188,-0.620409724600342,-1.21581467009805
70.1904296875,-0.176794489286974,-0.765747268462146
70.3811645507813,-0.0430207679260728,-2.20708218709463
70.5718994140625,-1.58267071005759,-0.964666981423918
70.7626342773438,0.694117067133735,-0.850440819010771
70.953369140625,-0.789499604749257,-2.87740395070081
71.1441040039063,0.872144351508314,-1.73080720314308
71.3348388671875,-1.17274257638671,-2.92799703797147
71.5255737304688,0.321616861769577,-2.6970305238602
71.71630859375,-0.279261433773416,-1.56243617064151
71.9070434570313,1.16520598830607,-0.359897522008319
72.0977783203125,-0.258607847688143,-1.58421779731519
72.2885131835938,1.37707274404081,-1.6486300143336
72.479248046875,0.400515185202693,-2.20963954662383
72.6699829101563,1.11443525714597,-0.548961279290495
72.8607177734375,-0.461621343662671,-2.5891594442927
73.0514526367188,0.595881918702261,-0.980167474736475
73.2421875,-0.920702584254804,-1.71915006951933
73.4329223632813,-0.415011345674574,-1.4992879082618
73.6236572265625,-0.722989295903628,-1.98660491819655
73.8143920898438,-0.5782525403977,-1.99356670779851
74.005126953125,-0.400843879446808,-2.31434589798401
74.1958618164063,0.780919689732903,-1.8285089137721
74.3865966796875,1.32142408390911,-1.93262737468541
74.5773315429688,0.437000295980494,-1.71600372294588
74.76806640625,-1.21036473556454,-2.21996994184611
74.9588012695313,0.902703583838836,-0.555322491101951
75.1495361328125,1.85797305405331,-1.47836053655469
75.3402709960938,0.00715482537020122,-0.920876601745045
75.531005859375,1.41923148271161,-2.06438447414282
75.7217407226563,0.986194591907288,-1.07061116947241
75.9124755859375,-0.0961912730084944,-0.315929874414853
76.1032104492188,-0.743039122984973,0.259345312366711
76.2939453125,-0.716508662496132,-1.17329618739162
76.4846801757813,1.13203655813105,-1.53696582819022
76.6754150390625,0.0493982990069121,-0.842652733902908
76.8661499023438,0.00358830626189261,-1.9120182581053
77.056884765625,0.490869587062437,-1.75970202735633
77.2476196289063,0.391956949901068,-0.672259689307008
77.4383544921875,0.921019565395273,-1.74910940775196
77.6290893554688,0.0222912949465599,-0.841054936799656
77.81982421875,1.4206915930073,-1.24979904164607
78.0105590820313,-0.402279930913449,-1.24511558102419
78.2012939453125,-0.740246680165346,-1.118440710911
78.3920288085938,-0.267808252766919,-1.75358887622342
78.582763671875,0.497333390229608,-0.376934727146716
78.7734985351563,1.3885266975131,-1.79263118765233
78.9642333984375,0.284982006179492,-0.883501709918398
79.1549682617188,-0.473726562960549,-2.98242771051217
79.345703125,1.60077364413241,-1.98948278153564
79.5364379882813,-0.704664791399733,-2.14586859975264
79.7271728515625,0.774673510150187,-1.69434004641887
79.9179077148438,1.54932543106825,-1.78624329522302
80.108642578125,2.58099762788806,0.416484306337683
80.2993774414063,0.567746844624191,-1.55781849243938
80.4901123046875,-0.634500032896763,-1.78211201867546
80.6808471679688,-1.18539279900957,-1.05655376114209
80.87158203125,-0.274415827010647,-1.41533503570731
81.0623168945313,1.2030200950938,-0.572395281094449
81.2530517578125,0.24462381779462,-1.52367616876939
81.4437866210938,-0.898578113503971,-0.531258221603485
81.634521484375,1.33493614369427,-1.97498306381691
81.8252563476563,-0.328491712340427,-0.164165859003067
82.0159912109375,1.40376988626167,-1.32232416957023
82.2067260742188,0.473051938556608,-1.26825092574673
82.3974609375,-0.367991800264003,-2.14774005765318
82.5881958007813,1.03296353841408,-1.901447519364
82.7789306640625,-0.385608608492625,-1.78733262544221
82.9696655273438,-1.34875150885235,-1.87116318116502
83.160400390625,-0.173969500349455,-1.124501234835
83.3511352539063,-1.0788995677477,-0.617624272037345
83.5418701171875,-1.30619143575104,-1.84448129964965
83.7326049804688,-0.637748865420354,-0.027356597283765
83.92333984375,-1.17411001071703,-1.69515304637747
84.1140747070313,0.0882085671193182,-2.03422599966478
84.3048095703125,0.879344708621568,0.0556330932168189
84.4955444335938,0.254341301726652,-1.19490123295836
84.686279296875,1.75934839606464,-1.29486812280035
84.8770141601563,1.1239374466756,-2.45289722642814
85.0677490234375,0.343748089724683,-0.484219117560446
85.2584838867188,1.10553512586403,-0.878879684976637
85.44921875,-0.811676684090999,-2.3394569925217
85.6399536132813,0.674096128110337,-0.426901525716748
85.8306884765625,-0.976166679898947,-0.994524272025107
86.0214233398438,0.640370218875999,-0.422916720407662
86.212158203125,-0.612797712561308,-0.782515609021747
86.4028930664063,0.528785222587673,-1.03075185634084
86.5936279296875,1.2078799118984,-1.82832780770512
86.7843627929688,0.238438350581377,-1.50841300274045
86.97509765625,0.141166080440582,-0.840844726725374
87.1658325195313,0.623582711004579,-0.712436630241695
87.3565673828125,-0.44762372105875,-0.371904872601941
87.5473022460938,0.427913657733385,-0.916001467706886
87.738037109375,1.2040122089627,-1.13884483633865
87.9287719726563,0.426991285901407,-1.44334370280201
88.1195068359375,-0.30482787272524,-1.16399155638849
88.3102416992188,-0.520120370796478,-2.99798306354165
88.5009765625,0.639094910834336,-3.61293624293669
88.6917114257813,1.74217643976199,-0.0364938980193072
88.8824462890625,0.620496137909025,-0.364827686485523
89.0731811523438,-0.245606953923893,-0.794630861498825
89.263916015625,0.455705065830751,-0.161270910623935
89.4546508789063,0.587641717654327,-1.36698286693623
89.6453857421875,-1.4065482778847,-0.564052676422142
89.8361206054688,0.945543880469577,-0.919630912404987
90.02685546875,-0.29906151679739,-1.58803635240756
90.2175903320313,0.131492365800754,-1.6356102759097
90.4083251953125,1.31155903525701,-1.46951225419297
90.5990600585938,0.27891995599978,-1.4427444845006
90.789794921875,0.153088706739245,-2.27003595858428
90.9805297851563,0.610407727630575,-0.100769935540535
91.1712646484375,-0.0474605291295802,-0.479305875711055
91.3619995117188,0.973231933191972,-0.0309228123164238
91.552734375,0.365492020765096,-0.653354105324156
91.7434692382813,-0.390133416290755,-0.97643928344097
91.9342041015625,-0.082441077516004,-1.04662510508283
92.1249389648438,0.236570316832056,-0.59222078194947
92.315673828125,0.700886121734723,-0.588386283291838
92.5064086914063,-0.396792980506037,-1.2525507900855
92.6971435546875,0.483744260574242,-1.9761169264236
92.8878784179688,0.344630855590135,-1.51796882603069
93.07861328125,0.916604254836462,-1.54665416440405
93.2693481445313,0.189414155887282,-0.554271053179715
93.4600830078125,0.41797155777453,0.463902456834454
93.6508178710938,-0.527452153399036,-1.77113997527484
93.841552734375,0.367212142154867,-0.893446695362547
94.0322875976563,0.111926909963354,-1.27402982980956
94.2230224609375,0.518542714086228,-1.34890227894619
94.4137573242188,-0.167322531094279,-0.702830756179855
94.6044921875,-0.896767240917103,-1.43192108725843
94.7952270507813,0.721401691854205,-1.52534660259257
94.9859619140625,1.11390127518355,-1.35303982524921
95.1766967773438,0.388133448640333,-0.348788790241265
95.367431640625,0.508131697474359,-3.45016064935337
95.5581665039063,-0.857752752119269,-1.60561661824746
95.7489013671875,0.640362875252856,-2.02303281109788
95.9396362304688,-0.148313215853563,-1.11872023731083
96.13037109375,1.86834477940571,-1.22472852006068
96.3211059570313,-0.134326537548724,-1.71873668983479
96.5118408203125,-0.717872514716115,-1.11815861488146
96.7025756835938,-0.426522692046714,-2.717334661725
96.893310546875,1.25534835688448,-0.852434911078481
97.0840454101563,0.600767319234462,-1.8255796987769
97.2747802734375,0.247658954812663,-0.659857595404416
97.4655151367188,0.336517092188031,0.340062894911962
97.65625,-0.39593695324954,-0.715591893567953
97.8469848632813,0.439177278227875,-1.0604310934846
98.0377197265625,0.401651207344393,-0.375661424989931
98.2284545898438,-0.627496279823252,0.458598848875799
98.419189453125,0.93857346038899,-1.11689388035618
98.6099243164063,-0.29170952116646,-1.31649509224674
98.8006591796875,1.96785385544415,0.436099843721303
98.9913940429688,1.25726192281251,-0.893164798641731
99.18212890625,-0.0708394327399504,-2.22058313756504
99.3728637695313,-0.158209990503927,-1.49917730307981
99.5635986328125,0.380953906541852,-0.400992327758248
99.7543334960938,1.04704204519516,-2.04925570187323
99.945068359375,0.199832357051551,-0.967987525977827
100.135803222656,1.47658132801892,-0.607646440446002
100.326538085938,0.601492429308205,-1.05855659132404
100.517272949219,0.499468814682012,-0.0232050174581389
100.7080078125,0.789341072128723,-2.55209259112597
100.898742675781,1.55749542740724,-1.47797834821104
101.089477539063,0.142000994980079,-0.776233172115892
101.280212402344,-0.130422819707254,-2.03166310829232
101.470947265625,0.247127571498415,-2.03949160278021
101.661682128906,0.07007577631872,-1.04231811309295
101.852416992188,1.34095717736124,-0.659661689040395
102.043151855469,0.288531497778922,-0.847688761290886
102.23388671875,-0.697673037276562,-2.07745935850064
102.424621582031,-0.0237143818159876,-1.20524564091087
102.615356445313,0.462028967507301,-1.33844233328601
102.806091308594,-0.401993462254781,-1.61093607342355
102.996826171875,-0.00399273563384896,-0.664135317413275
103.187561035156,0.650332519131566,0.100367681238116
103.378295898438,-1.19896543848682,-0.335481809921182
103.569030761719,-0.991559646538883,-1.02415528354614
103.759765625,0.373108744451717,-1.91147319051986
103.950500488281,2.28055613359741,0.266881548684077
104.141235351563,0.521795169973819,-1.05537080898192
104.331970214844,1.40814394660056,-0.912978327805255
104.522705078125,0.724879986929521,-0.218484562188809
104.713439941406,0.400012985712917,0.179668941656984
104.904174804688,1.22979717650576,-1.59603086846205
105.094909667969,1.36593463496708,-1.36646182172511
105.28564453125,-0.302271908836627,-0.50533271558648
105.476379394531,-1.53335731054126,-2.17124057289266
105.667114257813,0.470766725019768,-1.2359148944869
105.857849121094,-0.465141432252989,-0.678739890004417
106.048583984375,0.199822192083782,-0.779324386489226
106.239318847656,0.407338267748904,-1.20650168715873
106.430053710938,1.27559208967907,-0.411091289016341
106.620788574219,-0.846534732677306,-1.32289141540181
106.8115234375,1.34197219091741,-0.270932357382961
107.002258300781,-0.29103354393159,-2.83700038511131
107.192993164063,-1.5555621539367,-0.695910414051245
107.383728027344,0.375780869823012,0.116159377755431
107.574462890625,0.834880187731523,-1.41659570140289
107.765197753906,-0.0165107085719651,0.238152801683785
107.955932617188,0.132880484657636,-1.09565725114811
108.146667480469,0.284029085968103,-2.20032322720484
108.33740234375,-0.438887111697369,-0.48781152956254
108.528137207031,-1.09950168902367,-1.31116820465298
108.718872070313,-0.326551773092864,-2.19715887113348
108.909606933594,1.01568146471175,-0.732429774427578
109.100341796875,0.832896578357905,-0.954513423705236
109.291076660156,0.441292989852366,-1.47915875216774
109.481811523438,-1.20075306909745,-2.32233330502237
109.672546386719,-0.314454007356394,-1.09543679257048
109.86328125,2.05668611800128,-0.588480818960116
110.054016113281,0.358840375226417,-1.06447020129621
110.244750976563,-1.12932027490162,0.820852311922906
110.435485839844,-0.0053290042489944,-0.110364749387046
110.626220703125,-0.469252508377594,-0.187506882519363
110.816955566406,-0.0510516626079427,-0.541050112200474
111.007690429688,0.37031054481002,-2.47730181965038
111.198425292969,-0.849639457562987,-1.7211797772756
111.38916015625,-0.24373446155257,-0.96415164057481
111.579895019531,1.72447477442138,-0.546871501264319
111.770629882813,-0.22990747987642,0.397315506675957
111.961364746094,0.016471014721743,-1.08131131712332
112.152099609375,0.381048832478795,-1.57160477826546
112.342834472656,-0.50414281351025,-1.93913384180925
112.533569335938,1.01586355889522,-0.968956769989423
112.724304199219,1.0983266466539,-0.928587581456706
112.9150390625,0.921601299156313,-2.47612366396834
113.105773925781,-0.10141998679885,-1.08876954310879
113.296508789063,0.378717318070162,-0.922501047764462
113.487243652344,0.391117700419304,-0.466997225719051
113.677978515625,0.668149527570157,-1.83807283764814
113.868713378906,0.118000013719051,-0.881589701170217
114.059448242188,0.169872751093038,-1.0243530893891
114.250183105469,0.502207598598896,0.0704508746313284
114.44091796875,0.526105875609172,-0.511034863025153
114.631652832031,-0.251525041816462,-0.52585757943289
114.822387695313,0.199747231769799,-0.843658591881542
115.013122558594,-0.0976915580161689,-0.575230836435598
115.203857421875,1.49603669413381,-1.96720659773713
115.394592285156,0.266502322827892,-0.598434321430402
115.585327148438,-0.020724085167185,-1.45420464100568
115.776062011719,-0.573049274792958,-0.370316094089999
115.966796875,0.4336729132826,-1.25287023462669
116.157531738281,1.49470534470678,-0.206176949725159
116.348266601563,-0.499880374351321,-0.192880793093831
116.539001464844,0.724995947334206,-0.533952065564658
116.729736328125,0.234695112497358,-0.451099827790207
116.920471191406,0.949073215941965,-1.13933320822631
117.111206054688,0.403181029993237,-0.753569117374144
117.301940917969,-0.523569715546467,0.422068899154382
117.49267578125,0.286769996601181,-1.39232757761185
117.683410644531,-0.43912385769767,-1.52345979073536
117.874145507813,0.0180460607471131,-1.23104681774945
118.064880371094,0.576857997934151,-1.45541898981651
118.255615234375,-0.400506861806005,-0.914785845284998
118.446350097656,0.427740782495297,-1.6115735887294
118.637084960938,0.565476125262197,-1.41874644367936
118.827819824219,0.52570944746507,0.0195898589843241
119.0185546875,0.230618977712733,-0.298353029367128
119.209289550781,-0.699633942981852,-0.708834827329296
119.400024414063,0.560629635343544,-1.19427819916454
119.590759277344,-0.0273879841412689,-0.59336823222721
119.781494140625,0.847252091024402,-1.61153336785134
119.972229003906,1.28779853137642,-2.2005228914429
120.162963867188,1.2079871979292,-1.43961805144472
120.353698730469,1.09528548732271,-1.34269601667062
120.54443359375,-0.537979734020892,-0.896594982337244
120.735168457031,1.02819432861928,-2.11484878950254
120.925903320313,0.788195081182131,-0.896387165396286
121.116638183594,0.650633536086455,-1.48763491893234
121.307373046875,0.187321512972686,0.415991172691578
121.498107910156,0.559595950628109,-0.397883765458164
121.688842773438,0.301217174270011,0.0708205157201006
121.879577636719,0.267165958596727,-0.316743509659618
122.0703125,0.418662206864429,-0.801423797553368
122.261047363281,-0.465037487065727,-0.156358549649642
122.451782226563,0.844607333660053,-0.368341990316688
122.642517089844,0.270472251792936,-1.90075288488712
122.833251953125,1.05652096408601,0.407192574348644
123.023986816406,1.91505467864553,-1.62619511823068
123.214721679688,-0.372311347180485,-1.52561495654144
123.405456542969,0.408598168973112,-1.1735333157052
123.59619140625,1.34345490474207,-1.00244335640012
123.786926269531,0.806651061895266,-0.0845229128393057
123.977661132813,-0.944754340618305,-0.487857654188109
124.168395996094,-0.552109028300506,0.190752662560843
124.359130859375,-0.0341267267351873,-0.591438260243264
124.549865722656,0.169887015434675,-1.60632253013365
124.740600585938,0.738709318123492,-1.5962248280745
124.931335449219,0.247234367028177,-0.17609180342518
125.1220703125,-0.00821274955304248,-0.653210553789579
125.312805175781,-0.166979647839198,-0.883223714336106
125.503540039063,-0.412111039288588,-0.225818561501319
125.694274902344,1.02276179469417,-0.0304392913219453
125.885009765625,0.19271886406641,-0.868622086009556
126.075744628906,0.905854693616034,-0.419982148546518
126.266479492188,1.9418285550292,-1.32432372635293
126.457214355469,0.141424019298022,-1.24663086995512
126.64794921875,0.525881524867057,-3.67013120048432
126.838684082031,-0.0382752109500726,0.550577809579177
127.029418945313,1.44008489125831,0.751604779655385
127.220153808594,-0.474923975411212,-0.594213144404159
127.410888671875,0.796691041834847,-1.1841037280265
127.601623535156,-1.03625063601328,0.0627389450052266
127.792358398438,0.570454559569933,0.195522126174857
127.983093261719,-0.827558624380115,-1.50500884130884
128.173828125,-1.13321698287165,-0.424334946445606
128.364562988281,1.85213105614771,-0.549558817513977
128.555297851563,-1.06802053917767,-1.34874564086869
128.746032714844,0.99288667944498,-1.92189338985326
128.936767578125,0.184250217553669,-1.00967956505597
129.127502441406,1.3672688283774,-0.463349507158838
129.318237304688,0.883213152728943,0.687029412107951
129.508972167969,-0.313781713336704,-1.51084181034208
129.69970703125,-0.185459910097644,-1.39977642491725
129.890441894531,0.134197177844665,-1.60655089702801
130.081176757813,0.335546356806952,-1.36587374199411
130.271911621094,0.696137671640968,-1.49857458642095
130.462646484375,0.830554022056198,-1.77445787422357
130.653381347656,0.691669004425308,-1.32280900998843
130.844116210938,-0.797956046995315,-0.42604021555071
131.034851074219,1.24419416452842,-0.805461281526099
131.2255859375,-0.162563742534567,-1.50262333237987
131.416320800781,-0.641789603973413,-0.916799488271319
131.607055664063,-0.251477368165575,-1.89376795483159
131.797790527344,0.263483594026218,-0.67321289967427
131.988525390625,1.8523100573304,-0.712147558685819
132.179260253906,-0.176280221671067,-1.02261182662886
132.369995117188,0.477287202289846,-1.64297858124126
132.560729980469,1.13116307818499,-1.55284090257583
132.75146484375,-0.42365434808896,-0.386201249048003
132.942199707031,-1.49618482181162,-1.74501781055103
133.132934570313,0.786307738533877,-0.664801127652084
133.323669433594,0.557094899041051,-0.928958425897216
133.514404296875,-0.0509234549161099,-1.98888829913958
133.705139160156,1.5261170286258,-0.790210404747535
133.895874023438,0.627408490649307,-1.45836119765231
134.086608886719,0.195607977817879,-1.93534033296176
134.27734375,0.173173169675819,-1.48779842322173
134.468078613281,-0.035204583343245,-1.48007274804651
134.658813476563,-0.0308120745204933,-2.07669093180193
134.849548339844,0.591053040056394,-2.4114020429242
135.040283203125,0.157647506798967,-0.367463205667757
135.231018066406,-0.453671956472563,-0.75539494514737
135.421752929688,0.69128388063048,-1.27867490590552
135.612487792969,0.526852556715026,-0.850133740294698
135.80322265625,-0.505333947900449,-1.01390672028059
135.993957519531,-0.512245769942932,-0.727460780696346
136.184692382813,0.700563912773269,-1.71194967479995
136.375427246094,0.583780340285555,-0.095535387234767
136.566162109375,0.0311642558429218,-1.38580743664488
136.756896972656,-1.8485523448373,-0.852100447458311
136.947631835938,-0.252644177190917,-1.50028489473834
137.138366699219,-0.114463024856852,-0.46985631284054
137.3291015625,0.5129535894734,0.114371113135948
137.519836425781,-0.605619449975905,-0.373591762150727
137.710571289063,0.848955440895598,-0.244987674435508
137.901306152344,-0.483570773706855,-1.8663342552125
138.092041015625,1.38891522012043,-0.00996501881568273
138.282775878906,-0.67763258607739,-0.106877641326716
138.473510742188,-0.563537323858923,-2.76761218726666
138.664245605469,1.44903042796314,-1.72141973519674
138.85498046875,0.265053477126537,-0.962833111662559
139.045715332031,0.479272730677219,-0.318537880881959
139.236450195313,0.519668367297462,-1.25029737728507
139.427185058594,1.01741175337233,-1.09991016853408
139.617919921875,0.858807148503026,-0.364235776022079
139.808654785156,-0.368600327833172,-0.936600364943562
139.999389648438,-0.146252233370097,-0.239786066770572
140.190124511719,-0.805955356395666,0.262308286074765
140.380859375,0.262832292067207,0.0981735758172729
140.571594238281,1.22852438129518,-0.701389029742029
140.762329101563,-0.584780100245637,-1.68151931063889
140.953063964844,-1.1525281456408,-1.03701038169921
141.143798828125,0.729687439043796,-1.16030270601754
141.334533691406,-0.627628634807985,-1.32073260109831
141.525268554688,0.304150263961208,-0.920709555571873
141.716003417969,-0.30342005074164,-0.98726236279917
141.90673828125,-0.0553908180963301,-0.28896787292502
142.097473144531,0.369434256794734,0.0175043027700618
142.288208007813,-0.464769965670763,-1.64851138965222
142.478942871094,-1.13802609558786,0.142810035618563
142.669677734375,0.908113052660619,-0.121367470341076
142.860412597656,-0.672229010611576,0.536765106099927
143.051147460938,0.430945635386423,-0.117319284413224
143.241882324219,1.58800359607457,0.454395714522353
143.4326171875,0.224421426217951,-1.78313656185231
143.623352050781,1.37877387317759,-0.536697503859183
143.814086914063,-0.0346541406308604,-2.11180868141824
144.004821777344,-1.17263834112916,-0.231516635060545
144.195556640625,-0.0954440911350232,-0.281591628145736
144.386291503906,-0.1587456829814,-1.88193510855346
144.577026367188,-1.37514086548786,0.146801557254486
144.767761230469,1.82563454762661,-1.21502417037728
144.95849609375,0.62037717500213,-0.217872502674242
145.149230957031,-0.327574624706136,0.00397032255729578
145.339965820313,1.40935500041967,-0.387679653688194
145.530700683594,-0.397913366524718,-1.06290777978726
145.721435546875,0.532161615291784,-0.021239106669143
145.912170410156,-0.566822864809821,-0.691755054320464
146.102905273438,-1.76053480419513,0.30810299270034
146.293640136719,-1.16353702175312,0.621770486901558
146.484375,0.917088519543495,-0.902368587854264
146.675109863281,0.0899325286621976,-1.81461734396361
146.865844726563,1.2026843642143,-0.388150982842736
147.056579589844,0.285085968873142,-0.361782729553482
147.247314453125,1.61775778309117,-0.485649614251785
147.438049316406,0.946043503163096,-1.24708248788308
147.628784179688,0.660667768620071,0.0585494895427906
147.819519042969,-0.933016729948503,-0.164347332596611
148.01025390625,-0.680207704440558,-0.0628050069135587
148.200988769531,-0.968786295668472,0.105866981897296
148.391723632813,0.378585065457663,-0.168824129325411
148.582458496094,-0.0876192946013241,-1.74186761561546
148.773193359375,-0.0299031190397741,-0.0330618996522363
148.963928222656,-0.355422698406798,-1.01229349774821
149.154663085938,1.11934702718669,-0.192308969719413
149.345397949219,-0.191713028744928,-0.61066375333184
149.5361328125,1.97385091319197,0.766918492543424
149.726867675781,0.355371503499752,-1.83051330201616
149.917602539063,0.208660646628217,-0.32001757576178
