Fre(kHz),Re,Im
-99.945068359375,2.75404959893805,2.21907270507585,ZeroPoint:Tj,21,13
-99.7543334960938,1.70092716975742,1.57576633031636,Const.;stime,3.4557512,6.4E-07
-99.5635986328125,1.61871931107591,-0.0309959844059983,Fre.Range:Tau,-100:100,1.5E-05
-99.3728637695313,1.28074447508858,2.16215992048943,FFTSize:DataSize:Firstpul,8192:8192,6E-07
-99.18212890625,1.47369341797324,1.55019873488885,105KfidF6666,Freq.=141430000
-98.9913940429688,0.683025883345702,1.47133030225977
-98.8006591796875,1.97292957221073,2.33269188851434
-98.6099243164063,1.4133133268251,2.24245639529424
-98.419189453125,0.28798674259996,2.68786718325055
-98.2284545898438,1.21653785007983,1.87674926108083
-98.0377197265625,0.832163238165911,2.88815743969077
-97.8469848632813,-1.14463956684583,4.17893303919746
-97.65625,-0.0600205947367567,3.40093103759731
-97.4655151367188,0.497956820809878,2.83295407317637
-97.2747802734375,0.818134425848028,2.00687591973274
-97.0840454101563,1.84100134207869,0.332825055006999
-96.893310546875,2.45541328525406,1.93118660661678
-96.7025756835938,0.822199575942736,1.52104264853994
-96.5118408203125,2.6305830901891,4.39715542147806
-96.3211059570313,0.948154061981523,3.51707279941111
-96.13037109375,-0.109964069676377,1.97595144741948
-95.9396362304688,-0.0970563676269171,-0.00826571596572053
-95.7489013671875,2.54869714876321,1.52273455570266
-95.5581665039063,0.284895977999665,0.274730850460205
-95.367431640625,0.848652681319942,1.63148344649217
-95.1766967773438,0.366364583572857,2.22863189701294
-94.9859619140625,1.28625706503999,2.52093923848436
-94.7952270507813,-1.60363415227109,3.15644740538535
-94.6044921875,0.161444026350931,0.472101581329935
-94.4137573242188,1.23694789343806,2.19229447261527
-94.2230224609375,1.87811235535412,1.32851087545612
-94.0322875976563,2.0354843904916,1.84571844730195
-93.841552734375,0.740202239287443,-0.606300051907725
-93.6508178710938,-0.153094493713095,3.6214928177149
-93.4600830078125,1.05417973733806,0.234254989806119
-93.2693481445313,0.99196959109016,1.92516310586477
-93.07861328125,1.7164412150667,2.67918322171422
-92.8878784179688,1.0632750734238,4.64764253855893
-92.6971435546875,1.97496969399067,2.90167777158089
-92.5064086914063,2.45179693154064,0.795122083614827
-92.315673828125,1.42240772906979,2.78515660795017
-92.1249389648438,-0.727363920974268,-0.026082406253314
-91.9342041015625,-1.30856346011132,1.22102332785656
-91.7434692382813,1.61453990330215,2.16660668869586
-91.552734375,-0.642899462834814,2.4217636401877
-91.3619995117188,0.910533483128998,1.09255886725948
-91.1712646484375,-0.789401099681989,0.731445542845351
-90.9805297851563,0.55408374932656,1.54962174886274
-90.789794921875,0.00822922224459086,0.170777136575796
-90.5990600585938,0.700903079792935,3.21422230565207
-90.4083251953125,0.127372484576684,1.79202158233676
-90.2175903320313,0.63423259384534,2.62248808419817
-90.02685546875,0.370511763286767,1.80289094346435
-89.8361206054688,0.725370784888833,0.145117592209124
-89.6453857421875,-0.708698367441992,2.13353458434136
-89.4546508789063,-0.0763545091224172,3.5461896061774
-89.263916015625,2.53863678484662,-0.123047103948166
-89.0731811523438,0.318514168728834,0.98768338139043
-88.8824462890625,1.35026494574955,4.22415840462152
-88.6917114257813,-0.484260478685382,1.11176497305407
-88.5009765625,0.975365852374754,3.28781409517203
-88.3102416992188,0.954596617524675,0.844459538578139
-88.1195068359375,0.73059091705769,1.63400025077365
-87.9287719726563,-0.419009032182898,1.25928805436199
-87.738037109375,-0.618839986521597,-0.139784952939769
-87.5473022460938,2.14804344871745,3.50777813259264
-87.3565673828125,-0.83682048365691,3.15638340629493
-87.1658325195313,0.758029586651856,0.740865521583209
-86.97509765625,-0.226925154691417,1.02937330158642
-86.7843627929688,0.42326809558384,0.992167008669083
-86.5936279296875,0.0670713240912676,0.685339028550389
-86.4028930664063,0.889075044495654,0.853502502280732
-86.212158203125,1.95541298704367,1.45880234570623
-86.0214233398438,0.47429892189634,2.15717851869338
-85.8306884765625,0.427360738781052,0.144839627289249
-85.6399536132813,1.00038107407264,2.04681963443379
-85.44921875,1.74515436999783,1.87785295732746
-85.2584838867188,1.66398605888624,3.25852884109244
-85.0677490234375,0.300961148961992,2.98353575141334
-84.8770141601563,2.75728592869184,2.70292628381872
-84.686279296875,1.05300775256104,2.09151413438128
-84.4955444335938,0.256746985751433,3.22673163783165
-84.3048095703125,-1.41261542476805,-0.0509593152812639
-84.1140747070313,0.275939193123329,1.02398477983541
-83.92333984375,0.322446913017949,1.74739846946895
-83.7326049804688,1.1695095460534,2.02203026356658
-83.5418701171875,2.44012209088348,3.03694143156169
-83.3511352539063,0.659628935565721,1.94365292428809
-83.160400390625,1.97283999200469,1.23470643304415
-82.9696655273438,0.91660345094227,2.35631746312879
-82.7789306640625,1.89704051092156,1.1830959101291
-82.5881958007813,2.61953728942334,2.03321571461121
-82.3974609375,1.39148717928246,0.942649636053944
-82.2067260742188,2.51513770695107,2.35525507204037
-82.0159912109375,0.348366013902773,0.23588703145862
-81.8252563476563,1.01491566976676,2.22704667091994
-81.634521484375,1.66632016954064,4.67689044824991
-81.4437866210938,-1.55622525731347,2.01011946868544
-81.2530517578125,0.382751760762948,2.08771880713412
-81.0623168945313,2.66254189049316,4.68655953852733
-80.87158203125,-0.126053342715828,2.32100123943381
-80.6808471679688,1.5725083493342,1.82815729968964
-80.4901123046875,-0.0151913087836039,2.58910709138487
-80.2993774414063,0.349827666838342,1.8524031775582
-80.108642578125,1.93985778970856,0.73042301448887
-79.9179077148438,2.25286687013554,1.67857682245517
-79.7271728515625,-0.254084035308572,0.446830259280377
-79.5364379882813,-0.234641798640498,4.68788704344026
-79.345703125,0.853609701797849,1.19331856983151
-79.1549682617188,0.747203006334989,2.66485607311248
-78.9642333984375,-0.853672208422797,1.45784055810267
-78.7734985351563,0.166519692829425,3.7668177105769
-78.582763671875,2.04467525592014,0.538263385950105
-78.3920288085938,1.07776546838485,1.18650528483961
-78.2012939453125,1.0453990205498,3.54458166912042
-78.0105590820313,-1.96883324581211,0.995340020632676
-77.81982421875,0.141568675021422,2.52468914370673
-77.6290893554688,1.74857727938697,3.06621875823189
-77.4383544921875,0.237323616253525,3.22086381349333
-77.2476196289063,-0.365666531638096,1.18930653487172
-77.056884765625,0.416550242899751,2.30019320906785
-76.8661499023438,-0.569923191082224,0.840025681490178
-76.6754150390625,0.967322966559738,1.72044983049868
-76.4846801757813,-0.815411571936463,2.51570921268249
-76.2939453125,1.05268705195359,2.78019574956017
-76.1032104492188,-0.939874256957647,5.30264538873714
-75.9124755859375,1.97260289077469,4.08479448976349
-75.7217407226563,2.42731123827394,1.05605749386206
-75.531005859375,1.64818206658779,2.69970468395295
-75.3402709960938,2.10549271490966,1.76191890189244
-75.1495361328125,2.17039301296496,4.09321278420704
-74.9588012695313,1.10065905004382,2.93031795267807
-74.76806640625,1.8747931238646,1.66769973229443
-74.5773315429688,-0.169119830101129,1.2607975079876
-74.3865966796875,1.48690251847932,1.76938760492431
-74.1958618164063,3.04334802180549,1.40687358365112
-74.005126953125,0.981326081391336,0.395772880108951
-73.8143920898438,1.00593784653942,3.26050644224691
-73.6236572265625,2.11903241722665,2.56951132272681
-73.4329223632813,1.58865428985838,5.00389827972582
-73.2421875,1.65579317845708,2.14000435528086
-73.0514526367188,1.89089194773371,2.94417112511361
-72.8607177734375,2.05074493324876,1.70249505717451
-72.6699829101563,2.39628547193878,1.61419108119392
-72.479248046875,0.110422836931052,3.49256021221167
-72.2885131835938,-0.649670685923383,2.00525579639087
-72.0977783203125,-0.215434625885652,2.96816983170858
-71.9070434570313,0.933698550984602,2.37981571200619
-71.71630859375,1.08968831942636,4.26649616901642
-71.5255737304688,1.21207484421922,1.14985387542238
-71.3348388671875,0.598064727801491,2.42997914880539
-71.1441040039063,1.08505203069436,1.81379444644599
-70.953369140625,1.92794955324801,2.515196727164
-70.7626342773438,-0.215304902818569,2.20459928302467
-70.5718994140625,0.489754389719311,1.66066181139181
-70.3811645507813,-0.293290327697485,1.04878053267528
-70.1904296875,-0.0533785260475255,2.19129572263704
-69.9996948242188,2.78743501501398,2.63449434319304
-69.8089599609375,0.83205041699015,0.991989882718525
-69.6182250976563,0.948384571688033,2.56348396614259
-69.427490234375,0.814191044399059,2.83285954172613
-69.2367553710938,0.511639114117549,3.19375875424918
-69.0460205078125,-0.646381302908759,2.14299510786796
-68.8552856445313,1.46975961349476,2.74920160436583
-68.66455078125,2.78418880512459,2.79863119761423
-68.4738159179688,0.353578215560937,2.59203283353462
-68.2830810546875,2.27574506640877,1.54869212766988
-68.0923461914063,2.33908742872213,2.3862948721692
-67.901611328125,1.58060663204614,0.252699135278531
-67.7108764648438,1.14692688641297,3.37754401973463
-67.5201416015625,-1.08204872275355,2.41285733822027
-67.3294067382813,1.04177894820702,0.942129972728301
-67.138671875,-0.785867920026645,2.5289961625712
-66.9479370117188,3.7099390141006,2.33455119867742
-66.7572021484375,1.061623210551,3.45541418991098
-66.5664672851563,0.565504021510317,2.29239185380356
-66.375732421875,2.28752755108594,2.06187721948987
-66.1849975585938,-0.118407730288281,1.13756660610912
-65.9942626953125,1.12998589693379,-1.38478702698792
-65.8035278320313,-0.929181654703941,2.36719771132642
-65.61279296875,0.744763044700903,1.97593412350566
-65.4220581054688,2.54550293630491,3.47364848825835
-65.2313232421875,2.11680121422761,2.58067505945361
-65.0405883789063,2.19398026118977,1.8838914247197
-64.849853515625,1.65068948144578,2.73345932500444
-64.6591186523438,0.607909457160827,2.12130976556042
-64.4683837890625,-0.057828916690356,0.803580181233216
-64.2776489257813,0.471140416631413,2.03385872009866
-64.0869140625,2.21171897765282,3.46807859690051
-63.8961791992188,1.87695077111195,3.29178049707132
-63.7054443359375,0.283176636099559,3.01625775180183
-63.5147094726563,-0.154044260560963,2.30693109815561
-63.323974609375,-0.0306698155361436,2.93877001205655
-63.1332397460938,0.700815790755773,2.5535718639358
-62.9425048828125,2.45515899506415,2.54793782066345
-62.7517700195313,0.875695420410486,2.76069238085917
-62.56103515625,1.62040008882841,2.78979064381331
-62.3703002929688,1.06285104055615,1.20162835970674
-62.1795654296875,2.59252668936457,2.98566087901382
-61.9888305664063,1.16824850599032,1.84148747002005
-61.798095703125,0.345639637757154,1.28803260488842
-61.6073608398438,1.85363033481772,1.62337809766534
-61.4166259765625,0.877274470461829,2.68439340176905
-61.2258911132813,0.760245568789014,3.99194164686241
-61.03515625,2.39909113309644,1.25097264282715
-60.8444213867188,-0.0100547097623718,1.33109609690465
-60.6536865234375,1.07224709932136,1.9474196145716
-60.4629516601563,-1.33320744128516,4.26407096412289
-60.272216796875,1.53294458736622,3.81500281706303
-60.0814819335938,-0.938983889843116,2.41507018991703
-59.8907470703125,4.24532387208668,1.79849725836884
-59.7000122070313,-0.767785449436743,1.76781620587586
-59.50927734375,0.500960610296381,3.41701508257078
-59.3185424804688,0.0573388933813921,1.85765215962203
-59.1278076171875,1.3243598880196,0.774850163932394
-58.9370727539063,1.28513696200589,0.357843106430896
-58.746337890625,0.530986233778333,2.16207934295984
-58.5556030273438,0.455797324561417,4.13534744105596
-58.3648681640625,1.40588456856102,2.49135058622392
-58.1741333007813,2.92598511566646,2.83845344469432
-57.9833984375,-0.285921204188676,1.04416601476272
-57.7926635742188,1.04300244218182,2.28130275648615
-57.6019287109375,0.452622389926527,3.46243956529936
-57.4111938476563,1.6986361229557,2.87239367658358
-57.220458984375,0.191063283768695,1.25562511461494
-57.0297241210938,0.356468265191138,3.26303437139339
-56.8389892578125,0.528193408354282,3.46628573417908
-56.6482543945313,1.88991928601707,2.01924912507553
-56.45751953125,0.917866403308263,3.50029235702839
-56.2667846679688,1.40485794554268,3.86611595804665
-56.0760498046875,1.43056657181053,3.98056496589129
-55.8853149414063,1.44555082213104,2.7346961075163
-55.694580078125,1.60453036713833,3.30875681446634
-55.5038452148438,2.35709171966692,1.10727423883855
-55.3131103515625,-1.13944172375364,2.91387049960168
-55.1223754882813,1.05251143842198,2.22482007272193
-54.931640625,0.945293393365979,2.42311263144185
-54.7409057617188,1.26608296954645,2.9687006561005
-54.5501708984375,1.95247121052907,4.14824671555787
-54.3594360351563,3.17877695688037,3.12083324066502
-54.168701171875,0.824841120218537,2.40835473982006
-53.9779663085938,1.96137087553477,1.50002105263163
-53.7872314453125,0.87389141622589,2.93296703132146
-53.5964965820313,1.23701913022516,6.778371472682
-53.40576171875,1.5818976619508,2.3984509682768
-53.2150268554688,0.505829517275772,2.80255630273851
-53.0242919921875,-0.189678915710432,2.82297151709904
-52.8335571289063,3.19595543252062,4.01639396205035
-52.642822265625,1.53675845796451,2.82633022440116
-52.4520874023438,2.60031789172791,4.73654786589134
-52.2613525390625,3.05812364264801,4.47264712777402
-52.0706176757813,0.868605853889058,3.58469592434442
-51.8798828125,-0.312563988196614,1.70485632112156
-51.6891479492188,2.23079766956347,1.56116972977895
-51.4984130859375,0.677696471247775,3.5422566655887
-51.3076782226563,2.07996187157337,3.47337701294488
-51.116943359375,0.983337257782997,3.27399897756674
-50.9262084960938,-0.682595882566866,2.23890637566112
-50.7354736328125,1.23107759452254,3.71160720565288
-50.5447387695313,1.75793198263054,4.56324838702377
-50.35400390625,0.201806111214029,3.56024543573534
-50.1632690429688,3.91520959948484,2.11559814480003
-49.9725341796875,1.9845389523964,2.45332340033136
-49.7817993164063,2.93000126772508,2.97086606457226
-49.591064453125,1.68908020579286,1.44826558814176
-49.4003295898438,0.0223277620160424,4.65587589907146
-49.2095947265625,1.30668584211962,2.39027610311789
-49.0188598632813,3.56825367401154,3.27356802035145
-48.828125,1.09047670761216,5.55929974207647
-48.6373901367188,1.52070401783614,3.85069737879729
-48.4466552734375,2.53613712753229,5.10256249581522
-48.2559204101563,2.81409745164452,2.83524105366079
-48.065185546875,2.97560971252415,2.55247255370369
-47.8744506835938,-1.00921869336681,4.76178566508968
-47.6837158203125,1.86972173225387,4.48141664392764
-47.4929809570313,1.02586491984293,2.79643134887801
-47.30224609375,0.226801129459386,2.47089777017506
-47.1115112304688,1.54810794628334,3.27063820223366
-46.9207763671875,2.09836602832252,3.0777379004238
-46.7300415039063,2.32032433199581,2.97219071881487
-46.539306640625,0.0404207614283796,3.33306676240442
-46.3485717773438,0.0666585991884529,3.67103285740008
-46.1578369140625,0.936086562867657,4.1997330995791
-45.9671020507813,1.49112224797609,2.5652997545304
-45.7763671875,1.90724536744214,3.53753357554917
-45.5856323242188,2.25810881642273,5.0998866135014
-45.3948974609375,-0.303620168687889,3.94165536746271
-45.2041625976563,1.83518174451681,1.59138471699253
-45.013427734375,1.9318051272414,3.64881898769601
-44.8226928710938,2.24624463589508,2.16331673519601
-44.6319580078125,0.980179844174933,2.68737968189283
-44.4412231445313,1.16464977359604,4.2616700769304
-44.25048828125,1.88186299401704,3.65351078831514
-44.0597534179688,-0.717763461223996,3.57446957144767
-43.8690185546875,1.14301487019307,3.60168394543323
-43.6782836914063,0.63925172679889,3.23152849655422
-43.487548828125,1.37764821221454,3.27631965889112
-43.2968139648438,0.343751579113723,3.74854852424756
-43.1060791015625,1.95230812458064,4.44561526792419
-42.9153442382813,1.38733443256098,3.27394087299367
-42.724609375,0.822409715843684,3.39789683397697
-42.5338745117188,0.606530322862497,4.23188989029988
-42.3431396484375,1.01958123738313,4.75708691640922
-42.1524047851563,2.62612986413207,3.61015728721292
-41.961669921875,3.38697182219022,4.93026337320942
-41.7709350585938,2.20103223073497,3.45687191972703
-41.5802001953125,0.918062746509769,3.5827653311614
-41.3894653320313,0.203552285194291,3.70215443107986
-41.19873046875,1.44469449186322,3.44154937183873
-41.0079956054688,2.5795637598141,5.11788382565358
-40.8172607421875,1.88574016368406,4.57441155947369
-40.6265258789063,0.135997938630364,1.28383629901315
-40.435791015625,1.79963758188028,4.96271003182992
-40.2450561523438,1.5560287033022,5.3105096047272
-40.0543212890625,1.17057253100041,2.29737373471338
-39.8635864257813,0.234768140730321,4.39758537773067
-39.6728515625,0.702990189512824,3.98882508932762
-39.4821166992188,1.13291789072751,5.92131536695729
-39.2913818359375,2.20238551117786,3.76400445977835
-39.1006469726563,1.98219797495264,4.88027467068387
-38.909912109375,1.71278761298837,4.76051158694873
-38.7191772460938,1.93261236390503,6.1505025548739
-38.5284423828125,1.42033848910941,5.24883679548236
-38.3377075195313,0.909768403253687,4.03899453518323
-38.14697265625,1.15428408372214,4.07789669273915
-37.9562377929688,-0.950725573187643,6.41410072541947
-37.7655029296875,-1.65806253484731,4.88491928530471
-37.5747680664063,1.43160193125492,4.12957208407869
-37.384033203125,3.15242062811852,5.12563660002492
-37.1932983398438,-0.086585382334175,5.64542192211515
-37.0025634765625,0.75564005582164,6.25983811032688
-36.8118286132813,-0.571312004658607,2.94840105745552
-36.62109375,1.74569385067167,4.09339240741605
-36.4303588867188,1.61174410879857,7.30889347552666
-36.2396240234375,1.26960226629754,3.27980728314502
-36.0488891601563,2.11913006296293,5.13186760821683
-35.858154296875,2.32741849835593,3.90459991229623
-35.6674194335938,0.967301722932901,2.83907178710169
-35.4766845703125,0.109576431779852,5.58248133051661
-35.2859497070313,-0.0234339328385999,4.73127150283107
-35.09521484375,-0.282639772969355,2.69128269164261
-34.9044799804688,3.31938541790547,7.10245184841141
-34.7137451171875,1.49876760721857,5.74112609671972
-34.5230102539063,2.84288878949771,7.05676419524197
-34.332275390625,0.586078347177274,5.05560041288235
-34.1415405273438,3.31597646459417,4.99663958348487
-33.9508056640625,3.08788621961124,5.46089256987033
-33.7600708007813,1.82696726214096,7.35550824013395
-33.5693359375,2.04615859517749,4.66997879625968
-33.3786010742188,-1.39992057164038,5.19273846852135
-33.1878662109375,1.83240548120751,7.74935225025382
-32.9971313476563,3.18817178854721,7.48860114779591
-32.806396484375,1.35134530427664,4.20212582869977
-32.6156616210938,0.906811965417797,4.15135242692702
-32.4249267578125,1.34969639968954,4.79333475477849
-32.2341918945313,2.56259019159563,6.65139425738172
-32.04345703125,3.04486524928104,7.11585149430153
-31.8527221679688,2.03953644522427,6.94364053163506
-31.6619873046875,1.08437865749968,6.10889743858332
-31.4712524414063,0.150707909473859,5.60828441363079
-31.280517578125,1.78329321333221,6.46529688940465
-31.0897827148438,1.96909159437622,7.61113078836978
-30.8990478515625,2.00126242108794,5.75341629662844
-30.7083129882813,0.984243541479414,6.25760534368178
-30.517578125,-1.09563870739675,5.15749750507072
-30.3268432617188,1.76844397362441,4.59023502991528
-30.1361083984375,-0.153509328190301,5.70702887673939
-29.9453735351563,1.08882106568395,5.74616670855553
-29.754638671875,1.90837246066843,6.58630176482144
-29.5639038085938,0.606604595089271,5.21967285599502
-29.3731689453125,1.93956530440068,7.38343153318872
-29.1824340820313,-0.370268707182215,5.40633527171619
-28.99169921875,2.64287657572448,6.96875806869024
-28.8009643554688,0.931541777191616,7.26187025425626
-28.6102294921875,1.78092146632179,6.22399042438722
-28.4194946289063,0.587960867658238,7.01052081615057
-28.228759765625,3.12341990904966,8.86833605781844
-28.0380249023438,1.58231150297804,6.44065650689932
-27.8472900390625,0.894542188404571,6.93959039165863
-27.6565551757813,-0.0128418225885547,8.25488769586408
-27.4658203125,2.91887844771528,7.77565787927254
-27.2750854492188,0.894032701766846,8.46123565212648
-27.0843505859375,1.64709803766895,9.36604114004659
-26.8936157226563,2.97808540062431,7.30341172920029
-26.702880859375,2.65873174655821,7.22827059792665
-26.5121459960938,0.424839369002832,7.5691670016108
-26.3214111328125,0.552327003791331,9.14206505171616
-26.1306762695313,1.97695830758204,9.47680065638687
-25.93994140625,-0.295670322688654,11.1883534305571
-25.7492065429688,0.506544281001397,8.61381070804953
-25.5584716796875,0.88295089735501,9.26437579996347
-25.3677368164063,1.89757077833622,7.9890117556761
-25.177001953125,2.07421928242149,9.82812025358889
-24.9862670898438,2.81472182805763,10.3574454493281
-24.7955322265625,2.21638831907276,11.5413588433224
-24.6047973632813,2.91708027148251,11.6864214421751
-24.4140625,2.4779532715696,12.7795599165245
-24.2233276367188,2.59765732426261,9.66322576455238
-24.0325927734375,1.43391998747847,11.7688477531967
-23.8418579101563,2.31901454873422,11.6795272920839
-23.651123046875,1.14639768614331,12.376616873003
-23.4603881835938,2.26405007147157,12.6142525674543
-23.2696533203125,4.97895887396421,12.8317730328047
-23.0789184570313,0.938132282690141,13.4047542179714
-22.88818359375,2.93037760985378,15.7781179906164
-22.6974487304688,1.82267937236758,12.0089952631935
-22.5067138671875,3.72288383451274,16.044399049678
-22.3159790039063,3.44513542991798,14.0635011197978
-22.125244140625,3.6327352157411,12.6703342382573
-21.9345092773438,4.28183066552463,14.438930264466
-21.7437744140625,4.49482501943848,15.4120410676934
-21.5530395507813,5.12625108742613,14.7513950206275
-21.3623046875,6.1273717597692,16.1806120328435
-21.1715698242188,5.22386553684303,16.4895382429026
-20.9808349609375,4.73516962068885,18.178336086558
-20.7901000976563,5.59287231416234,17.5680444713598
-20.599365234375,6.20237788883755,17.2112561407687
-20.4086303710938,7.55134772562289,18.5920032694254
-20.2178955078125,8.71882927682259,20.4275043508423
-20.0271606445313,9.17944429974235,20.8604617280568
-19.83642578125,10.9372119166051,20.2936522692767
-19.6456909179688,12.8674607406119,20.8385181722484
-19.4549560546875,12.821841383166,21.672807687607
-19.2642211914063,10.6620145093957,19.7767274440632
-19.073486328125,14.8536635633029,19.6205639082807
-18.8827514648438,14.3507348380991,22.0296293781465
-18.6920166015625,16.4620473415515,21.6756699680424
-18.5012817382813,18.4849930877048,20.4835224377173
-18.310546875,17.2325044534595,19.9698682930694
-18.1198120117188,18.1155587800873,20.4161283229394
-17.9290771484375,18.4923140380091,19.1472280052389
-17.7383422851563,21.8097853082248,18.616771448956
-17.547607421875,23.1942537419464,16.7114795609331
-17.3568725585938,21.5446459140388,17.9778258797601
-17.1661376953125,22.4926420456043,16.6024336914209
-16.9754028320313,23.1548973409355,15.4303464076123
-16.78466796875,25.8241373295737,16.6838292337375
-16.5939331054688,26.6686142276199,15.3347737701883
-16.4031982421875,25.9134767989467,14.5300904341307
-16.2124633789063,25.9770763571454,13.122297683324
-16.021728515625,26.5978677591718,12.0118630606862
-15.8309936523438,28.5914115141962,11.0112400790266
-15.6402587890625,28.359607267688,11.6366799013085
-15.4495239257813,29.1813034584148,9.01696185261388
-15.2587890625,28.7938932118934,9.1504762566634
-15.0680541992188,27.9603007423412,6.44804053061462
-14.8773193359375,28.6488707978037,7.25270182699517
-14.6865844726563,28.4665393257216,6.76600854736012
-14.495849609375,29.5054945556276,5.90191393815874
-14.3051147460938,29.7971561481971,6.22627318727487
-14.1143798828125,30.3191510015997,3.72896867216107
-13.9236450195313,29.2534457325815,3.01080185641056
-13.73291015625,30.4340380554859,1.44909706806493
-13.5421752929688,29.6978205712883,1.35814193848183
-13.3514404296875,29.0800956577676,-0.874890875432803
-13.1607055664063,30.7957160383147,-2.24709641925602
-12.969970703125,31.7625740540162,-1.09508711816183
-12.7792358398438,29.7736893380359,-3.61324268754997
-12.5885009765625,28.8227479123785,-1.6552037307648
-12.3977661132813,29.1681970831309,-2.80133007769804
-12.20703125,29.5202163640875,-4.10124470990046
-12.0162963867188,29.0000506853937,-6.20684249620543
-11.8255615234375,28.0642010302629,-5.21280413414167
-11.6348266601563,27.9324475218168,-5.99504244997932
-11.444091796875,29.0022300095143,-6.41267810379604
-11.2533569335938,29.4901929523294,-9.82520150648552
-11.0626220703125,27.51583940978,-8.70152908983733
-10.8718872070313,28.7025569672918,-7.61208666745918
-10.68115234375,25.451289959521,-8.34127631915861
-10.4904174804688,28.5829083039858,-11.2378649197108
-10.2996826171875,28.1416871164436,-12.3792222643794
-10.1089477539063,27.6213051767649,-12.1207255316167
-9.918212890625,26.3093686472739,-13.8148797004252
-9.72747802734375,24.9632394039659,-14.8751320738719
-9.5367431640625,25.5083482853898,-14.2948247358582
-9.34600830078125,22.6696360768405,-16.1808868266724
-9.1552734375,23.7290845824915,-15.2065630551518
-8.96453857421875,22.5805421015077,-19.2017761443179
-8.7738037109375,21.8560876723601,-17.3333172663906
-8.58306884765625,22.2548229698993,-17.8456403603769
-8.392333984375,20.0954018206193,-18.0800016424396
-8.20159912109375,18.4565381899622,-18.371375857956
-8.0108642578125,17.9762277409301,-20.7716049229692
-7.82012939453125,17.9642664282108,-18.8939832633832
-7.62939453125,16.0257761915578,-19.7769902376366
-7.43865966796875,14.7496423806192,-19.6374931551792
-7.2479248046875,13.9193904212908,-19.5302876443599
-7.05718994140625,12.6668096153096,-21.2066403819079
-6.866455078125,10.8901809215628,-19.9685722721493
-6.67572021484375,11.7574879585274,-20.5110245887133
-6.4849853515625,9.62319928684824,-19.7816661623487
-6.29425048828125,8.84882350567206,-18.8880714047625
-6.103515625,11.6190102432937,-20.4344426012444
-5.91278076171875,7.2942188748416,-17.6590750481772
-5.7220458984375,6.70304721749965,-19.1592401559366
-5.53131103515625,8.22289175707056,-18.8381902936256
-5.340576171875,6.83275433774737,-18.4844417438021
-5.14984130859375,5.9676942623465,-16.1263728823676
-4.9591064453125,4.95607378331547,-17.3824347838575
-4.76837158203125,6.03202580715255,-16.0697922266852
-4.57763671875,6.76620453776776,-17.6378449173975
-4.38690185546875,5.60001055645566,-16.6550186500155
-4.1961669921875,3.24032965622493,-16.4593206269167
-4.00543212890625,4.36720730318117,-14.9667159327562
-3.814697265625,3.02827298567411,-15.1751679164315
-3.62396240234375,4.57418116530796,-15.9663177038388
-3.4332275390625,3.97788327338902,-12.9712035787619
-3.24249267578125,3.81982869796682,-12.3298989275554
-3.0517578125,4.11285533468881,-13.7365878072518
-2.86102294921875,3.03449203880044,-11.7666751487028
-2.6702880859375,3.4785186880963,-13.5922741134252
-2.47955322265625,2.12195888705232,-12.7516774990927
-2.288818359375,2.80898027760365,-14.5319297622778
-2.09808349609375,1.71531251067299,-14.3188989426596
-1.9073486328125,3.26678609462393,-9.88657784825702
-1.71661376953125,1.6830514906305,-13.5493010090518
-1.52587890625,3.38005503003484,-10.4153446072458
-1.33514404296875,1.42846535054529,-13.4046776418235
-1.1444091796875,0.777817060800106,-11.5402547284312
-0.95367431640625,1.39287836480104,-9.26382853994566
-0.762939453125,2.85201460348036,-9.49176094689959
-0.57220458984375,2.02350532733249,-10.3480302897126
-0.3814697265625,2.04080356436046,-10.1806439080095
-0.19073486328125,3.1226792121504,-9.03524290582652
0,1.14711598503783,-10.788360613006
0.19073486328125,1.81461596411911,-8.55677537325883
0.3814697265625,2.66134854194242,-9.72956124113593
0.57220458984375,1.34528198877903,-10.2378093798118
0.762939453125,0.934421186712839,-10.4694494181717
0.95367431640625,2.33893118856823,-10.3456388613742
1.1444091796875,1.84174114255978,-7.88349436077351
1.33514404296875,2.13656629889659,-10.095828165226
1.52587890625,0.884262083699535,-8.97397885101398
1.71661376953125,1.38333181034131,-6.93091055316581
1.9073486328125,2.57500286333554,-10.1587947009403
2.09808349609375,-0.0732207829981117,-8.50370840213915
2.288818359375,2.62937144911997,-8.80684484516707
2.47955322265625,1.33383539877739,-8.03201859388096
2.6702880859375,2.42219115723513,-8.92727618091862
2.86102294921875,0.822616534717163,-8.54188633823373
3.0517578125,0.446121968371703,-8.0633872901346
3.24249267578125,2.60609901228707,-6.48105506495124
3.4332275390625,3.62433710635384,-7.89560210082721
3.62396240234375,1.55179217971303,-7.26980083992385
3.814697265625,3.02289503775048,-6.66441552384713
4.00543212890625,2.2353858916815,-8.17794088139517
4.1961669921875,0.78684658458022,-6.61292309277314
4.38690185546875,2.57837889353785,-7.73075991923288
4.57763671875,1.452313259123,-8.11710677490983
4.76837158203125,-0.128653179077358,-7.11293642388979
4.9591064453125,1.47636596817157,-8.66504158233402
5.14984130859375,3.04641112709016,-7.28037267443399
5.340576171875,2.70142239133036,-7.40897874101734
5.53131103515625,1.29676392530521,-8.49508255286088
5.7220458984375,-0.683720534153074,-7.60049812120477
5.91278076171875,1.92631641007691,-8.58273001752168
6.103515625,1.78735163397239,-7.44716980106813
6.29425048828125,0.449384742719914,-8.12036099787769
6.4849853515625,1.35009088267863,-5.02037008750571
6.67572021484375,0.624599904676307,-7.82645375109674
6.866455078125,-0.237860654003713,-6.83299595921125
7.05718994140625,0.639242446290648,-6.89025771087238
7.2479248046875,1.97829156946524,-7.93776744090707
7.43865966796875,-0.722037710954173,-5.39230026140974
7.62939453125,0.421721226803547,-7.16398830297736
7.82012939453125,0.26537830974024,-6.6706711407221
8.0108642578125,3.21417279104777,-6.59962303899304
8.20159912109375,2.04440158777063,-5.7409980772089
8.392333984375,2.09138965955203,-6.49133815591468
8.58306884765625,2.64422914533642,-4.52441652413348
8.7738037109375,1.75698654149539,-5.81365131883769
8.96453857421875,-0.181201950420021,-6.1616586758695
9.1552734375,0.738197673986457,-5.70833051547788
9.34600830078125,1.96677099078667,-5.24018552560093
9.5367431640625,0.838777058127007,-4.85576116688195
9.72747802734375,2.40057370248905,-7.15690820362907
9.918212890625,1.39481493453786,-6.49813916247383
10.1089477539063,0.854861622167834,-3.64174964387709
10.2996826171875,1.70407045821871,-5.22566918292722
10.4904174804688,2.18808930842119,-5.08443544700663
10.68115234375,1.43921400097608,-5.76408439610619
10.8718872070313,2.27386900833907,-5.15114676704488
11.0626220703125,0.246485806371438,-5.11468192875291
11.2533569335938,3.48679085251307,-5.77014790670295
11.444091796875,1.43281021193608,-6.55273702488859
11.6348266601563,-0.71799500286657,-4.40135351571744
11.8255615234375,1.80374016268837,-3.49350572872836
12.0162963867188,2.54711852586999,-6.69560022157205
12.20703125,0.805213929235257,-4.32148946883699
12.3977661132813,3.2076842232604,-4.3921673894543
12.5885009765625,2.35223324137309,-6.34327339657426
12.7792358398438,2.08663826331238,-5.27778102588455
12.969970703125,-0.370460628946077,-4.1773853316332
13.1607055664063,1.40474026842198,-4.31921281617702
13.3514404296875,-0.561534980397981,-3.43297362067906
13.5421752929688,1.95034838577474,-4.78900778939925
13.73291015625,1.5342548793536,-4.95276740325892
13.9236450195313,4.08517093186586,-5.54610109225272
14.1143798828125,2.17198784275662,-6.71461453953598
14.3051147460938,2.85855138439181,-5.29224182240805
14.495849609375,1.02515229941162,-4.87989016299431
14.6865844726563,0.476403736904905,-3.8037157756019
14.8773193359375,0.81215589860543,-4.60871670704621
15.0680541992188,0.820589476685344,-3.79710283420511
15.2587890625,0.343198589284888,-4.52980334647306
15.4495239257813,1.00336496942806,-4.91133592111214
15.6402587890625,-0.0185975113313225,-4.50215761570517
15.8309936523438,0.0940425617165959,-3.0168478253807
16.021728515625,-0.214636910310878,-5.38698206478725
16.2124633789063,-1.27164790062923,-4.15781908346579
16.4031982421875,0.756800228916807,-3.00052459676791
16.5939331054688,2.60709053116463,-3.72044936988455
16.78466796875,1.29792759337262,-5.51115637420986
16.9754028320313,-1.31866861954307,-2.75038142227053
17.1661376953125,0.938894290156995,-6.57727119477764
17.3568725585938,0.709587389072589,-5.73242765496536
17.547607421875,0.662985041861212,-4.38378704588539
17.7383422851563,0.674562151412988,-5.18902279598086
17.9290771484375,1.19520792201959,-3.39905826289406
18.1198120117188,-0.142949083746174,-5.7230450380801
18.310546875,1.02266531199605,-3.83833350416758
18.5012817382813,-0.800379872691547,-5.02568256094665
18.6920166015625,2.41381419981496,-4.29415869652202
18.8827514648438,1.35891212695227,-3.63315556364117
19.073486328125,0.918759442293511,-5.69717401835214
19.2642211914063,0.782003826639157,-4.71923824524872
19.4549560546875,-0.960319973675023,-4.92300930211732
19.6456909179688,0.319569768735829,-3.64697454738565
19.83642578125,-0.291621550414551,-6.81094560810299
20.0271606445313,1.99849383071961,-2.25042187559753
20.2178955078125,-0.368027214388948,-4.17275331546553
20.4086303710938,-0.0285843261067136,-4.18228915974145
20.599365234375,0.457390480341452,-3.98379870153509
20.7901000976563,0.988131253101659,-5.38360666276626
20.9808349609375,0.121710285816329,-3.8573115515833
21.1715698242188,-0.0220003758941221,-2.80111394340697
21.3623046875,0.190821534114541,-3.78149609078063
21.5530395507813,1.05094735855156,-5.38089799473852
21.7437744140625,0.422621381487897,-5.23804254483998
21.9345092773438,-0.756034247937847,-6.6074915662547
22.125244140625,0.482360730982384,-4.59001565812481
22.3159790039063,0.735906526011195,-5.43173726426377
22.5067138671875,-0.273028083763719,-3.92517377431963
22.6974487304688,0.230602197635853,-1.6070180580251
22.88818359375,-0.107102904730415,-3.68441257658797
23.0789184570313,1.94257283280433,-3.2800097066452
23.2696533203125,0.325536711661965,-3.42510580918723
23.4603881835938,0.475565161281314,-2.73932224682245
23.651123046875,1.0564842190716,-3.41738684210376
23.8418579101563,-0.484911916110057,-3.40215808660862
24.0325927734375,2.77605159418337,-3.26206542921702
24.2233276367188,2.94927071229228,-4.50416847805964
24.4140625,1.56840282877228,-4.05665978651766
24.6047973632813,0.879459793329815,-3.68495104948667
24.7955322265625,1.20655651539218,-3.71111447813843
24.9862670898438,-0.398619745893729,-4.17909535091755
25.177001953125,-0.284755424001578,-4.17776596287496
25.3677368164063,-0.406852391908123,-4.45898234830234
25.5584716796875,0.517349324488474,-4.50276700641635
25.7492065429688,0.387601639948893,-3.16810224164506
25.93994140625,1.43188497907982,-3.79277574518981
26.1306762695313,-1.62533749230288,-5.35183558752544
26.3214111328125,0.685967704379159,-5.48785133987967
26.5121459960938,-0.146021643076888,-4.35796726025754
26.702880859375,0.711268613367829,-4.37399388484697
26.8936157226563,-0.683738542080049,-2.45685235925315
27.0843505859375,0.826376135098674,-3.65597122508082
27.2750854492188,0.523646465338853,-3.99786290299336
27.4658203125,0.799927006904544,-2.2652729869327
27.6565551757813,-0.727353712679551,-2.13997211121802
27.8472900390625,1.4019163607241,-3.45549265239449
28.0380249023438,0.349964315041046,-3.78336724944177
28.228759765625,-1.03439465100336,-2.7296876090772
28.4194946289063,1.8680021402675,-4.62592788572069
28.6102294921875,1.38237693483715,-3.23413228234851
28.8009643554688,-0.449092087764397,-3.62615849148708
28.99169921875,0.719551617634518,-5.01237289615117
29.1824340820313,0.761709408669156,-2.7005412728899
29.3731689453125,1.89055686349364,-4.40561834839575
29.5639038085938,1.31162969912124,-4.10149742533853
29.754638671875,0.556254184722739,-3.37989447515999
29.9453735351563,0.0756753505399453,-3.80086267003076
30.1361083984375,-0.332712295422852,-3.55875939656107
30.3268432617188,0.747634347157883,-2.28385993617036
30.517578125,1.60940211028172,-3.67393868870556
30.7083129882813,0.381771891430715,-2.01239980699811
30.8990478515625,1.09253054707533,-2.48076931940393
31.0897827148438,0.74583044577643,-2.30203927968023
31.280517578125,-0.307324401378426,-1.06362642115243
31.4712524414063,2.12926711928336,-3.05358033174112
31.6619873046875,0.616669642428658,-2.40858197425898
31.8527221679688,0.235642871925484,-3.44774188663234
32.04345703125,-0.638819749631527,-2.78866723210529
32.2341918945313,-0.314875245478108,-2.91023906747531
32.4249267578125,-0.233609800848182,-4.28795923520652
32.6156616210938,1.62279253562341,-4.07237361946463
32.806396484375,0.643401683229941,-3.28063077334355
32.9971313476563,0.962044047856652,-3.67983828331619
33.1878662109375,0.816270527686321,-3.83118444604583
33.3786010742188,-0.546037709242007,-3.07793933431343
33.5693359375,1.67856432379475,-2.30615118419902
33.7600708007813,-0.0457144667012258,-4.02258446130587
33.9508056640625,-0.214775204311284,-3.8754124436871
34.1415405273438,-0.530222418453313,-2.93122362776427
34.332275390625,1.0855305214277,-3.43076375938866
34.5230102539063,2.12074868641416,-3.16972815509296
34.7137451171875,-0.234102309283674,-2.59607489821849
34.9044799804688,-0.043847597915656,-2.43930417488888
35.09521484375,0.0349751931547116,-5.42409261436118
35.2859497070313,0.700565197573862,-3.16591391826366
35.4766845703125,3.6798829046237,-5.0665964350206
35.6674194335938,0.409990510794131,-2.14202074890114
35.858154296875,0.337987321366833,-3.45402424096046
36.0488891601563,0.170888339520833,-2.84317234795594
36.2396240234375,0.426499098078933,-3.50224698401395
36.4303588867188,0.435653090233222,-4.21307354158774
36.62109375,0.966173986646737,-1.61282184290426
36.8118286132813,1.20751171996809,-3.03961298257494
37.0025634765625,0.663722320306223,-2.24481846567392
37.1932983398438,1.22180459222572,-3.85124388163296
37.384033203125,0.0934953355552083,-4.0985049591033
37.5747680664063,0.385218999095122,-4.74374141129173
37.7655029296875,0.103515635992671,0.626842353217939
37.9562377929688,-0.174070353430691,-3.07084674433339
38.14697265625,0.334103777023909,-2.91943993040203
38.3377075195313,0.0403457363911414,-3.50531004831977
38.5284423828125,1.97203430916121,-3.01518867862724
38.7191772460938,0.423133127135423,-4.22969092512288
38.909912109375,-0.425117582491778,-3.01685264857995
39.1006469726563,0.573362884868521,-1.57992144352428
39.2913818359375,1.04471560920732,-4.21179843535706
39.4821166992188,1.46741243080296,-3.54860401085313
39.6728515625,1.08371250490766,-0.543455613845758
39.8635864257813,2.26626186835447,-2.22125379591049
40.0543212890625,1.18996716296266,0.234300866235654
40.2450561523438,0.614018163314457,-1.23928132122835
40.435791015625,-1.38513468428102,-2.45679763938935
40.6265258789063,-0.0537820215869739,-2.49111400723627
40.8172607421875,-1.11127427906539,-2.04107941583189
41.0079956054688,-0.125010055362376,-3.12397746427606
41.19873046875,0.789064565792733,-3.11539990913357
41.3894653320313,-0.959191493088215,-3.78246612163456
41.5802001953125,-0.0151975106771586,-3.77947928665393
41.7709350585938,2.64678090977059,-2.95968821124392
41.961669921875,2.37295004849777,-2.20467464690698
42.1524047851563,1.1315289528834,-2.5957793087762
42.3431396484375,-0.398964495112374,-4.63904999891987
42.5338745117188,-0.289349432863984,-1.87292006240416
42.724609375,0.292007801562648,-1.17164816691704
42.9153442382813,-0.524106786105732,-3.7777683486211
43.1060791015625,0.0136136982469469,-1.93674398809993
43.2968139648438,-0.49857865047644,-2.21007029705012
43.487548828125,-0.651486987638341,-1.98567319632449
43.6782836914063,0.526714336944378,-3.41507617410784
43.8690185546875,0.823627146097686,-0.386317278277741
44.0597534179688,0.637980626937038,-3.99813665669648
44.25048828125,0.0977702743092368,-2.54610292169708
44.4412231445313,1.18441166428873,-2.19123302581685
44.6319580078125,-0.0109796372149233,-1.89154092531798
44.8226928710938,-0.139266250883641,-3.36985789416608
45.013427734375,-0.00309454344942402,-2.824636780249
45.2041625976563,0.33070438760081,-2.96498982837699
45.3948974609375,0.837361217756184,-0.270029453002442
45.5856323242188,0.1011017329052,-1.05361451747981
45.7763671875,0.520008912030108,-2.28175743586438
45.9671020507813,0.790982372477606,-3.39404472511118
46.1578369140625,-0.0477775295761774,0.328777901501222
46.3485717773438,2.15694250884141,-0.301155310407718
46.539306640625,0.0361591412965969,-1.31878672551299
46.7300415039063,1.27815599653867,-2.07835316363512
46.9207763671875,-1.22412205103804,-2.85246886471921
47.1115112304688,1.31353128254946,-2.19865809852629
47.30224609375,-0.710124067263856,-2.43261736428655
47.4929809570313,-0.786727636756897,-2.98107274894569
47.6837158203125,0.0386259122602969,-3.08371869051914
47.8744506835938,-0.0186043776768698,-3.17595550922993
48.065185546875,0.935738406247142,-1.83612988724114
48.2559204101563,-1.6002400959534,-2.3765799126534
48.4466552734375,-0.157645622754147,-2.79150810776051
48.6373901367188,0.728368378525323,-1.0520683566224
48.828125,1.8533226514742,-2.43535006719286
49.0188598632813,0.777231116017356,-1.33833105782722
49.2095947265625,1.64584270681086,-1.53162816974509
49.4003295898438,0.783020109973145,-2.86730094251447
49.591064453125,0.563742866587792,-3.42914717962753
49.7817993164063,0.750994069349951,-1.50792328728465
49.9725341796875,0.438396168535945,-1.79988479257032
50.1632690429688,0.808979438991069,-1.3919926117711
50.35400390625,1.25086497449519,-2.90689923148376
50.5447387695313,-0.0289144959024663,-2.48553452814337
50.7354736328125,0.263705438770174,-2.34636076573877
50.9262084960938,0.215694943409357,-2.13350746714186
51.116943359375,0.0125993968226735,-1.28435849203668
51.3076782226563,0.0838187195065161,-3.22909609965087
51.4984130859375,0.730591885549611,-2.5115604703212
51.6891479492188,-1.05378871035982,-2.01270722998367
51.8798828125,-1.17641112948196,-2.51418793210268
52.0706176757813,0.207311416012865,-2.36831597721493
52.2613525390625,1.85182556356972,-3.04485161975898
52.4520874023438,-0.70241527589736,-2.689254714248
52.642822265625,0.402849267379209,-3.32283840145523
52.8335571289063,-1.81432174603373,-2.33122549335829
53.0242919921875,-1.00951825484423,-2.07262803182342
53.2150268554688,-1.93044289923795,-3.53370576689592
53.40576171875,3.06423224562822,-3.9499693142651
53.5964965820313,-0.70185445765059,-2.28437652799098
53.7872314453125,0.627251796380816,-3.50506517855378
53.9779663085938,0.884647993440663,-3.97591493049922
54.168701171875,0.936008742070628,-1.67422651950162
54.3594360351563,-0.299576482765359,-2.28788487463807
54.5501708984375,2.25529924305495,-0.741972715501571
54.7409057617188,-0.752970877439742,-1.36381143942298
54.931640625,0.06254390138393,-3.6790675305875
55.1223754882813,-0.454380096881749,-0.309582121407557
55.3131103515625,-0.894282544294468,-1.40223958229334
55.5038452148438,2.47004692519818,-0.624116145640284
55.694580078125,1.88815863463433,-2.83455826288274
55.8853149414063,-0.834380522121285,-2.55651410660044
56.0760498046875,0.526262817513664,-3.74468421137066
56.2667846679688,1.84462347867034,-2.81279536398397
56.45751953125,-0.333394154150484,-0.604957486601166
56.6482543945313,0.525113942844265,-1.01787239738096
56.8389892578125,0.0327933349693653,-2.98847916091473
57.0297241210938,1.03114194202232,-1.43905126792285
57.220458984375,1.37025781165411,-1.47654739284111
57.4111938476563,-0.810285708296542,-1.08145298555188
57.6019287109375,-0.240808102976209,-1.82449717098104
57.7926635742188,0.5203527992482,-2.259297539191
57.9833984375,-0.905472684306778,-2.83517566033099
58.1741333007813,-1.14620154015354,-1.98869916535586
58.3648681640625,-2.79724624978722,-3.36176054910689
58.5556030273438,-1.28975707869394,-1.09332820286063
58.746337890625,0.392423072342245,-3.08795214026167
58.9370727539063,2.54551525066265,-3.08930337293085
59.1278076171875,-1.61125230104966,-2.20347494341589
59.3185424804688,1.9062509788189,-2.531131554901
59.50927734375,0.934349223191978,-2.43924638253752
59.7000122070313,1.39279097244869,-0.319835042445035
59.8907470703125,0.0829461165571016,-1.40733732844525
60.0814819335938,-1.14815450462631,-1.04140317804636
60.272216796875,0.173603695873178,-3.01829011970545
60.4629516601563,-0.833670077939161,0.573988065871985
60.6536865234375,0.743943611072132,-3.08354774144543
60.8444213867188,-0.0820164943926966,-1.5208424626458
61.03515625,-0.137293687125856,-3.0699555122788
61.2258911132813,1.73859032139125,-3.3359443767477
61.4166259765625,0.332785407819681,-0.779892991464004
61.6073608398438,-0.0605966594918057,-2.67845081731236
61.798095703125,-0.544573580079837,-3.04912527987917
61.9888305664063,0.274012432595891,-2.64458705850604
62.1795654296875,-0.476631321615037,-2.18254012090351
62.3703002929688,0.415083667579565,-1.20494875127521
62.56103515625,1.43832422261891,-3.42253996038423
62.7517700195313,2.76561283596885,-0.800216487117615
62.9425048828125,-1.23275785705046,-2.73970084476761
63.1332397460938,1.87973663248817,-3.48285629772019
63.323974609375,-0.127175411055157,-3.50777087596622
63.5147094726563,1.45689050399976,-2.77359605084552
63.7054443359375,1.65119708493165,-1.5260549130106
63.8961791992188,0.554564846105451,-1.64044239820922
64.0869140625,-0.0675685432159504,-2.4753680139419
64.2776489257813,1.77774547527406,-1.99630273724173
64.4683837890625,2.62744538590509,-2.09552157969506
64.6591186523438,0.959751979277294,-1.32777955692811
64.849853515625,-0.511020963802821,0.0378405617615493
65.0405883789063,0.166607072201898,-0.160402016968065
65.2313232421875,0.0537773975849097,-1.55459393475735
65.4220581054688,-0.994769353680052,-0.83618839329526
65.61279296875,-0.729499259218799,1.09374912758442
65.8035278320313,-1.42710481661281,-2.35704583454256
65.9942626953125,-0.146745811531132,1.07354168610468
66.1849975585938,0.180149635059994,-1.8429078104748
66.375732421875,-0.62929913634971,-1.10777257233294
66.5664672851563,1.042467432344,-0.192886832064545
66.7572021484375,0.447986151879707,-0.784366010158073
66.9479370117188,0.350858240680304,-2.15802006038304
67.138671875,1.6817122275634,-3.49993126873657
67.3294067382813,0.884950412808121,-1.96359157744461
67.5201416015625,-1.35368311999232,-4.1626888587199
67.7108764648438,-0.569546421420031,-2.91702760910584
67.901611328125,0.929948300716753,-2.27518196879501
68.0923461914063,-0.842155010293767,-1.97214628375783
68.2830810546875,2.22697875440568,-1.62282398819684
68.4738159179688,1.06660596679883,-0.163168137823207
68.66455078125,0.442675247528931,-1.55762900985762
68.8552856445313,0.408514919512415,-2.60081109927026
69.0460205078125,-0.659979023106404,-0.967232205835094
69.2367553710938,0.76909018379763,-2.32253138394902
69.427490234375,-0.175537590656378,-1.67267863645925
69.6182250976563,-1.27170836138978,-2.38585782731697
69.8089599609375,1.51593480202167,-4.3368002992468
69.9996948242188,-0.187061063385622,-0.308325963617569
70.1904296875,-0.689459872982052,-2.54325221754256
70.3811645507813,0.536748293080499,-2.9465166567727
70.5718994140625,-0.720949589548078,-2.61228371771868
70.7626342773438,0.691986786806968,-1.51297949852763
70.953369140625,0.421774232993805,-2.91369486124178
71.1441040039063,-1.20178022337921,-2.17847304907153
71.3348388671875,-1.13605585458233,-2.64914784327155
71.5255737304688,0.398119258333886,-3.07657986528452
71.71630859375,-0.138174653616272,-1.436797558918
71.9070434570313,-0.857640063240111,-2.28377006894919
72.0977783203125,1.92001608047276,-2.88210681976072
72.2885131835938,1.22293330615914,0.388197514901288
72.479248046875,-1.11006456195606,-0.662934106651407
72.6699829101563,1.1144470372291,-1.37354745837843
72.8607177734375,0.905167423635526,-2.48891534873933
73.0514526367188,-0.220927755510711,-1.5112944244062
73.2421875,-0.38096927542788,-2.02784260272883
73.4329223632813,0.701640686380938,-2.05378746799204
73.6236572265625,0.313888865042434,-2.17682443736591
73.8143920898438,-0.479860310836594,-3.06941728933944
74.005126953125,-0.344711897526026,-2.74215889916409
74.1958618164063,0.186529199662029,-1.66878282753981
74.3865966796875,-0.186944540103387,-2.33424127192208
74.5773315429688,0.599930951223172,-0.97004606545819
74.76806640625,1.74405995605721,-1.2118471198894
74.9588012695313,-0.0246819874214103,-2.03384823809048
75.1495361328125,1.90437502240758,-2.55226488433971
75.3402709960938,-0.504411492585198,-1.62054636460382
75.531005859375,2.04360420584333,-2.54085688013457
75.7217407226563,1.80102602634093,-1.95348597449673
75.9124755859375,1.19517324396017,-1.44088558566251
76.1032104492188,0.0731909003949095,-0.872036650668974
76.2939453125,0.629882363109085,-1.41125471681365
76.4846801757813,0.01301730016148,-4.13145062728983
76.6754150390625,0.422577724066588,-1.11016450755508
76.8661499023438,1.44227909411226,-0.377811643597227
77.056884765625,-0.8684958308191,-2.93353065621021
77.2476196289063,-0.344693951273651,-2.70702410792115
77.4383544921875,0.313557479622016,-2.34523087878044
77.6290893554688,-0.218556823933153,-2.19334257542832
77.81982421875,-2.11554981990622,-3.15604749692771
78.0105590820313,2.71517764756405,-2.26655588491809
78.2012939453125,-2.15634330310056,-0.890756614601413
78.3920288085938,0.574420488925764,-1.42402827597702
78.582763671875,-0.196309875706543,-0.949348184173437
78.7734985351563,-0.631510796124831,-1.56702582991427
78.9642333984375,0.843809434049693,-1.27138414257388
79.1549682617188,-1.42078686558493,-1.15529936161563
79.345703125,0.675030783891683,-2.0883832749983
79.5364379882813,1.36897398393243,-1.0798711562829
79.7271728515625,0.68844252733416,-1.89942107643283
79.9179077148438,1.48460762678561,0.0879426646710406
80.108642578125,-0.386116958852442,-2.30384785809064
80.2993774414063,0.887337553806915,-3.09540108846971
80.4901123046875,0.552816234033542,-1.57408600389948
80.6808471679688,-0.0466609613635242,-2.87551268919356
80.87158203125,-0.0132038940526198,-3.36226642441082
81.0623168945313,1.55703962803238,-0.539818023000181
81.2530517578125,-0.935879886529894,-1.25873334931134
81.4437866210938,0.032177030073549,-1.65632802228857
81.634521484375,0.298792989875711,-0.542701105517039
81.8252563476563,-0.973853239932529,-1.65787090208539
82.0159912109375,-0.402994281941637,-2.17825358990416
82.2067260742188,-1.87610432408165,-1.44443624117278
82.3974609375,-1.32758109174468,-2.5556948999228
82.5881958007813,-0.00185377677239367,-0.963869960666441
82.7789306640625,0.0465168011694569,-2.20399354677971
82.9696655273438,0.791567981541988,-0.626563189361612
83.160400390625,1.12908040525652,-1.69013416163528
83.3511352539063,-0.532139459635538,-1.47408159815819
83.5418701171875,-0.394061379715628,-0.597677978411425
83.7326049804688,-0.123179049968087,-1.64009533351786
83.92333984375,1.05634613816824,-0.604681784052113
84.1140747070313,0.82764245236979,-2.19118659112055
84.3048095703125,-1.91446522583482,0.0702244388670599
84.4955444335938,-0.886793790993364,-1.54843010469748
84.686279296875,0.842903130038269,-0.021537347519113
84.8770141601563,1.5048085027049,0.299842186335051
85.0677490234375,0.37443960587839,-1.01982425145069
85.2584838867188,0.439569149205926,-2.36983102537348
85.44921875,-0.758560353497158,-0.991859488503948
85.6399536132813,-0.461510169895611,-0.966140209774932
85.8306884765625,0.143595904888269,-0.869804592527978
86.0214233398438,1.96225224292903,-1.6709140575336
86.212158203125,-0.761909372372435,-3.45266557754905
86.4028930664063,-0.821024732883811,-1.47207664290425
86.5936279296875,2.07260264146744,-1.48204892272098
86.7843627929688,-0.150611669981013,-1.78288609546665
86.97509765625,-0.781262447266419,-1.7735515405575
87.1658325195313,0.172464816131781,-0.394650732773413
87.3565673828125,0.736892704293297,-1.17344768791651
87.5473022460938,0.714511983272417,-2.12518091515996
87.738037109375,1.31484735392962,0.364001755634227
87.9287719726563,0.149168962327079,0.134450679221403
88.1195068359375,-1.32386862905384,-1.2467229950662
88.3102416992188,0.686592934280459,-1.07222297411937
88.5009765625,1.22053808940773,-1.28548011722702
88.6917114257813,0.635844379463838,-0.799279839521698
88.8824462890625,-0.55417144307287,-2.66326371386112
89.0731811523438,1.03212060116814,-1.48156032156319
89.263916015625,-0.843983020819349,-0.816914204165591
89.4546508789063,-0.366328551667493,-0.272202081666943
89.6453857421875,1.5986935777379,-2.36286744606896
89.8361206054688,2.40474209871453,-0.380437936238761
90.02685546875,1.86068325619284,-0.930556579584109
90.2175903320313,0.480280126207803,-2.01516770463113
90.4083251953125,1.21890780102203,0.188365006791876
90.5990600585938,0.732591248324388,-2.50575963638081
90.789794921875,-0.664829238497212,-0.724566388498013
90.9805297851563,1.74662688954552,-1.21343492647947
91.1712646484375,-0.315471458433095,-1.1141785571438
91.3619995117188,-1.39448693957785,-0.847817940428725
91.552734375,1.10618214126078,-1.51210861588677
91.7434692382813,0.665130762155187,-1.10223079068988
91.9342041015625,-0.359125623586475,-1.3098562988776
92.1249389648438,-0.680734678862518,-2.21227603316884
92.315673828125,-1.36808795026655,-0.385248916811607
92.5064086914063,-0.44313264161615,-0.261530375601504
92.6971435546875,2.18502682046064,-1.12623160281121
92.8878784179688,0.675731938248947,-1.92048752158607
93.07861328125,0.130821363124891,-0.867316134849482
93.2693481445313,0.307628199445182,-2.05279572538878
93.4600830078125,1.19111842437792,-2.00514443962524
93.6508178710938,0.371993185621414,-1.65050620555633
93.841552734375,0.0616908594564283,0.511262257147625
94.0322875976563,0.317839999476279,-1.56324166576525
94.2230224609375,1.35334928834454,-1.72213188341431
94.4137573242188,-2.34096221862432,-1.12098254872857
94.6044921875,-0.929977728264518,-2.22960093103164
94.7952270507813,-0.573287369207215,-0.421540305163024
94.9859619140625,-1.55510157944709,-0.5641358081061
95.1766967773438,0.367756576956583,-0.165703904186207
95.367431640625,0.207237938442237,-0.965425257265028
95.5581665039063,-0.1088435560637,-0.0372057349860555
95.7489013671875,-0.146214171854922,-1.14235718960017
95.9396362304688,-0.36468342909083,-0.641654305431897
96.13037109375,1.01949334135142,-2.71102621465896
96.3211059570313,1.22686782508565,-1.10808192725054
96.5118408203125,0.19314889432596,-1.7419319876026
96.7025756835938,0.465409544790595,-0.900346573456197
96.893310546875,2.40131254665107,0.459287998706825
97.0840454101563,-0.761216715094503,-2.63278477434244
97.2747802734375,-0.387761461861102,0.953053963094599
97.4655151367188,1.20481763689968,-1.52824074469732
97.65625,0.568880354741828,-0.69857519776891
97.8469848632813,0.389500464965366,-0.780995931551022
98.0377197265625,-1.21451231481612,-3.57188215369974
98.2284545898438,-0.00953160799703981,0.211157052627345
98.419189453125,0.0108466719665977,-2.65686642894989
98.6099243164063,-0.55444365880799,-0.928412933565381
98.8006591796875,0.952954262402758,-1.6466678083883
98.9913940429688,-1.68862653080979,-0.372354085246576
99.18212890625,1.21189286051484,-1.86335763343864
99.3728637695313,-0.398580991453457,-1.41560261874962
99.5635986328125,1.00310662572147,-1.18606766954867
99.7543334960938,0.280736299796379,-0.136733088707159
99.945068359375,-0.116309591842548,0.107449513287074
