Fre(kHz),Re,Im
-99.945068359375,1.92770766057403,1.27808633530774,ZeroPoint:Tj,21,10
-99.7543334960938,-0.0662649417301353,2.20469756869162,Const.;stime,3.42433528,6.4E-07
-99.5635986328125,1.83802997699085,0.960390880422496,Fre.Range:Tau,-100:100,1.5E-05
-99.3728637695313,-0.368680729871926,2.10425665930406,FFTSize:DataSize:Firstpul,8192:8192,6E-07
-99.18212890625,-0.560714567763779,1.60694203861985,110kfidF6666,Freq.=141430000
-98.9913940429688,0.973993381371319,2.48044110414806
-98.8006591796875,0.356558311935882,1.49850813504584
-98.6099243164063,-0.865651411504965,1.06995383714825
-98.419189453125,0.684874884308365,2.25356245939077
-98.2284545898438,1.35232326449746,0.755729783797772
-98.0377197265625,1.73196668241487,0.879167399838136
-97.8469848632813,0.637148326096795,1.45983524242242
-97.65625,1.4738322732057,1.99434897902232
-97.4655151367188,0.855331956468498,2.46307968681656
-97.2747802734375,2.16143734090848,1.6666463523315
-97.0840454101563,1.33966407096513,1.99145749523317
-96.893310546875,1.36851668002499,1.47975360710954
-96.7025756835938,0.356976956639135,2.04247368771648
-96.5118408203125,1.3725244705245,2.31341441839721
-96.3211059570313,1.20925459971126,2.00244024571239
-96.13037109375,0.65512300039366,0.874966722952139
-95.9396362304688,0.828810524203977,3.02528784492099
-95.7489013671875,0.600429131954674,2.59611171007304
-95.5581665039063,1.43415738195673,2.80710782568072
-95.367431640625,2.26498696219655,2.87629019106767
-95.1766967773438,1.54097472987079,2.68297190218346
-94.9859619140625,1.1523872513274,1.4564219785272
-94.7952270507813,0.0105560787895644,2.78629411403324
-94.6044921875,0.582199187282713,0.655136277343623
-94.4137573242188,1.24060241457627,1.13880302525601
-94.2230224609375,0.757050433176284,2.76575881735708
-94.0322875976563,0.0962456954286532,2.39793235192777
-93.841552734375,1.09781121963038,1.5766740131291
-93.6508178710938,0.518650060985992,1.1265176260345
-93.4600830078125,2.11084770512281,3.11740163774042
-93.2693481445313,-0.833638075955545,1.03499172994856
-93.07861328125,1.22068334348342,1.64611807348131
-92.8878784179688,0.854623840051149,1.65399097621859
-92.6971435546875,0.169613328511286,1.31160729209547
-92.5064086914063,0.485851180572973,1.86000519716679
-92.315673828125,0.909346327446083,-0.454626597275517
-92.1249389648438,0.0725651603789735,2.53484806936267
-91.9342041015625,-0.196226659908186,1.81560291914034
-91.7434692382813,0.443334521918082,2.61498982308953
-91.552734375,2.80618080120693,1.67219541180836
-91.3619995117188,1.62112913410823,0.945567055633844
-91.1712646484375,0.182208069287161,0.0766009776611862
-90.9805297851563,0.558717972353219,0.98850615586709
-90.789794921875,0.995020466536852,0.108314089795391
-90.5990600585938,1.11552495747061,2.89043067536816
-90.4083251953125,0.390967853611968,1.0739463955618
-90.2175903320313,1.23180797368406,1.58694848291084
-90.02685546875,1.81425081831271,1.33097952729308
-89.8361206054688,0.391751438198262,1.47051131599804
-89.6453857421875,0.486692319615071,1.66843235269385
-89.4546508789063,0.664755253020471,1.57761567432626
-89.263916015625,1.12260671818764,1.76782497870863
-89.0731811523438,1.20060786894958,2.13589655164405
-88.8824462890625,0.0947103678458121,1.7415325258458
-88.6917114257813,1.00575450046938,1.37626712715791
-88.5009765625,0.137078961051511,1.94413467363049
-88.3102416992188,-0.412714340857726,1.17159080596924
-88.1195068359375,-0.0298572527180503,2.49572069983291
-87.9287719726563,1.34285409735186,0.879653656345264
-87.738037109375,0.535810533978563,1.31517351429308
-87.5473022460938,1.5686792066708,1.48790750035581
-87.3565673828125,1.11826269196429,1.41894088478845
-87.1658325195313,0.895560101948494,2.50985427708563
-86.97509765625,0.345318227103913,1.48441690625476
-86.7843627929688,1.33332928235582,2.0458480332803
-86.5936279296875,1.21957026535723,2.16552148789077
-86.4028930664063,0.32059762879901,1.42186209357501
-86.212158203125,0.274684830972096,1.6880694789897
-86.0214233398438,0.0653883940998554,2.08351878883694
-85.8306884765625,1.07448110051387,3.48060952514231
-85.6399536132813,0.784776537607304,3.19869683950859
-85.44921875,1.34069779353372,1.2123702656936
-85.2584838867188,-0.457795689610905,1.85442252180086
-85.0677490234375,1.27057241559715,1.72868614449867
-84.8770141601563,0.626300904869438,1.61560595762852
-84.686279296875,0.976082200317985,2.16373985929223
-84.4955444335938,0.252122573708365,1.45061781893838
-84.3048095703125,2.57142969009368,1.41811563548601
-84.1140747070313,0.211485403403481,2.71887936675993
-83.92333984375,-0.136175005651197,1.34692104230105
-83.7326049804688,-0.770223755287344,1.72842392928483
-83.5418701171875,0.689325535332509,1.82100520072459
-83.3511352539063,-0.0230901068780034,0.811080082132572
-83.160400390625,1.73527041782671,1.07887450345556
-82.9696655273438,1.56783949517737,-0.117883517470876
-82.7789306640625,0.525668590883006,2.69979963953796
-82.5881958007813,1.39375570407199,1.48520050830685
-82.3974609375,1.32639452648553,2.48709784982374
-82.2067260742188,0.790505293112244,1.82841017804477
-82.0159912109375,1.55325861447664,2.19862304914606
-81.8252563476563,1.21047481330352,2.05869741285322
-81.634521484375,1.96708011232482,2.91814604190077
-81.4437866210938,0.5416791589942,1.29418432376816
-81.2530517578125,0.124932305558478,1.7280323768693
-81.0623168945313,-0.0802156526617101,1.28978025971312
-80.87158203125,0.956802558211833,1.98146316872087
-80.6808471679688,1.62460046905826,1.21733229740528
-80.4901123046875,0.544167712337289,2.24943373997457
-80.2993774414063,1.06535837705076,2.40701939001905
-80.108642578125,-0.237092682191867,0.619256808087331
-79.9179077148438,0.952581566799561,2.20977716677262
-79.7271728515625,1.14250651749487,2.05339379952928
-79.5364379882813,1.93798899219475,1.33723803331753
-79.345703125,1.22192311054051,2.64198922045984
-79.1549682617188,0.988947527381636,2.69373673752876
-78.9642333984375,0.942998252346437,2.78328877011006
-78.7734985351563,0.243512711697254,2.21610862119315
-78.582763671875,-0.194903980645805,3.59533845074965
-78.3920288085938,0.723567649569101,2.0190026370298
-78.2012939453125,-0.644260562803473,2.68198405309624
-78.0105590820313,-0.191992546877619,1.82456935925341
-77.81982421875,1.4564005716414,2.02542487471141
-77.6290893554688,1.92704767547879,2.4389255888449
-77.4383544921875,0.734351850805819,1.35189385262387
-77.2476196289063,0.302697318571851,2.84948759714871
-77.056884765625,2.00310970320448,1.08863637486004
-76.8661499023438,0.454842148957969,1.82050251062074
-76.6754150390625,0.550988058652085,1.44221683039718
-76.4846801757813,0.984318990841052,2.63516882577751
-76.2939453125,1.72355783648399,2.04970151168051
-76.1032104492188,2.69702456093414,1.55881304563878
-75.9124755859375,0.345892929137927,1.11134974535009
-75.7217407226563,1.09230934977672,2.58451635423608
-75.531005859375,-0.00865836772289491,2.83215096451011
-75.3402709960938,1.87778972873765,2.50216246559141
-75.1495361328125,1.90157301452113,2.99439037596511
-74.9588012695313,1.12372954684495,3.84326121260604
-74.76806640625,1.21650911980992,2.52125805117464
-74.5773315429688,0.462689146631906,1.94931566353788
-74.3865966796875,0.619392586876205,2.16495706397958
-74.1958618164063,1.39695111598694,2.02747467844914
-74.005126953125,0.497339194428672,1.14962947098376
-73.8143920898438,0.355917515945284,2.16994109484459
-73.6236572265625,0.0372697063555416,2.41184565773321
-73.4329223632813,0.416732927335118,0.925273479636444
-73.2421875,2.0474135318708,2.54504038117469
-73.0514526367188,0.908335769009341,0.984702270857372
-72.8607177734375,0.247927688956856,1.85525181825698
-72.6699829101563,0.748920835020592,1.63380129430187
-72.479248046875,0.618148875532676,2.16617074311412
-72.2885131835938,1.35161205823593,1.1279194900276
-72.0977783203125,0.812630270622221,1.48371008589767
-71.9070434570313,1.46652818530345,1.55000005782938
-71.71630859375,1.64771525518873,1.92966840322499
-71.5255737304688,-1.41641574701198,2.44520850767305
-71.3348388671875,0.169128721014203,2.54928393817322
-71.1441040039063,0.404767664755339,2.39394744005855
-70.953369140625,1.61271825095205,2.36434276148793
-70.7626342773438,1.71075931730207,2.7725241299249
-70.5718994140625,1.32755978384967,1.65186888963038
-70.3811645507813,1.30507461221066,1.81990426473824
-70.1904296875,1.22570985519776,2.75195846648987
-69.9996948242188,-0.246206285865364,1.86234852321957
-69.8089599609375,1.3562482636686,2.96859133618482
-69.6182250976563,0.511590646906748,2.93739194725633
-69.427490234375,1.22959454892404,1.77872902429714
-69.2367553710938,1.79307221425743,2.24886664381054
-69.0460205078125,1.96042088410614,2.71793646730172
-68.8552856445313,2.80494507383797,1.55794873368432
-68.66455078125,1.47896771804378,2.36722901125692
-68.4738159179688,0.606513666348256,0.934168583251301
-68.2830810546875,0.298601803698045,2.13725164212538
-68.0923461914063,1.44945112412207,2.02655203074687
-67.901611328125,0.868357529277607,2.87692046328432
-67.7108764648438,1.81611684042386,1.37938102878896
-67.5201416015625,0.995774490706806,2.92087047627609
-67.3294067382813,0.795610560759384,4.11815951932475
-67.138671875,-0.551249100527776,1.8912838516855
-66.9479370117188,1.07395717615031,2.64589940574427
-66.7572021484375,1.6310846264797,1.79835966339562
-66.5664672851563,0.420334463956016,1.9895670216927
-66.375732421875,0.88655189510863,2.62750468310624
-66.1849975585938,0.82663719155873,1.56401298387436
-65.9942626953125,1.62828641063061,1.68660796218238
-65.8035278320313,0.883829404257793,2.20314363887933
-65.61279296875,1.20426742352281,2.46849776651184
-65.4220581054688,0.783111537500618,1.52927739747658
-65.2313232421875,2.21331446318019,2.96733474197403
-65.0405883789063,0.314372374637249,3.18133204104488
-64.849853515625,1.48112332749501,0.817052428257551
-64.6591186523438,-0.633418709793878,3.20504800308072
-64.4683837890625,1.75931142756761,1.25276073500821
-64.2776489257813,1.30554575663076,2.94722622441029
-64.0869140625,1.73743742238062,2.38924698794948
-63.8961791992188,0.525003331547319,2.81846113540509
-63.7054443359375,1.22615030914008,2.22602212246372
-63.5147094726563,0.488072870548147,2.21721041551637
-63.323974609375,1.35889413339919,2.19643511439397
-63.1332397460938,2.3273170846421,1.30255948914412
-62.9425048828125,0.192410875047705,2.26825982283003
-62.7517700195313,1.95024583199502,1.3147887573718
-62.56103515625,1.11483785213828,1.94219350371208
-62.3703002929688,1.11629473150142,2.29932034105528
-62.1795654296875,1.63336039518698,3.11795742048866
-61.9888305664063,1.41725536552002,2.40044225468741
-61.798095703125,1.17014259153773,2.80635558986562
-61.6073608398438,0.854865449152932,2.35405001559755
-61.4166259765625,1.07867693398297,2.58263005742737
-61.2258911132813,0.876201478047217,1.53068245324956
-61.03515625,-1.30165945604838,3.45723790898003
-60.8444213867188,1.99967828074034,2.74639295646406
-60.6536865234375,1.21348859484744,2.94911336579942
-60.4629516601563,0.958979096194144,1.94456477215822
-60.272216796875,1.1566099462926,2.19063851702807
-60.0814819335938,0.739763835701471,2.56261518750465
-59.8907470703125,1.98034414572152,3.22419357863702
-59.7000122070313,1.10442689265482,3.65843205086232
-59.50927734375,1.84978230270473,3.16143726952757
-59.3185424804688,0.581738606482461,2.1351130257187
-59.1278076171875,1.1157154615799,2.78736433063041
-58.9370727539063,0.126211576022861,3.25727627734137
-58.746337890625,0.60597879431368,3.121934001182
-58.5556030273438,0.825501245993132,1.88605874460695
-58.3648681640625,0.246316987049277,2.03143693909908
-58.1741333007813,0.0196148315377083,1.84017336938032
-57.9833984375,0.967849700994978,2.67959796188085
-57.7926635742188,0.815905753031259,1.37853822952819
-57.6019287109375,1.29639868381518,2.83140441099016
-57.4111938476563,1.00670401578635,3.73000038930143
-57.220458984375,1.77733313602781,2.70091793548535
-57.0297241210938,1.15940878612244,3.52791078073021
-56.8389892578125,1.19060638231579,2.28620989136586
-56.6482543945313,2.1900858980577,3.92255875544399
-56.45751953125,0.854556014737438,2.94786423037367
-56.2667846679688,1.88310117775882,2.23482612593404
-56.0760498046875,2.08011251775514,2.83119554047686
-55.8853149414063,0.456883701252813,3.58531665169631
-55.694580078125,1.22560912809313,2.00106445763486
-55.5038452148438,1.50470039268901,2.96408210717215
-55.3131103515625,-0.42633323927625,2.65578631062098
-55.1223754882813,-0.0715431345346943,2.40544730023813
-54.931640625,0.921005414166305,2.50616976544628
-54.7409057617188,1.31601106826427,2.87729973044262
-54.5501708984375,1.43722551390374,1.75845249432378
-54.3594360351563,0.846730515357178,1.78683289919972
-54.168701171875,1.00734353623868,3.28515698168734
-53.9779663085938,1.39949762733428,3.00477708278863
-53.7872314453125,-0.188284791384928,2.3577864117836
-53.5964965820313,1.02542507328888,2.86566850519505
-53.40576171875,1.62659207919018,2.56567781601983
-53.2150268554688,1.84426634494177,2.15752281425343
-53.0242919921875,1.10117768383274,2.22949781620758
-52.8335571289063,1.08268637525254,2.161739427695
-52.642822265625,0.846618134877088,3.38996179041021
-52.4520874023438,0.713774937696729,3.58692427141209
-52.2613525390625,1.87573079123198,3.62467528359275
-52.0706176757813,1.40524736011293,2.84864597054482
-51.8798828125,1.13195048530777,2.14688260302957
-51.6891479492188,0.919708659091721,3.6140564994426
-51.4984130859375,2.05162197938815,2.21889779525385
-51.3076782226563,0.40085138880377,3.51562775014855
-51.116943359375,0.896601528629867,2.36576646934545
-50.9262084960938,1.90821186304856,2.92039592310998
-50.7354736328125,1.36708331874868,3.02420815176865
-50.5447387695313,3.04055802687229,2.87002946779332
-50.35400390625,1.84133331069958,3.90596925624001
-50.1632690429688,1.25729256103614,3.94849632372584
-49.9725341796875,1.87794946367456,2.61222202439936
-49.7817993164063,1.69499179149177,3.37708480036748
-49.591064453125,2.15576172422449,2.85471328181135
-49.4003295898438,1.38932736877839,3.98516686395109
-49.2095947265625,-0.111601890620298,3.4912669915655
-49.0188598632813,1.9014096078469,2.40035541880687
-48.828125,0.892479770361952,1.78561542081431
-48.6373901367188,1.19457606563079,3.9801289758517
-48.4466552734375,0.666417363069362,2.6872958943823
-48.2559204101563,-0.0956859532990775,2.64855110979553
-48.065185546875,1.21216526394873,3.54431774340116
-47.8744506835938,0.77265999829501,3.97071725184209
-47.6837158203125,0.20809304295224,4.21301383146974
-47.4929809570313,0.929981171008511,3.72591449905647
-47.30224609375,0.713462330172966,3.50635761471845
-47.1115112304688,1.14923223000414,2.70608656386853
-46.9207763671875,1.18793164928901,3.50836164459281
-46.7300415039063,0.824579397479832,3.08060183197462
-46.539306640625,2.12415726816406,3.92623746489075
-46.3485717773438,0.786006430679378,2.30834130502566
-46.1578369140625,2.31998933364136,2.79312533455816
-45.9671020507813,1.22278932026374,3.59141679703112
-45.7763671875,0.689548858202511,2.97425615868078
-45.5856323242188,2.33132869767091,4.17806725403608
-45.3948974609375,0.968418078986666,2.81935729264106
-45.2041625976563,2.48439757910363,3.44906848149345
-45.013427734375,0.760297523671741,2.50879336821715
-44.8226928710938,0.632646357521974,3.32308122941553
-44.6319580078125,2.3067406712754,3.6073179626338
-44.4412231445313,2.36016643199268,3.41596760403263
-44.25048828125,-0.0216333819819296,3.30647048902806
-44.0597534179688,0.159230679956976,3.68833329293667
-43.8690185546875,1.44371123554891,4.45379127376343
-43.6782836914063,0.284229421131006,3.88798007707667
-43.487548828125,2.51791768870293,3.34317255276921
-43.2968139648438,1.25786589459367,2.49923426487766
-43.1060791015625,1.3267892508232,3.09184248113227
-42.9153442382813,2.18531388241136,2.89011344283255
-42.724609375,0.528807958986458,4.03289974840548
-42.5338745117188,0.613047152469126,4.25065662723524
-42.3431396484375,2.12145009855984,3.83320732922631
-42.1524047851563,0.890886560621777,5.3842140001264
-41.961669921875,1.44085320097776,4.14766773244652
-41.7709350585938,1.27617196851122,4.9600221242597
-41.5802001953125,1.94337988304552,4.6378814892538
-41.3894653320313,0.733299475959234,4.25580281110929
-41.19873046875,0.793180105908681,4.81853830053552
-41.0079956054688,1.68621105550005,3.48032755315807
-40.8172607421875,1.19295817465148,2.25014632964422
-40.6265258789063,0.892954220093599,4.85727136377901
-40.435791015625,1.00489050975858,3.16114205726463
-40.2450561523438,1.22614527102705,3.87038744496633
-40.0543212890625,0.804321199298607,2.6988177906719
-39.8635864257813,1.45889182162878,3.69941431863015
-39.6728515625,1.56841711737737,4.06129443238913
-39.4821166992188,1.91309508941173,3.68792358168771
-39.2913818359375,0.714168983693563,3.81484163820582
-39.1006469726563,1.32593991237989,3.68653690636459
-38.909912109375,2.01457042141925,4.46852159293223
-38.7191772460938,0.299122141340507,4.82022185390553
-38.5284423828125,0.414347575685778,2.51156144392047
-38.3377075195313,0.312541990910763,3.70039774673662
-38.14697265625,1.98535787537906,2.72682641276506
-37.9562377929688,0.450118946426428,4.17979462397458
-37.7655029296875,1.65741459475052,4.66181570168534
-37.5747680664063,0.163268617706841,4.42972692129151
-37.384033203125,2.07378251399929,4.76700574807186
-37.1932983398438,0.166676007187628,4.50059684606394
-37.0025634765625,1.2306891630516,4.30194418265354
-36.8118286132813,1.24599192559616,4.60157046672872
-36.62109375,2.47177661745118,4.07850013101236
-36.4303588867188,0.602594310814227,5.86546772202129
-36.2396240234375,0.521136341949241,4.04921821041116
-36.0488891601563,1.45116990115794,4.4050938123356
-35.858154296875,2.09424874213423,4.96474867542761
-35.6674194335938,2.31561825681606,5.26605400665664
-35.4766845703125,0.385622413126526,4.07934636453676
-35.2859497070313,2.59091906424627,5.77807015283668
-35.09521484375,2.42521153012071,6.16046211815187
-34.9044799804688,1.68052791222569,5.33876139291085
-34.7137451171875,1.53669448612144,3.60882262860937
-34.5230102539063,2.60816947062427,4.63384846607363
-34.332275390625,2.56914328257281,5.0503491280729
-34.1415405273438,1.93430426033947,5.3663740935745
-33.9508056640625,1.48412470529939,5.90545753715625
-33.7600708007813,3.66811326574733,4.77079804484455
-33.5693359375,2.99466885239159,4.58942564238367
-33.3786010742188,2.57081154793354,6.92551334949705
-33.1878662109375,1.65387555994706,5.40745415049148
-32.9971313476563,1.74163354462015,5.6726747008392
-32.806396484375,2.43936465756719,4.27769835893187
-32.6156616210938,0.694976269063855,6.15178430982141
-32.4249267578125,1.65936908752424,4.94930122038042
-32.2341918945313,2.34466609758456,4.92063456559807
-32.04345703125,1.389857925523,5.64910717894091
-31.8527221679688,0.919407705138919,3.54655588828327
-31.6619873046875,2.53341881411378,5.48476807113438
-31.4712524414063,0.999674349115728,4.67566609017361
-31.280517578125,2.47011230866109,6.31645152530212
-31.0897827148438,1.95358727268119,5.67867449315475
-30.8990478515625,2.09099990565393,6.51381557265378
-30.7083129882813,2.17524606146434,5.73181862364087
-30.517578125,0.414369916290587,5.75996105608335
-30.3268432617188,0.789923348999178,5.83280523676186
-30.1361083984375,0.857065250757018,5.9017708979326
-29.9453735351563,2.48974987241094,5.91394892462875
-29.754638671875,2.51857515956912,6.04325231625294
-29.5639038085938,1.11561806050725,5.57789123569181
-29.3731689453125,2.0424426512768,6.67832916122876
-29.1824340820313,1.68217370077653,6.43458346790774
-28.99169921875,1.35634457414223,5.49908654343239
-28.8009643554688,1.02182654997026,6.36196421217161
-28.6102294921875,1.62070081514009,4.75562429059406
-28.4194946289063,2.03912685515187,6.32898869807993
-28.228759765625,0.810840345733675,5.77196863050293
-28.0380249023438,2.08169388836068,7.67358891566532
-27.8472900390625,0.516158637777976,7.74213652576229
-27.6565551757813,0.888886436336537,6.94365694581623
-27.4658203125,2.06179083084649,7.62986810204966
-27.2750854492188,2.17536265019218,7.10526459657302
-27.0843505859375,2.18662417172768,5.6560925020851
-26.8936157226563,2.51097394920384,6.72214984838715
-26.702880859375,2.43847317552023,8.53911965832059
-26.5121459960938,2.13887224104966,8.51390245341105
-26.3214111328125,1.61592045152843,8.16966907400278
-26.1306762695313,0.755963420119156,8.78544859207757
-25.93994140625,0.238988075862126,8.20185990071838
-25.7492065429688,0.70831034096024,7.08670825371679
-25.5584716796875,0.571275841271888,7.60845006745368
-25.3677368164063,1.50092756031577,9.0643314176454
-25.177001953125,1.79590047027937,8.60696949525257
-24.9862670898438,2.14436640066945,8.78536520856566
-24.7955322265625,1.30339118649222,9.59967958704465
-24.6047973632813,1.93279374663061,9.43258878641599
-24.4140625,1.96711201567839,10.399120427466
-24.2233276367188,2.28403797620996,10.8135507477781
-24.0325927734375,2.50243376180655,10.2220886900859
-23.8418579101563,0.91553050522182,11.3143648023648
-23.651123046875,3.39282336481157,10.8397831750974
-23.4603881835938,1.08981221771841,9.67897027279685
-23.2696533203125,1.28984664407239,9.78785787767044
-23.0789184570313,2.40851539069982,11.7829700712484
-22.88818359375,2.68775946687303,9.72478072639363
-22.6974487304688,1.81967750788985,12.4344529989664
-22.5067138671875,2.09398984682334,12.6320237714533
-22.3159790039063,2.57277233061742,12.6012614367603
-22.125244140625,2.31214359658988,12.894204156153
-21.9345092773438,2.45190483857977,13.4346382784152
-21.7437744140625,2.02745443417888,13.2664768330538
-21.5530395507813,2.66640303874164,12.9444397081552
-21.3623046875,4.13025265426083,12.9363673689949
-21.1715698242188,3.8484986496283,15.8763146172444
-20.9808349609375,3.90414994799656,14.0256559608151
-20.7901000976563,4.98015844450878,16.1628012356221
-20.599365234375,4.99944390224304,17.5568124376812
-20.4086303710938,6.69118653712275,17.1342801454196
-20.2178955078125,5.87863572169061,16.1497348348963
-20.0271606445313,6.76471875015322,17.1829775433187
-19.83642578125,7.4778260542513,18.7870458921339
-19.6456909179688,8.49648962473522,19.6641732181402
-19.4549560546875,9.10080992046158,20.0251720686066
-19.2642211914063,10.1886010579172,18.6034029828241
-19.073486328125,12.2339064393365,19.1335331053216
-18.8827514648438,11.1985958392816,19.052498741093
-18.6920166015625,13.1641116961068,20.0015349797111
-18.5012817382813,12.0091948805088,19.2666230597141
-18.310546875,13.2806860298883,19.6835759776281
-18.1198120117188,15.5821924567345,20.1161392136022
-17.9290771484375,16.019210649641,17.8108478420142
-17.7383422851563,16.6891250718042,17.5997708134424
-17.547607421875,17.9749620824714,18.0513778418177
-17.3568725585938,18.8156289225559,18.149409738539
-17.1661376953125,19.7648097382973,17.2598580735128
-16.9754028320313,20.5870634666084,18.1514639807729
-16.78466796875,21.509262489059,15.6788031982959
-16.5939331054688,22.6772018630198,16.4375071689719
-16.4031982421875,21.8723030418398,13.9265460101788
-16.2124633789063,24.1646482302252,14.5027246996764
-16.021728515625,24.8272176908569,13.387164088633
-15.8309936523438,25.7124620984251,13.5608410576968
-15.6402587890625,25.6200163079921,12.0159486482915
-15.4495239257813,25.7616570316916,11.0022112768149
-15.2587890625,26.68763504661,9.91105723490536
-15.0680541992188,25.9637468190367,9.41086361737802
-14.8773193359375,27.1113315354922,7.68569192477438
-14.6865844726563,27.2756489650371,7.9826472253689
-14.495849609375,29.172153096416,6.7336928206103
-14.3051147460938,27.508424559998,6.9285608047685
-14.1143798828125,27.5211121292318,5.76589162586921
-13.9236450195313,28.0070483912282,4.10417546550504
-13.73291015625,28.2811558519688,4.01857384064613
-13.5421752929688,28.4882545812771,1.61238855695998
-13.3514404296875,28.1111643558739,1.84537059456233
-13.1607055664063,28.3003808098539,2.07199562514493
-12.969970703125,28.294931540143,-0.680027766277345
-12.7792358398438,29.1993048820214,0.783683439943502
-12.5885009765625,28.313958515753,-0.89299196728268
-12.3977661132813,27.9259623392575,-2.24169861535476
-12.20703125,27.4867622822929,-2.62570187492085
-12.0162963867188,28.5438305066971,-2.94658994038864
-11.8255615234375,27.7664760731067,-4.30582016595945
-11.6348266601563,27.81616762576,-4.82309507761646
-11.444091796875,28.9727971271996,-5.30325226164417
-11.2533569335938,29.1199222088082,-4.93700597117219
-11.0626220703125,27.4276324659605,-5.98780226010312
-10.8718872070313,27.3739076137908,-6.06478690539383
-10.68115234375,27.8289969997897,-6.93115880220623
-10.4904174804688,26.7996375436099,-8.09367269551557
-10.2996826171875,25.4957789178588,-9.33212844081867
-10.1089477539063,26.3016446966375,-10.6182574685651
-9.918212890625,25.4893399796326,-10.7759159997194
-9.72747802734375,23.4806687931551,-11.9441540654806
-9.5367431640625,24.6235062495862,-12.3836117550265
-9.34600830078125,23.7900387733986,-12.6679351450392
-9.1552734375,23.5075707285998,-13.5366309785902
-8.96453857421875,23.7757704283633,-14.0745711408982
-8.7738037109375,22.3567459728125,-16.3220790266763
-8.58306884765625,21.2769152559689,-15.7889718361593
-8.392333984375,20.2837776439403,-16.4503362188247
-8.20159912109375,21.2109736565911,-17.6529142062689
-8.0108642578125,20.2825057374661,-16.8839364024942
-7.82012939453125,19.2668720853104,-18.2085399119194
-7.62939453125,18.4682586672195,-18.4705439699261
-7.43865966796875,17.5647277355907,-18.978839231308
-7.2479248046875,15.4833233312721,-19.3745376906517
-7.05718994140625,14.614186122675,-18.4178324679283
-6.866455078125,13.9082927980966,-18.9337813659943
-6.67572021484375,14.0369681821514,-18.9709024705695
-6.4849853515625,12.4173741341484,-18.7170759250781
-6.29425048828125,12.133392596504,-19.2835007075061
-6.103515625,11.5504557782793,-19.5969670337456
-5.91278076171875,9.75771993616071,-18.73477385325
-5.7220458984375,10.6367878206281,-19.7108252026341
-5.53131103515625,8.44986176107518,-18.2204252380085
-5.340576171875,9.05852121113762,-18.3673385865295
-5.14984130859375,6.0568232251161,-18.4509379829908
-4.9591064453125,6.92469956251227,-17.6264730664689
-4.76837158203125,6.29101193300553,-16.9264780047166
-4.57763671875,5.15105951411676,-16.0588028326857
-4.38690185546875,5.94794093344676,-15.5997492251524
-4.1961669921875,5.64811372322648,-16.5537436743419
-4.00543212890625,4.76498364997182,-16.7864984044724
-3.814697265625,3.90348629464609,-15.0866281495136
-3.62396240234375,3.59945879042934,-14.2675975269325
-3.4332275390625,3.15463633844562,-14.2925030272168
-3.24249267578125,3.67297368395352,-14.6135071611288
-3.0517578125,4.29393118492014,-14.0012057123167
-2.86102294921875,3.91677370215534,-14.5619447830213
-2.6702880859375,2.13073377845669,-13.6685637967238
-2.47955322265625,2.59451523284348,-12.0922332012553
-2.288818359375,3.1642535747864,-11.7485576717772
-2.09808349609375,2.80163233032235,-12.7309299804469
-1.9073486328125,2.06763563160691,-11.0062357515487
-1.71661376953125,2.85414766439065,-11.4052208793077
-1.52587890625,2.65141036864632,-12.3270683758814
-1.33514404296875,2.12230182268029,-11.3024158503665
-1.1444091796875,1.57420238358473,-11.7745044164832
-0.95367431640625,1.71977868375461,-10.8600966553306
-0.762939453125,1.99461436083978,-11.565060390406
-0.57220458984375,1.2187803546149,-9.81147632371515
-0.3814697265625,-0.138844655939516,-10.1806012449765
-0.19073486328125,2.12966834388524,-8.84309555649637
0,2.82379151488109,-9.99883659084493
0.19073486328125,1.71363364141181,-9.45467614007319
0.3814697265625,3.38739974675371,-9.52299012831713
0.57220458984375,1.89896811260942,-9.25966912626766
0.762939453125,2.37225142719795,-9.60891763988891
0.95367431640625,1.77564807692663,-7.81690091183703
1.1444091796875,1.76130162979365,-9.39803494538651
1.33514404296875,1.13245315103119,-7.92253681970191
1.52587890625,2.56899800078345,-8.05015568276117
1.71661376953125,1.29053910351309,-8.20050608372799
1.9073486328125,1.34759572959766,-8.09982072904311
2.09808349609375,1.01152739278852,-8.98867707965895
2.288818359375,1.47608563832249,-7.45136394246066
2.47955322265625,1.57798986945756,-8.54593973686596
2.6702880859375,2.4935590823439,-7.98400756431889
2.86102294921875,1.41134760194619,-7.7406330329258
3.0517578125,1.81268321949061,-7.28795937328597
3.24249267578125,1.49307783068479,-7.5363041598611
3.4332275390625,-0.170329302529883,-8.12169789983958
3.62396240234375,2.19908118255118,-7.11642271927024
3.814697265625,3.07133876859216,-7.65106436931229
4.00543212890625,0.000856173536884719,-7.21861095510251
4.1961669921875,1.05086053840406,-7.60047439757148
4.38690185546875,2.37951892645328,-7.84712635440039
4.57763671875,0.970271747240064,-7.04343885017149
4.76837158203125,0.861199544228399,-5.24316993643645
4.9591064453125,0.813357398999083,-6.70293412799175
5.14984130859375,1.44761543947485,-6.58080395665075
5.340576171875,1.48316435030642,-7.37805497022171
5.53131103515625,1.05833001723846,-6.87677488944345
5.7220458984375,1.75477697481952,-7.17141873487978
5.91278076171875,1.5727745932524,-6.41343351674746
6.103515625,0.00334025862191947,-7.58766198435438
6.29425048828125,1.19611734795513,-6.32753837701671
6.4849853515625,0.530428067346552,-6.03570121305247
6.67572021484375,1.39783920199596,-6.65734073405079
6.866455078125,2.31707338263567,-6.15823995950141
7.05718994140625,0.40699722311059,-6.97418763947812
7.2479248046875,1.61694316898405,-6.0056763121132
7.43865966796875,1.50842188699458,-7.46639099281708
7.62939453125,1.25060429690116,-6.28219692630873
7.82012939453125,1.08145680519582,-5.1917644490979
8.0108642578125,1.63633344329101,-6.10214575467047
8.20159912109375,1.02400393702495,-5.86997052056212
8.392333984375,0.964476247823424,-4.40335778291873
8.58306884765625,1.05294732941757,-6.04594208175992
8.7738037109375,0.610720353752291,-6.7258810874121
8.96453857421875,1.40750410981173,-4.27934200896864
9.1552734375,0.667724073085271,-5.95728925701025
9.34600830078125,0.698657019260416,-4.68530912551069
9.5367431640625,1.12178789637547,-5.88799950262418
9.72747802734375,1.9122925287707,-5.09730480632554
9.918212890625,1.05685364602161,-5.59056964840313
10.1089477539063,1.70793390787956,-5.95675393926915
10.2996826171875,1.44772156400268,-5.55830636997304
10.4904174804688,0.760670750119557,-6.14403088326972
10.68115234375,1.39276394629809,-5.96006286823445
10.8718872070313,1.91602506621856,-5.31345270168769
11.0626220703125,0.761170583568978,-5.49469301089089
11.2533569335938,0.319940914294293,-5.41183579121784
11.444091796875,0.701515813661496,-5.61248659133771
11.6348266601563,0.963406377944157,-4.79496967085306
11.8255615234375,1.25648432942338,-3.91635129999828
12.0162963867188,0.452042382742917,-5.67190403046377
12.20703125,2.07285631325047,-4.29313181798072
12.3977661132813,0.434706330504404,-5.1758642647404
12.5885009765625,1.1849491357764,-4.48204376746758
12.7792358398438,0.861958920043515,-4.93761340532168
12.969970703125,0.148687896545686,-4.91171445842998
13.1607055664063,0.777004029780498,-4.88354311860821
13.3514404296875,1.1377451121079,-5.6223619589752
13.5421752929688,0.380855617278797,-4.67174608461008
13.73291015625,1.09313995372519,-4.45421947586824
13.9236450195313,1.17399014751318,-5.59421070404952
14.1143798828125,1.66111856408216,-4.18353441330142
14.3051147460938,1.05229430616882,-4.6185019567646
14.495849609375,0.882904136931098,-5.26576088398256
14.6865844726563,1.59610091588599,-4.44145707952296
14.8773193359375,1.331842221964,-6.08331666381771
15.0680541992188,0.770629681762511,-4.56777048258816
15.2587890625,0.107282268087096,-4.56875963544116
15.4495239257813,0.478139953785503,-4.21940391945751
15.6402587890625,0.953107529955868,-5.61957221444485
15.8309936523438,1.1695123593595,-5.24152924430977
16.021728515625,0.38974402121721,-4.53826654846057
16.2124633789063,0.211556203551372,-4.95942853492932
16.4031982421875,1.73489759423008,-5.24838682166417
16.5939331054688,0.362847581232718,-4.55858087483978
16.78466796875,1.31174480110951,-4.43465822903612
16.9754028320313,1.28745265731901,-4.69969782948233
17.1661376953125,-0.118893399556875,-5.46866539132018
17.3568725585938,1.57658320370534,-4.84995900933118
17.547607421875,1.30027131829094,-3.73536136782697
17.7383422851563,0.934739945224597,-6.52845796641475
17.9290771484375,-0.00436146377298373,-3.45741997280637
18.1198120117188,1.42224218419642,-4.4599409905553
18.310546875,-0.00838816616183841,-4.08750524364306
18.5012817382813,-0.223972705512011,-5.52562840843687
18.6920166015625,1.35725895024642,-3.45918307870814
18.8827514648438,2.06179842881585,-4.10499473511765
19.073486328125,-0.0528188184737961,-3.7143015594556
19.2642211914063,0.0190447673861267,-4.52623322194733
19.4549560546875,1.89630458898074,-4.77257965324942
19.6456909179688,0.160094879703677,-4.73184925962569
19.83642578125,1.09469387898993,-2.87571292599175
20.0271606445313,-6.21094443604836E-05,-3.70018886740979
20.2178955078125,0.126003677954167,-3.93930522098631
20.4086303710938,-0.242225806665993,-4.94712477116706
20.599365234375,0.563484719469443,-2.82552227989834
20.7901000976563,0.926479728300198,-4.89355676311388
20.9808349609375,0.67649999168397,-3.42195590013659
21.1715698242188,0.540334459872477,-5.00288185583517
21.3623046875,0.604783414013342,-3.74577049966576
21.5530395507813,-0.277395426139619,-4.69434162356523
21.7437744140625,0.0248687101014302,-2.91093743055109
21.9345092773438,0.86305005973914,-3.17331294879574
22.125244140625,1.02428576270066,-4.5928205516701
22.3159790039063,2.62839522053989,-3.67405961701421
22.5067138671875,1.2415465857011,-3.07802120863529
22.6974487304688,0.878046952425911,-3.33741367419658
22.88818359375,0.0381851349278649,-3.42549629964893
23.0789184570313,0.818167360187444,-4.28343710887367
23.2696533203125,0.0554195003487038,-3.94317890460341
23.4603881835938,0.532904933736102,-4.87030303154424
23.651123046875,1.34729955693349,-2.92349974194977
23.8418579101563,1.04548358525401,-4.07235034639257
24.0325927734375,1.93781627378818,-3.47254873808345
24.2233276367188,0.255362443860993,-2.93340998430102
24.4140625,-0.0678003279290877,-4.25762675906819
24.6047973632813,0.766963701971817,-3.91503530098872
24.7955322265625,1.21745943862109,-2.9824177993807
24.9862670898438,1.12136272031177,-2.93473414922312
25.177001953125,1.25263172014845,-3.27977361679069
25.3677368164063,1.81997131335378,-3.59999024478553
25.5584716796875,2.07986528718771,-3.07710213070311
25.7492065429688,0.657901704997308,-3.57717688295407
25.93994140625,0.604162895663529,-3.64480394621185
26.1306762695313,0.645485352586337,-3.90070739416579
26.3214111328125,0.960219105253923,-3.49574869284391
26.5121459960938,0.0024168880152366,-2.73151782914069
26.702880859375,0.321054052876728,-3.75225989304545
26.8936157226563,0.80683187994241,-3.40804603155238
27.0843505859375,0.828331319653087,-2.53661209908063
27.2750854492188,-0.1337918185196,-4.4689430482789
27.4658203125,0.754525478662359,-3.41323792844949
27.6565551757813,-0.576434235890137,-3.6366733296042
27.8472900390625,0.263666550685489,-2.68315424112113
28.0380249023438,0.0433150994044823,-1.92116501350138
28.228759765625,1.02958759593657,-3.52077303358933
28.4194946289063,0.144710840628446,-3.18779798932139
28.6102294921875,-0.767135142785986,-3.81961417936034
28.8009643554688,0.745301633539788,-4.14123469407143
28.99169921875,0.380883553209056,-1.99603996670904
29.1824340820313,0.157681458558227,-4.01567993128025
29.3731689453125,-0.182020638425184,-3.36873711980148
29.5639038085938,0.474536170426982,-3.23510912692476
29.754638671875,0.00228823001434703,-2.7821533547476
29.9453735351563,-0.386851937024616,-2.70501103927349
30.1361083984375,1.19897468720503,-3.00539040761201
30.3268432617188,0.807579247861399,-3.89926491598205
30.517578125,1.43441021178054,-3.63576670469654
30.7083129882813,0.936081418521123,-4.61451499491828
30.8990478515625,1.08894713415674,-3.68821825583246
31.0897827148438,-0.342648934653137,-2.36956722807985
31.280517578125,0.0635276947764297,-4.18695120273888
31.4712524414063,-0.508852767792252,-3.9866446210271
31.6619873046875,0.667461596589187,-3.71615204619309
31.8527221679688,1.2284280578638,-3.7215603680507
32.04345703125,-0.5495254590978,-3.48639725368044
32.2341918945313,0.410859221411105,-2.93806213773245
32.4249267578125,0.346821840011256,-2.25062671637745
32.6156616210938,1.24621725746761,-2.41267679672012
32.806396484375,1.32614804208504,-2.64421137423343
32.9971313476563,1.52163535880508,-3.43153185459979
33.1878662109375,1.53035120891268,-3.06492372034047
33.3786010742188,1.64863510290033,-1.84799504043805
33.5693359375,1.36334348394975,-3.48656281488628
33.7600708007813,-0.121205039982925,-3.35005406788018
33.9508056640625,0.00133664216605932,-2.21053130226353
34.1415405273438,0.95079835863106,-2.77759525326876
34.332275390625,1.95354535194868,-2.37033449295124
34.5230102539063,0.498184853931219,-2.93844458252807
34.7137451171875,-0.497078004724492,-4.09574227423275
34.9044799804688,0.785606933002029,-2.84667644518798
35.09521484375,-0.326130173941094,-3.1523932447952
35.2859497070313,-0.451419606531443,-3.38867355890409
35.4766845703125,0.127194517551711,-2.57693699325468
35.6674194335938,0.862400096694227,-1.37486536266284
35.858154296875,0.87391959320032,-1.65565855111569
36.0488891601563,1.0351618622651,-2.79389330289778
36.2396240234375,0.760980194487821,-2.23603699285274
36.4303588867188,0.242672986594626,-2.80147661956876
36.62109375,-0.977988609855948,-1.06625423504198
36.8118286132813,0.260746168039988,-1.89181599073955
37.0025634765625,1.72682097385897,-2.74844262978209
37.1932983398438,0.499429667238043,-2.92176576676399
37.384033203125,0.626891110206222,-3.17298879794551
37.5747680664063,0.388295631371929,-4.71988780464696
37.7655029296875,-0.502919572720789,-3.78548396642152
37.9562377929688,0.872262169368274,-1.65269085393502
38.14697265625,-0.0852341193341623,-3.49244556260998
38.3377075195313,-0.23569003241792,-2.62423894836967
38.5284423828125,0.342627946210605,-4.02965119655832
38.7191772460938,1.71919064041055,-2.42982663651241
38.909912109375,-0.443869696189807,-1.04510769511213
39.1006469726563,0.413042279911953,-2.95885884041691
39.2913818359375,-0.463591683862629,-3.56065497043321
39.4821166992188,0.17885900084675,-2.65572193543261
39.6728515625,0.37933827460349,-2.54284255743474
39.8635864257813,0.0761032038509298,-2.58106147124249
40.0543212890625,0.485808143663829,-2.82627718851827
40.2450561523438,-0.302557185032483,-3.12236709529967
40.435791015625,0.866001408172147,-2.42885391956378
40.6265258789063,-0.309252252686705,-3.39070405017442
40.8172607421875,0.425712287562569,-3.15957998530555
41.0079956054688,0.357809789076655,-2.98144863134109
41.19873046875,-0.963009835332059,-2.97830821307382
41.3894653320313,0.400580371800507,-1.90862919842479
41.5802001953125,-0.943987023014335,-1.79854779201304
41.7709350585938,1.07389396767789,-2.83581225112338
41.961669921875,0.296294425198023,-2.45798981491686
42.1524047851563,-0.166863769666992,-2.79297560666896
42.3431396484375,-0.0603202348040846,-2.5742210267583
42.5338745117188,-0.608856433064032,-3.0275188465991
42.724609375,1.59852009576944,-2.81523008443924
42.9153442382813,1.58885224813654,-3.34512196520249
43.1060791015625,0.758309260707773,-3.1028550380303
43.2968139648438,0.70322323931742,-2.40583189680017
43.487548828125,0.247853815722493,-3.64900726851172
43.6782836914063,-0.476116488263688,-1.21583833216724
43.8690185546875,0.0686478551143453,-2.76619478074872
44.0597534179688,-0.327633077218438,-2.15097305747545
44.25048828125,-0.306720436888764,-1.24963259722002
44.4412231445313,0.192067690244602,-2.63684277420477
44.6319580078125,1.0861863501189,-3.00994044374023
44.8226928710938,-0.063168186402808,-1.05290813434719
45.013427734375,0.683218444852711,-2.56054671703551
45.2041625976563,0.0987099035506538,-1.57936817761695
45.3948974609375,-1.11878009703115,-2.97430826799852
45.5856323242188,0.42175465175716,-2.30756898561787
45.7763671875,0.750607897089509,-3.17625817475339
45.9671020507813,-1.070916238836,-3.2367843071282
46.1578369140625,0.673570366298179,-1.81292392414017
46.3485717773438,0.671306820831138,-3.05889854196931
46.539306640625,1.81264345441904,-1.75390051915567
46.7300415039063,0.758510743860795,-2.44846991138074
46.9207763671875,0.52627024210675,-2.71304442246865
47.1115112304688,0.279957649685116,-3.84995340149859
47.30224609375,-0.596729467137128,-2.46738089290795
47.4929809570313,0.930737598798723,-3.13694048363653
47.6837158203125,1.05881201392956,-2.01349546953083
47.8744506835938,0.628916375243823,-1.47471367671212
48.065185546875,-0.00491136377834885,-3.61559615628313
48.2559204101563,-0.382471500414499,-2.96158458277225
48.4466552734375,0.636930810435232,-1.46886725725572
48.6373901367188,-1.05976366269492,-2.17854523510949
48.828125,0.418284040683301,-3.44406020572983
49.0188598632813,0.317490148455196,-3.34891964263188
49.2095947265625,0.106257240414013,-2.89821439630658
49.4003295898438,-0.141921010750808,-2.76124583361125
49.591064453125,-0.0906557044424035,-2.39846764935542
49.7817993164063,1.05464912765614,-2.56668092409417
49.9725341796875,-0.252965693524672,-2.9133743730914
50.1632690429688,-0.123079589399341,-1.85172699871536
50.35400390625,0.443439431008092,-2.27675563563268
50.5447387695313,1.40369288531585,-2.63183746055641
50.7354736328125,1.47014838397462,-2.37255704037218
50.9262084960938,0.169856734712029,-2.28363703286289
51.116943359375,0.82381256836976,-1.38429474343971
51.3076782226563,-0.17987226605375,-3.26574112488843
51.4984130859375,-1.13293531342734,-0.362420992138069
51.6891479492188,0.00372881459519413,-2.52456089123046
51.8798828125,0.314087763843029,-2.43289811982432
52.0706176757813,0.740089515161453,-1.28409022528573
52.2613525390625,0.49252333277294,-2.27543878543297
52.4520874023438,0.836654769606559,-1.40239086579979
52.642822265625,0.295880150145367,-2.11323325435551
52.8335571289063,-0.617561543055137,-2.03462413351494
53.0242919921875,0.734571823208223,-1.66865893339189
53.2150268554688,0.494450902055986,-2.03251870803319
53.40576171875,0.0220606965926905,-2.44672317372722
53.5964965820313,0.300833553648712,-2.86014962042945
53.7872314453125,-0.0782206521606476,-1.27015166708516
53.9779663085938,0.175843396239289,-2.52770705252334
54.168701171875,0.00147937762865849,-3.15702138335162
54.3594360351563,0.222668765969372,-2.03934355633967
54.5501708984375,0.0644716441633264,-1.59150215091673
54.7409057617188,-0.852060278565668,-3.06548926502866
54.931640625,-0.332409343354476,-3.42231923440042
55.1223754882813,0.327196166388148,-2.65798178194425
55.3131103515625,-0.181701540641825,-1.39239378363977
55.5038452148438,-0.224042305903976,-1.1534621404596
55.694580078125,-0.292262816637184,-1.60847811350364
55.8853149414063,0.262939223261521,-2.25585905272983
56.0760498046875,-0.134592224364561,-2.62698269831218
56.2667846679688,-0.0876165410048726,-1.11174672278803
56.45751953125,-0.11361938057192,-2.43974535591941
56.6482543945313,0.248671400534696,-0.421802508263816
56.8389892578125,0.757232931035884,-2.5643478151609
57.0297241210938,1.22372110241995,-1.76475403876677
57.220458984375,1.27183582636571,-1.06860495036675
57.4111938476563,0.255738494762078,-1.31306524750411
57.6019287109375,-0.555328924070869,-3.21087810805795
57.7926635742188,-0.0936768748261855,-1.41543910812219
57.9833984375,1.05119222143089,-1.65232077602279
58.1741333007813,-0.100136732359367,-1.35352658363763
58.3648681640625,-0.294409380794602,-3.45855316114658
58.5556030273438,0.0825455617819491,-2.4358746947242
58.746337890625,-0.127488442305352,-1.40670516810844
58.9370727539063,0.277206392073864,-1.09512669866909
59.1278076171875,0.905286722345898,-2.46594172727771
59.3185424804688,-0.500424774143339,-1.33592148950906
59.50927734375,-1.20129853388457,-1.3945371137348
59.7000122070313,-0.0439236983714553,-3.05352207318739
59.8907470703125,2.02447205679354,-0.211967163322528
60.0814819335938,-0.254207954015493,-1.37729808199705
60.272216796875,1.6436482147919,-2.19626865386571
60.4629516601563,-0.446842293079476,-2.29919904541852
60.6536865234375,-0.959252041232784,-1.68845976717469
60.8444213867188,-1.06283939672512,-1.98567683919014
61.03515625,0.260284699977514,-1.22768765127746
61.2258911132813,0.748905840924507,-1.30877378803103
61.4166259765625,0.627777575338872,-2.50894910024968
61.6073608398438,1.91984423107535,-0.682109752251913
61.798095703125,0.245595010134973,-1.66044302012493
61.9888305664063,0.726308632154355,-2.01932268066898
62.1795654296875,0.505722558147232,-0.989299903184358
62.3703002929688,0.00237887970863624,-0.211691231263221
62.56103515625,0.419737445769179,-0.267965168965584
62.7517700195313,-0.122901550745827,-0.9280390177605
62.9425048828125,0.872593167252085,-0.996447014592784
63.1332397460938,-0.00465772635670375,-3.61262013238035
63.323974609375,1.21194168538643,-1.6302368800306
63.5147094726563,-0.217465984947929,-1.16055527636302
63.7054443359375,0.0748944785697192,-0.850661238124646
63.8961791992188,-0.320082611695222,-1.85443458041432
64.0869140625,-0.114596422275306,-1.3493726767803
64.2776489257813,0.544956288831544,-1.70547075479162
64.4683837890625,0.295310395639252,-0.831441050626753
64.6591186523438,-1.13599586343625,-1.47023932211623
64.849853515625,-0.772433003985568,-2.04384731579108
65.0405883789063,-1.00265847776998,-2.9252747904296
65.2313232421875,-0.0209921898792658,0.107224738104866
65.4220581054688,-0.851345825857696,-1.07556072438675
65.61279296875,-0.699861488850958,-1.04213227830505
65.8035278320313,-0.137692243240127,-1.721397093608
65.9942626953125,0.0161116971534761,-3.10510877899977
66.1849975585938,0.743091656927866,-1.45132605322879
66.375732421875,0.531907116946128,-1.54426796349899
66.5664672851563,-0.0916160968721823,-2.5024234075235
66.7572021484375,-0.0113087504732231,-1.9782681376882
66.9479370117188,-0.782917405015894,-1.9804022311715
67.138671875,-0.295226319554917,-1.66477962287365
67.3294067382813,0.230433711220422,-2.52999547379235
67.5201416015625,0.387328653528586,-1.26505883295789
67.7108764648438,0.31303075978329,-2.34190503511351
67.901611328125,0.546585885698932,-2.06435924503804
68.0923461914063,0.190980418332564,-2.49226974339032
68.2830810546875,-0.09566101058989,-1.21302927328856
68.4738159179688,0.599773822146478,-1.37350393516084
68.66455078125,-0.334157654372122,-1.65757457360601
68.8552856445313,0.623521197480713,-0.502123123739532
69.0460205078125,-0.302758094572173,-1.37696519734238
69.2367553710938,0.478179137086576,-1.16400243584032
69.427490234375,-0.119532420630996,-1.92208884301781
69.6182250976563,-0.664398348618819,-3.25418791216506
69.8089599609375,1.00512834227887,-2.12192191170163
69.9996948242188,-0.525174708875206,-0.590579823668389
70.1904296875,0.74513376103895,-0.386898995199971
70.3811645507813,-0.130443621264607,-1.37857895244037
70.5718994140625,0.968156080326114,-2.20123388145165
70.7626342773438,1.52881690276356,-0.486090941829175
70.953369140625,0.427248894067007,-1.15049001594045
71.1441040039063,0.416450864300644,-0.0786642809491362
71.3348388671875,0.0940789660567174,-0.689480712521115
71.5255737304688,1.09601760156875,-1.31949050280156
71.71630859375,0.738962583610958,-1.50849489994714
71.9070434570313,-0.283477824280044,-2.10904906498127
72.0977783203125,0.220122114424572,-0.830082515308097
72.2885131835938,-0.69341530609052,-2.60065924326169
72.479248046875,1.84568300822146,-0.501431489155263
72.6699829101563,-1.26744652938754,-2.9286131817901
72.8607177734375,1.02468629114613,-1.8533367675177
73.0514526367188,0.966687660406091,-1.91568227540722
73.2421875,1.49490336938032,-1.90438746433469
73.4329223632813,0.912238413350913,-1.40869855091191
73.6236572265625,1.21220908916015,-2.74008110220124
73.8143920898438,0.039100844965333,-0.639284852334728
74.005126953125,0.587226071073257,-2.36202329645852
74.1958618164063,0.216369753236564,-0.850168685664228
74.3865966796875,1.0414573100477,-3.60940438452577
74.5773315429688,-0.517427950366747,-0.694585265177347
74.76806640625,-0.430824420148237,-1.92693583222003
74.9588012695313,0.946334161311958,-1.33252630512186
75.1495361328125,0.786607834287995,-1.42286254576592
75.3402709960938,0.292216652179823,-1.45196169646035
75.531005859375,1.06236266004507,-2.22636610296189
75.7217407226563,0.501030767232548,-1.98761586627527
75.9124755859375,-0.213084959661545,-0.876795984036159
76.1032104492188,0.371421567019121,-1.07557629662119
76.2939453125,-0.0557554652858163,-0.45543940371845
76.4846801757813,0.420915493536753,-1.99452518722367
76.6754150390625,0.2653382035389,-0.280444677751676
76.8661499023438,0.168474767670438,-1.57856519915327
77.056884765625,-0.0345239337555349,-1.92158274980173
77.2476196289063,0.0692936362721931,-1.4681983144492
77.4383544921875,0.663872206835948,1.50586263619287
77.6290893554688,0.0977352403117598,-1.88196555739316
77.81982421875,-0.182792302683706,-2.75525375859347
78.0105590820313,0.473312107006905,-1.14162264753175
78.2012939453125,0.977590635502809,-0.499242297793231
78.3920288085938,0.751394142561745,-1.24916071642593
78.582763671875,-0.93571252490024,-1.67033703467778
78.7734985351563,0.757958960296761,-0.845242202114827
78.9642333984375,1.33691018553995,-1.29320420299158
79.1549682617188,1.08325181601919,-1.3117687567253
79.345703125,0.256122162263839,-2.67337299295881
79.5364379882813,0.16999140417183,-1.77926496062122
79.7271728515625,1.80431005842161,-1.00975485659258
79.9179077148438,0.380035679684253,-2.32239223641122
80.108642578125,-0.904304106596154,-2.93419989660037
80.2993774414063,0.535931214963214,-0.794581093222708
80.4901123046875,0.0202680672730068,-2.05197834936691
80.6808471679688,1.29552196581371,-1.53766318683123
80.87158203125,0.679622046073893,-1.88904907219529
81.0623168945313,0.507523618755833,-1.54034133011723
81.2530517578125,-0.29701522178563,-1.10827553638347
81.4437866210938,0.061819002383727,-2.11561562880988
81.634521484375,0.106419520484066,-1.02923547894739
81.8252563476563,1.26314325381289,-1.72150165466071
82.0159912109375,0.841238043931045,-2.03412929075249
82.2067260742188,-1.29797415918072,-1.78795150273512
82.3974609375,0.442648425623311,-0.970363111329773
82.5881958007813,0.978812986432442,-2.85059315942484
82.7789306640625,0.838790551357395,-0.689612615474038
82.9696655273438,0.883824352060496,-1.40340578439074
83.160400390625,0.0268611831625775,-1.26407242361639
83.3511352539063,-0.131512674785983,-1.03854765915221
83.5418701171875,0.23482337595553,-1.01117567254545
83.7326049804688,0.27098901073377,-0.245492029441633
83.92333984375,-0.111395027372903,-0.959953188087268
84.1140747070313,-0.45845372690052,-2.22335091430738
84.3048095703125,1.02927286827847,-2.04765503374988
84.4955444335938,0.273850378865377,-0.800946871022196
84.686279296875,0.692434627295445,-2.77670049357644
84.8770141601563,0.180533713897135,-0.975481124892779
85.0677490234375,-0.471518507968888,-1.26371619294713
85.2584838867188,-0.118974498942224,-1.85343156455197
85.44921875,-0.77882779907583,-1.45095044307112
85.6399536132813,0.73726224517577,-1.55594025356225
85.8306884765625,-1.03054903525086,0.884423779792287
86.0214233398438,-0.539644582502621,-0.243319778906851
86.212158203125,1.0095196135181,-1.89282765646205
86.4028930664063,1.07374869512082,-1.61386515805931
86.5936279296875,0.59963004852569,-1.25790871020533
86.7843627929688,0.00873874097196359,-1.14772136042117
86.97509765625,0.493106394789065,-1.42487369104987
87.1658325195313,-0.314709398210278,-1.13805016436308
87.3565673828125,-0.0456055284656993,-1.19178604680684
87.5473022460938,1.18580237306082,-1.54196622213139
87.738037109375,-0.258599877166604,-0.719808557486792
87.9287719726563,0.586047893528395,-1.07528267347325
88.1195068359375,-0.549092701225876,-2.03099388258359
88.3102416992188,0.877829306950709,-1.15236287361506
88.5009765625,0.198836080713067,-1.62173206112556
88.6917114257813,0.053865900469462,-0.953826399198023
88.8824462890625,1.0245486555372,-2.9129152396516
89.0731811523438,-0.611139482039702,-1.60293426308932
89.263916015625,0.271456987024253,-0.177067860233725
89.4546508789063,-0.475722866343628,-2.36832865651905
89.6453857421875,-0.105029135513291,-0.668760141438207
89.8361206054688,1.71134611239798,-1.03446046396367
90.02685546875,-0.015296402837208,-1.82987263591688
90.2175903320313,1.85852855645441,-1.19832416764178
90.4083251953125,0.442328005365413,-1.1993777115374
90.5990600585938,0.247505852888653,-1.32170882366972
90.789794921875,0.519484508949771,-0.526174195553448
90.9805297851563,-0.19566576606031,-1.32730937917181
91.1712646484375,0.0835121398158774,-1.81151683435757
91.3619995117188,0.188305018926423,-1.39120677295081
91.552734375,0.128255128893019,-2.13001092840524
91.7434692382813,1.10006852147002,-1.65887875548683
91.9342041015625,0.13033883965187,-1.34087198088762
92.1249389648438,0.32537089861408,-1.7372539537911
92.315673828125,-0.0386300884923928,-1.45281543939188
92.5064086914063,0.813749874319403,-1.44193538521319
92.6971435546875,-0.227150636102876,-0.337617010436635
92.8878784179688,1.78255875279361,0.759342090665012
93.07861328125,-0.105815141255429,-0.420708437219875
93.2693481445313,-0.242577430314747,-0.312391702666111
93.4600830078125,-1.3807404451897,-1.52355915803594
93.6508178710938,-1.53540152149508,-0.919418604370365
93.841552734375,-0.627675293866041,-1.01297604162732
94.0322875976563,-0.235962690666983,-1.29493274553216
94.2230224609375,0.795967043674665,-0.145156562712452
94.4137573242188,1.4233558747077,-1.97808072591528
94.6044921875,-0.985281912361204,-1.66026040743878
94.7952270507813,0.301270817507992,0.524498808584099
94.9859619140625,-0.0316982446359826,-1.83387304639906
95.1766967773438,0.841552471924451,-1.70768045182605
95.367431640625,0.0571826051171694,-0.360576224882086
95.5581665039063,0.9463757903378,-1.18387578238095
95.7489013671875,-0.540288176078156,-0.76420754257589
95.9396362304688,-1.21573363887548,-0.919493081119529
96.13037109375,1.08504510501389,-0.835398239862551
96.3211059570313,1.67374342514466,-1.61155724508807
96.5118408203125,-0.188484072690107,-1.45056244365457
96.7025756835938,0.349827877878674,-0.325797233137504
96.893310546875,0.672339481387792,-1.12774975631009
97.0840454101563,1.06711848891875,-0.613015524353308
97.2747802734375,0.043728306294052,-2.69044852691694
97.4655151367188,0.0984831514298216,-1.25691214003955
97.65625,-0.645981777237389,-0.803280290374108
97.8469848632813,0.852718580505253,-1.98642123182377
98.0377197265625,0.105550220036646,-0.00907592707125766
98.2284545898438,0.162455872424293,-0.822876295345878
98.419189453125,0.0107953878962725,-1.3109176295267
98.6099243164063,0.377775699280767,-0.37617225264396
98.8006591796875,-0.250146876341273,0.416676047396067
98.9913940429688,1.2598881759774,-1.57019921675998
99.18212890625,0.671697587599876,-1.22625782755883
99.3728637695313,-0.210627558169112,-0.515219779890582
99.5635986328125,0.545917945351439,-1.33587246437198
99.7543334960938,-0.0279554444552852,-1.27295531617872
99.945068359375,0.472400043022458,-1.64969847861806
