Fre(kHz),Re,Im
-99.945068359375,0.479939511868502,0.788090453152412,ZeroPoint:Tj,21,10
-99.7543334960938,0.697097293779488,0.723814937199563,Const.;stime,3.39291936,6.4E-07
-99.5635986328125,1.9788199525012,2.6101848213166,Fre.Range:Tau,-100:100,1.5E-05
-99.3728637695313,2.61273068911017,1.09759489789446,FFTSize:DataSize:Firstpul,8192:8192,6E-07
-99.18212890625,1.80989364745964,2.48544451807098,120KfidF6666,Freq.=141430000
-98.9913940429688,-2.41263489167796,1.80882151945605
-98.8006591796875,-0.86551005372945,1.91188569399371
-98.6099243164063,0.839324968803509,1.79142490904254
-98.419189453125,-0.688815909737394,0.675300372386642
-98.2284545898438,1.99673262931959,1.20951379040663
-98.0377197265625,0.871286808453841,0.723455185615474
-97.8469848632813,-1.16549274837324,0.40990055636613
-97.65625,0.21626618991499,1.29794730573802
-97.4655151367188,-0.0500924316826692,2.33286220083867
-97.2747802734375,0.00368790218899452,2.78188618223879
-97.0840454101563,2.64407751168757,-0.404968951167027
-96.893310546875,1.24208527145117,3.70798205317419
-96.7025756835938,0.0511814363219033,1.37013531381443
-96.5118408203125,0.806868105964508,0.504457755119963
-96.3211059570313,0.42210034301359,1.16409425266534
-96.13037109375,1.43464923947619,-0.210125565140377
-95.9396362304688,-1.22784043401394,0.467057046240039
-95.7489013671875,-0.144675948518444,1.46392759007456
-95.5581665039063,0.981158430648263,-1.22565060854592
-95.367431640625,2.09671216631862,1.1549553505572
-95.1766967773438,1.67425661578355,1.18118773745788
-94.9859619140625,0.859998400346106,2.02154644558643
-94.7952270507813,0.965333013291529,1.72704081059996
-94.6044921875,0.662340556992711,1.14200252231836
-94.4137573242188,0.406197232086996,3.52394607442363
-94.2230224609375,0.808237555010982,1.31163687492267
-94.0322875976563,1.566907177426,0.0336455708334785
-93.841552734375,2.04174354853431,1.34950985033262
-93.6508178710938,2.59975187859098,2.0396762129932
-93.4600830078125,-0.910753183305828,0.355362629685323
-93.2693481445313,1.96248850930171,2.73551354954358
-93.07861328125,-0.751534164327211,0.636609027887182
-92.8878784179688,0.1525173210064,2.63114989783584
-92.6971435546875,2.58036596090769,3.51785685926154
-92.5064086914063,1.06918688134295,0.401312695745083
-92.315673828125,1.3210670925691,-0.143275032706302
-92.1249389648438,2.96400162584927,2.69517495785491
-91.9342041015625,0.452020878775292,1.53741224121332
-91.7434692382813,0.605196456943659,1.31636910968688
-91.552734375,0.273687726713768,2.62875981768059
-91.3619995117188,1.07892298606206,1.58371455697079
-91.1712646484375,0.284569409974915,1.32024435394649
-90.9805297851563,0.208483599462159,0.713859047785007
-90.789794921875,-1.68995911001874,-0.638561534713862
-90.5990600585938,0.23063543489034,2.29804033604748
-90.4083251953125,1.26474928788606,1.44531475784672
-90.2175903320313,1.67012087372041,0.830207563110704
-90.02685546875,1.43719240906537,1.56412596514235
-89.8361206054688,0.806766389393216,2.08392434242117
-89.6453857421875,-0.468095308566518,2.34834989091144
-89.4546508789063,-0.17735109085052,1.06519452931492
-89.263916015625,-0.456047391493231,2.67985031866965
-89.0731811523438,-0.549458562984766,1.47197263313007
-88.8824462890625,0.819052620651359,0.47926051162411
-88.6917114257813,0.126069316412675,0.508451604182111
-88.5009765625,1.89723246019996,1.39113652903181
-88.3102416992188,0.164480025007783,1.18703706341224
-88.1195068359375,0.0986963282181832,1.78913387121215
-87.9287719726563,1.4885106116169,1.97004075603465
-87.738037109375,1.82986180450862,1.81334638208282
-87.5473022460938,2.22107396627024,-0.0173781084929508
-87.3565673828125,2.30531593834532,1.97879811084337
-87.1658325195313,1.74205094342501,0.86415972753299
-86.97509765625,0.189017227820894,3.1116266203352
-86.7843627929688,2.26052703614253,2.19721482951946
-86.5936279296875,0.473574467322791,-1.22673556537874
-86.4028930664063,1.00418635253043,1.31905985748194
-86.212158203125,0.978945379853933,1.41373031872722
-86.0214233398438,1.67928205881219,1.69544003381474
-85.8306884765625,-0.159621929264906,2.71498559633087
-85.6399536132813,1.96136327578417,1.65370258271462
-85.44921875,1.57485295316415,3.20010799108076
-85.2584838867188,1.35210958991508,1.7505177491502
-85.0677490234375,-0.145131424887857,2.36762978859384
-84.8770141601563,1.14211117317265,3.33641624780517
-84.686279296875,1.85516080224815,2.19696920609637
-84.4955444335938,0.886113984811538,2.21861619980876
-84.3048095703125,2.16461198385888,1.69967896031209
-84.1140747070313,-0.389653353785705,1.53235281513589
-83.92333984375,0.142024125728355,1.37670491004478
-83.7326049804688,0.487747262954518,1.92759830233385
-83.5418701171875,-0.768561125217446,1.89502010839981
-83.3511352539063,0.0198685353259324,-0.0181383152747022
-83.160400390625,1.63665267762318,2.46293604465056
-82.9696655273438,2.06011553569773,1.78571481819827
-82.7789306640625,-0.133450907462102,1.92217856511968
-82.5881958007813,1.14908276383515,0.735643304233641
-82.3974609375,2.06650628252336,1.06940129396751
-82.2067260742188,0.558591216414709,1.12006547451085
-82.0159912109375,2.2817929176275,1.8781824367023
-81.8252563476563,0.828885171973505,1.7001151956505
-81.634521484375,0.996928236685336,2.54794983640405
-81.4437866210938,0.0514137383463162,2.02874233941998
-81.2530517578125,0.688352491246178,0.972533919018955
-81.0623168945313,0.13656077631212,2.23987072562033
-80.87158203125,0.331354928183818,1.08845455910222
-80.6808471679688,0.894552147245621,2.45653145913577
-80.4901123046875,1.30958271144586,1.28276764753289
-80.2993774414063,1.57733056831,2.06866684160302
-80.108642578125,0.467085940509257,3.08533747922929
-79.9179077148438,-0.191992518511963,3.9034374643669
-79.7271728515625,1.23664901458625,1.33425499883065
-79.5364379882813,-1.05923615153195,1.85293032686855
-79.345703125,-0.210669440905917,2.32647504339607
-79.1549682617188,0.681971073341168,2.02048010331155
-78.9642333984375,0.57062332458537,1.75956473560608
-78.7734985351563,1.66292606359461,0.606973139324798
-78.582763671875,1.88765079107026,2.821620005044
-78.3920288085938,-0.450714896345529,0.760251883385637
-78.2012939453125,-0.219093948411495,2.32578794034501
-78.0105590820313,-0.719071211188607,2.31586284602698
-77.81982421875,0.180303190628356,2.44867611788957
-77.6290893554688,1.2147306769461,2.00519861206746
-77.4383544921875,1.36401156424325,2.36352999797248
-77.2476196289063,1.25512533902271,1.66407408097049
-77.056884765625,0.901967296276976,2.36978054185217
-76.8661499023438,-0.101801972096578,1.05132243285686
-76.6754150390625,1.00151529169988,1.96136821180561
-76.4846801757813,0.234903162081909,1.1710346497869
-76.2939453125,1.17466676848965,2.31547424808616
-76.1032104492188,-0.0460866642308589,-0.122642346598726
-75.9124755859375,0.0453732267503719,-0.0811943521140101
-75.7217407226563,-0.34869089567798,1.87586311038197
-75.531005859375,0.768528964041414,1.23739878402181
-75.3402709960938,0.129059028189366,1.83503859588135
-75.1495361328125,1.58648360255231,2.78294089758731
-74.9588012695313,2.5247222303402,2.16923440299172
-74.76806640625,0.174785114107757,1.7457107443511
-74.5773315429688,1.55088626661671,0.769980089245473
-74.3865966796875,1.73799703688451,1.26207696839124
-74.1958618164063,0.400638103138635,2.54475199240486
-74.005126953125,0.23356846701719,2.9003708019704
-73.8143920898438,-0.435790466923376,1.69230911545199
-73.6236572265625,0.984244293039665,1.5423993116831
-73.4329223632813,1.08364657183525,3.45414910988256
-73.2421875,1.29690918725193,3.11333738113226
-73.0514526367188,1.56317362964695,1.72395096793145
-72.8607177734375,0.574435192997012,1.15121203888352
-72.6699829101563,0.22648562029294,1.423535182956
-72.479248046875,3.00873823775783,1.74966561987776
-72.2885131835938,-0.279151636942683,-0.0677045105468827
-72.0977783203125,1.74329256902096,2.11859292657337
-71.9070434570313,2.26771144006483,1.02385109182359
-71.71630859375,1.06447718352257,2.35401299622794
-71.5255737304688,0.307783633785249,1.79641105116658
-71.3348388671875,1.491479112876,2.16836122119725
-71.1441040039063,0.67020773833328,1.93248912847279
-70.953369140625,1.44073245246789,2.63689848235578
-70.7626342773438,0.653218192260023,4.64732389851785
-70.5718994140625,0.798213592641334,1.49395389896858
-70.3811645507813,1.23476501710531,1.0598279462178
-70.1904296875,-0.611769844379848,1.51972453981499
-69.9996948242188,-0.558117765614973,3.63455289474262
-69.8089599609375,1.22780886897755,1.65351001219112
-69.6182250976563,2.14707411666376,1.11475248128478
-69.427490234375,1.82466001493225,2.49471311795205
-69.2367553710938,0.875370288713945,2.4993773147749
-69.0460205078125,0.676067013152402,0.516711230125957
-68.8552856445313,0.435507653877367,1.12471403400967
-68.66455078125,-2.1712898579651,1.62651204379047
-68.4738159179688,0.169368890107828,2.98728667421714
-68.2830810546875,0.219479045696581,1.5367334763886
-68.0923461914063,2.04361526456048,1.47430521276515
-67.901611328125,1.29758668582023,0.849001455287715
-67.7108764648438,2.51507832058701,1.75924065726994
-67.5201416015625,0.812356543863379,1.37403564165002
-67.3294067382813,3.10087966899839,1.32145634054019
-67.138671875,0.148776062760483,0.762170009004894
-66.9479370117188,0.227385522529908,2.26264173140982
-66.7572021484375,-1.11046435461945,3.17683496073471
-66.5664672851563,1.59032636013403,2.03545258525202
-66.375732421875,1.08291619393084,0.771058129720915
-66.1849975585938,-0.213824908066582,0.900830693277787
-65.9942626953125,0.226819960110075,2.32183660534593
-65.8035278320313,1.4062014425093,2.50407583367482
-65.61279296875,0.165110216354224,1.56632458465261
-65.4220581054688,0.193439706565147,2.29848660127419
-65.2313232421875,0.474149125447666,1.50536567680342
-65.0405883789063,0.869437486152187,2.71562153844593
-64.849853515625,0.0175579278917542,1.1569318974375
-64.6591186523438,0.520218909629502,1.95506220584572
-64.4683837890625,2.33798003725881,2.81460125852781
-64.2776489257813,-0.402043349118498,2.23130860734418
-64.0869140625,2.64400873143659,2.69592188906865
-63.8961791992188,-0.397807545623474,2.3853248554603
-63.7054443359375,1.12603451157697,2.42659480860554
-63.5147094726563,0.686381240765772,1.67515797309607
-63.323974609375,-0.137838611959732,2.31448742722505
-63.1332397460938,2.02556272435677,3.12721479956806
-62.9425048828125,0.339643658708868,2.36790422116127
-62.7517700195313,2.25365067188954,2.45925553343428
-62.56103515625,-0.314392771896052,0.628366166410785
-62.3703002929688,-0.843686193244556,3.14009222358836
-62.1795654296875,0.879046056727947,2.43520832106719
-61.9888305664063,1.18873866574348,2.67823909998212
-61.798095703125,0.632662347085564,0.402410993602138
-61.6073608398438,-0.0623609879881799,3.00581993102036
-61.4166259765625,0.839983019743191,2.48483951203151
-61.2258911132813,1.59637438875306,3.30825781062576
-61.03515625,2.21794255907678,0.792544856433982
-60.8444213867188,2.08691881104539,1.22374046318887
-60.6536865234375,-0.123598343629157,0.936244693120637
-60.4629516601563,0.687893991356243,2.8712315322281
-60.272216796875,0.959933349647327,2.43053113994152
-60.0814819335938,1.17020698082954,0.598608853065824
-59.8907470703125,2.09374146905679,1.25561164253152
-59.7000122070313,0.283903530450705,2.91813358676753
-59.50927734375,1.24092526399626,2.91457120389603
-59.3185424804688,0.868386994767912,1.5025182641049
-59.1278076171875,2.29153810090263,1.25936589988343
-58.9370727539063,2.90398478096701,2.02828742250915
-58.746337890625,1.98545465114889,1.62596613540879
-58.5556030273438,0.637677120723771,2.92302020502855
-58.3648681640625,0.878637821764533,1.63973424197269
-58.1741333007813,-0.81753086436192,0.9347939059131
-57.9833984375,2.14963680280302,1.27817568176371
-57.7926635742188,1.32065545947388,1.95144767414209
-57.6019287109375,2.60236310526748,2.35078293022798
-57.4111938476563,1.77598858614619,0.645997971712806
-57.220458984375,-0.278404599906666,3.64180396031913
-57.0297241210938,1.58170462821165,1.73182808263386
-56.8389892578125,1.19282202499231,1.53036496889667
-56.6482543945313,1.01635227300493,3.25672735618514
-56.45751953125,0.198289976025485,2.29007709974305
-56.2667846679688,2.27072598556498,4.71578920751082
-56.0760498046875,1.23323029575833,0.641529323929763
-55.8853149414063,0.732346348415366,1.82241006991065
-55.694580078125,1.90083086997139,2.53949569450946
-55.5038452148438,0.994797670352173,4.38990951740337
-55.3131103515625,0.952212749584751,1.75252955865815
-55.1223754882813,1.94039108643107,2.15322741399477
-54.931640625,0.12764830625155,1.28870833120303
-54.7409057617188,-0.10645612287994,1.46570849058683
-54.5501708984375,1.85944214735618,2.8819633586556
-54.3594360351563,-0.274284244744202,1.70776147993541
-54.168701171875,2.50619737269409,1.85413344187635
-53.9779663085938,0.805275176888468,2.6020203628832
-53.7872314453125,1.80631231673203,2.85381281165794
-53.5964965820313,1.60710361716734,3.9625886565904
-53.40576171875,0.881964742939393,3.07096590095113
-53.2150268554688,1.24757158306731,1.39193970300097
-53.0242919921875,-0.493660171233676,2.92723454903476
-52.8335571289063,0.423698717666793,3.12571201369534
-52.642822265625,1.90904826911398,3.11016108753979
-52.4520874023438,-0.470398283341191,3.04606732300411
-52.2613525390625,0.213728991237922,2.00462576973174
-52.0706176757813,-0.0270906544056068,1.50749726944081
-51.8798828125,0.730146817997151,2.96994741295036
-51.6891479492188,-0.457347028973632,3.80056548501151
-51.4984130859375,2.22629888523738,1.56597757941523
-51.3076782226563,-0.331360210426752,0.723614297757796
-51.116943359375,0.645354866798676,3.06868386781238
-50.9262084960938,2.03422346129446,1.56932901752699
-50.7354736328125,2.0610467709685,3.04650629661863
-50.5447387695313,2.88023211662319,1.69660894064456
-50.35400390625,0.545274526955855,0.991144546860547
-50.1632690429688,0.488708807628166,2.37875372217692
-49.9725341796875,-0.36624943755363,2.43874118988219
-49.7817993164063,0.524118577362692,3.8900989075057
-49.591064453125,2.1551676978126,3.18777416925409
-49.4003295898438,0.658315391197624,4.24366134454798
-49.2095947265625,0.576310246699507,2.80166531794715
-49.0188598632813,1.37177100394064,3.01243605443972
-48.828125,1.56500865281659,2.41032535824564
-48.6373901367188,0.492698738570524,1.07363339613851
-48.4466552734375,3.06835241649335,1.77641328577007
-48.2559204101563,0.857127781166696,1.7482679492215
-48.065185546875,1.13158113900701,3.25460240925571
-47.8744506835938,2.3913976023878,1.42679299807635
-47.6837158203125,1.22687212323684,2.44193989545945
-47.4929809570313,1.55840181315865,3.47467288696884
-47.30224609375,0.834446903329042,2.17794144661474
-47.1115112304688,0.278724673400135,3.80014150100676
-46.9207763671875,2.44278695117646,1.24430620361494
-46.7300415039063,2.19701804555642,3.85780004687529
-46.539306640625,-0.0508693612202237,1.19369849818565
-46.3485717773438,-0.0965266325691007,3.3313556173655
-46.1578369140625,0.2364802742063,2.46605220028515
-45.9671020507813,1.05850825288942,2.16908793572818
-45.7763671875,1.06028185279096,3.39789869624745
-45.5856323242188,0.374644299147726,4.61503523794
-45.3948974609375,0.821543224861653,2.19351358469191
-45.2041625976563,1.82515361477566,1.6344525719134
-45.013427734375,0.643903627030989,1.99294470389036
-44.8226928710938,1.5672106813946,2.57781315495512
-44.6319580078125,2.06297377157532,3.05906518389817
-44.4412231445313,1.90017216555729,2.95434728881
-44.25048828125,1.23908315278527,1.51941063451943
-44.0597534179688,1.17895475247671,2.63523695612417
-43.8690185546875,0.314602778511827,3.71754679185377
-43.6782836914063,1.8077134652688,2.88579889741645
-43.487548828125,1.84680518841445,2.30911562365862
-43.2968139648438,0.713449895753378,2.89874235538852
-43.1060791015625,3.00032574888516,1.43546998066097
-42.9153442382813,-1.7663583178544,3.82567059295983
-42.724609375,1.14940735045513,3.91461592374342
-42.5338745117188,0.176101545849914,3.06627971777275
-42.3431396484375,0.393198625116695,3.98533025363737
-42.1524047851563,2.53816091312427,1.52645578745176
-41.961669921875,-1.03773022577716,1.9029261182301
-41.7709350585938,2.17781823814406,2.91214609439529
-41.5802001953125,1.36408910451462,2.00536059128074
-41.3894653320313,1.8707343463915,1.91761154709323
-41.19873046875,2.37490044515542,2.89482772584911
-41.0079956054688,2.11157876150006,2.7268853130863
-40.8172607421875,1.13700141128275,3.15657785795971
-40.6265258789063,2.62579884227785,3.26876477136389
-40.435791015625,0.239207742649526,1.87922423387054
-40.2450561523438,1.43349895094931,2.81584952848868
-40.0543212890625,1.38859389832179,2.78516824181935
-39.8635864257813,1.96864343198812,2.94693743487661
-39.6728515625,1.15929400641914,3.40948175885115
-39.4821166992188,1.97288231570621,4.63456003386382
-39.2913818359375,2.01975077424169,4.3836058687485
-39.1006469726563,0.387808271265809,2.63225655844161
-38.909912109375,1.10351589137067,2.94949667324603
-38.7191772460938,-0.0117337857195871,3.82787455577476
-38.5284423828125,2.46580657643762,3.81560133555961
-38.3377075195313,0.777572240401087,4.28233021737166
-38.14697265625,1.46395012689204,3.95818362400296
-37.9562377929688,2.21216452163751,3.17597379163162
-37.7655029296875,1.3372137520946,4.45619872387209
-37.5747680664063,1.31426456652815,3.24955400772972
-37.384033203125,1.71591036948138,4.09449214920318
-37.1932983398438,1.50863259955148,4.16410707763709
-37.0025634765625,0.52512792808753,5.40312638073942
-36.8118286132813,1.3688119999495,2.49314095848947
-36.62109375,0.758879433449584,6.44109108734929
-36.4303588867188,1.36122130015949,4.14239572015848
-36.2396240234375,2.98453108675076,4.2784127651865
-36.0488891601563,1.47570911652286,3.32054034068295
-35.858154296875,0.607597609356433,4.80551034884969
-35.6674194335938,1.30208959096922,2.84159806690183
-35.4766845703125,1.10801056097021,4.19564547849357
-35.2859497070313,1.95702799544387,3.71920000695075
-35.09521484375,2.59130735322996,4.45822472969635
-34.9044799804688,0.837895014797306,4.37738689869037
-34.7137451171875,0.602155912875314,5.17236374352032
-34.5230102539063,1.66630930172213,4.05737433294878
-34.332275390625,1.17073683336883,4.88733935187727
-34.1415405273438,0.98816455355902,3.57854673190447
-33.9508056640625,1.00602841003879,4.88292771748476
-33.7600708007813,1.17398664154647,4.52835538344837
-33.5693359375,2.0254112750539,4.03539110253063
-33.3786010742188,1.45193346076888,2.56998166604063
-33.1878662109375,1.87962564108608,5.1383179798054
-32.9971313476563,0.051373661676227,5.31750425698871
-32.806396484375,2.57454336527149,5.57917601207767
-32.6156616210938,1.04009058194119,4.43835340397283
-32.4249267578125,0.461483728049866,3.98013104464388
-32.2341918945313,1.3798991058076,6.18084147428397
-32.04345703125,0.693875903673137,6.20528475196396
-31.8527221679688,1.50513856166872,4.49487848761841
-31.6619873046875,0.63559002079146,6.32472068181362
-31.4712524414063,-0.242478589405827,4.06149811202849
-31.280517578125,0.981231816446607,4.68631547232326
-31.0897827148438,0.31949393044205,4.09343182435077
-30.8990478515625,1.83427931217498,4.67676378287483
-30.7083129882813,0.558219265822981,4.73343453601638
-30.517578125,2.67540026171281,3.81105208258687
-30.3268432617188,0.635749671883768,4.4710353018943
-30.1361083984375,1.38705472446791,4.9211444220344
-29.9453735351563,1.01148929706131,4.16226739885248
-29.754638671875,-0.276282610650048,5.39610308529153
-29.5639038085938,1.14913965336489,4.09046318963101
-29.3731689453125,1.51553692546639,3.18867557160393
-29.1824340820313,1.32590973061056,5.01194775264395
-28.99169921875,1.18356096881997,4.27503751813001
-28.8009643554688,2.26370105278964,5.30269196318703
-28.6102294921875,2.52126382858601,5.7249698609734
-28.4194946289063,1.71255524989803,4.37650034137323
-28.228759765625,1.19947975647967,5.31181234125226
-28.0380249023438,1.99192732457974,5.96187861593308
-27.8472900390625,0.97645230264482,4.11254747957009
-27.6565551757813,0.63489200774771,7.22412043727408
-27.4658203125,1.65161618585711,5.30044887223767
-27.2750854492188,1.1027709888253,5.0814917165689
-27.0843505859375,2.49795012013378,4.97795071679065
-26.8936157226563,2.29997522585783,4.94797832687225
-26.702880859375,-0.416548863922539,5.77410667843394
-26.5121459960938,0.872137963657333,6.99153296371595
-26.3214111328125,2.37857511226876,5.47626239645104
-26.1306762695313,0.916538979707865,4.70903489143861
-25.93994140625,1.54439587738127,6.68340439106795
-25.7492065429688,1.41049042229173,6.09011696070622
-25.5584716796875,1.40327473661065,6.90294117349517
-25.3677368164063,1.75882340355174,5.95065975179075
-25.177001953125,2.04253936785552,7.48933924486372
-24.9862670898438,1.55217547316951,7.34402784352825
-24.7955322265625,1.75067620730666,6.40672716288313
-24.6047973632813,1.44080171482716,6.190011107381
-24.4140625,1.5528524718789,5.78077230872757
-24.2233276367188,0.400474953463641,7.66458907839171
-24.0325927734375,3.11500599655435,6.0792739583284
-23.8418579101563,0.0605352669920443,7.78876028857801
-23.651123046875,1.70500682778585,6.23055077075872
-23.4603881835938,2.66748501707876,8.61137908768372
-23.2696533203125,0.344921794474455,8.0979810669711
-23.0789184570313,2.8049997605761,8.21401414520479
-22.88818359375,1.7665820770087,8.46385711650004
-22.6974487304688,2.03156531801135,9.5188579975479
-22.5067138671875,-0.596635459167826,7.21346004858937
-22.3159790039063,0.82320625796692,9.79461016393082
-22.125244140625,0.94133531954507,8.88892823818861
-21.9345092773438,1.46684521092491,8.84235960306799
-21.7437744140625,1.3655152188835,7.97551168647567
-21.5530395507813,1.00801331218398,10.2465360635544
-21.3623046875,2.60436770437039,9.77362137243398
-21.1715698242188,1.25264066767195,9.17893442552769
-20.9808349609375,2.36331160409748,10.3127473092035
-20.7901000976563,1.66216080461766,12.3439419112456
-20.599365234375,2.7762776911049,9.99362729812507
-20.4086303710938,3.11066703397412,12.5906965275488
-20.2178955078125,4.5908342085508,11.7088746761144
-20.0271606445313,2.73472678849372,13.6495767930002
-19.83642578125,1.171275210583,12.5783295758827
-19.6456909179688,3.49063893583427,13.128713638876
-19.4549560546875,2.723431075961,14.7161091624055
-19.2642211914063,2.67860655553967,12.630162219677
-19.073486328125,3.74248099765557,13.3325314002821
-18.8827514648438,5.308316284939,14.1464712132205
-18.6920166015625,4.66343284685989,16.9746786694235
-18.5012817382813,6.66834494502558,16.2636907852608
-18.310546875,4.95102281092199,18.3070352453521
-18.1198120117188,6.14556127468522,15.5450596549665
-17.9290771484375,7.96873266290736,15.9601282754896
-17.7383422851563,6.18027944606253,17.516482589703
-17.547607421875,8.54249223682451,16.0783438699397
-17.3568725585938,10.3561298681146,17.3895596451966
-17.1661376953125,10.8591676737967,19.0644912234255
-16.9754028320313,10.9405507870504,17.6050003438859
-16.78466796875,11.9628639513642,18.9733158533744
-16.5939331054688,12.9507184448132,17.2143750403301
-16.4031982421875,14.7004321153082,18.3891967153264
-16.2124633789063,13.6557982520139,16.8259417335651
-16.021728515625,14.6127118279245,16.2081303983606
-15.8309936523438,15.2942065265053,15.2388105066004
-15.6402587890625,17.5825502265175,15.0810854749237
-15.4495239257813,17.4304710323446,15.200544574252
-15.2587890625,16.6202395932501,13.6210973612424
-15.0680541992188,17.8856501815193,16.0088047898453
-14.8773193359375,19.6973326043025,13.6715511360288
-14.6865844726563,21.1591102547804,13.2607620343084
-14.495849609375,20.6174543518718,13.0143612383953
-14.3051147460938,20.5452482672593,11.3450269921555
-14.1143798828125,21.5213979508625,10.9380612417352
-13.9236450195313,22.2460281981082,9.70595081160429
-13.73291015625,23.9982294190865,11.2982072688031
-13.5421752929688,22.2476307865466,9.05320248635348
-13.3514404296875,24.111468889081,7.75956239834684
-13.1607055664063,23.5849331918607,7.68693062465262
-12.969970703125,25.4962478507565,8.63062719877655
-12.7792358398438,24.011002048577,6.43504346018199
-12.5885009765625,23.4450775229424,7.0317580845087
-12.3977661132813,25.2620864638164,3.6790241500643
-12.20703125,26.4372793177459,2.69318529876791
-12.0162963867188,26.2192166211846,4.83340829984098
-11.8255615234375,25.939526788373,2.8237284179629
-11.6348266601563,27.1730968014218,2.22832603961789
-11.444091796875,24.1276079860256,1.17938634088521
-11.2533569335938,25.2628008503622,1.83608188417129
-11.0626220703125,26.283539347825,1.758046342294
-10.8718872070313,25.4790464188674,-1.0206707060448
-10.68115234375,23.6517365874648,0.111635020124514
-10.4904174804688,24.5557971219715,-2.91106937342747
-10.2996826171875,24.5717219996183,-3.27987994000192
-10.1089477539063,26.0691337371599,-4.80657389209195
-9.918212890625,24.0824830697444,-2.8904671504269
-9.72747802734375,23.4881323509683,-3.2480829774612
-9.5367431640625,23.1642999811706,-4.60311116173396
-9.34600830078125,24.7006938091321,-6.37466231420292
-9.1552734375,23.8164734834157,-6.67806713432374
-8.96453857421875,24.4319455101513,-6.15734590326701
-8.7738037109375,23.6305452654301,-8.62461374979898
-8.58306884765625,23.3850171501145,-10.0816189211815
-8.392333984375,23.4638318838201,-7.98156930146787
-8.20159912109375,21.3441272508908,-9.53319107370149
-8.0108642578125,25.0438465219535,-10.8073213717113
-7.82012939453125,21.2535708522038,-10.455677355376
-7.62939453125,19.4987925258973,-11.5180205161105
-7.43865966796875,21.2956098958374,-12.1768162598299
-7.2479248046875,19.6995940753251,-12.5791654455001
-7.05718994140625,18.0224967915739,-13.7733383607926
-6.866455078125,17.6700407861743,-16.1909013556888
-6.67572021484375,17.8203128316409,-13.6630835347203
-6.4849853515625,18.2747283297783,-16.1664778604894
-6.29425048828125,16.3641255967257,-15.9948374868856
-6.103515625,16.2004846471122,-16.7083525481534
-5.91278076171875,16.3619928535786,-16.9360157244452
-5.7220458984375,16.6910896183657,-19.1649266588764
-5.53131103515625,14.6132699591407,-17.9435252030842
-5.340576171875,13.8630326697161,-17.1029869335255
-5.14984130859375,11.6373584420364,-17.9185798308433
-4.9591064453125,11.3863990782288,-17.0639321295731
-4.76837158203125,10.7376398226138,-17.1982111507375
-4.57763671875,10.0056509360159,-17.1931958471862
-4.38690185546875,8.99238503467983,-16.4503319153165
-4.1961669921875,8.97949731962255,-17.6953966407711
-4.00543212890625,6.99911618056334,-14.7278652688591
-3.814697265625,9.00471801697227,-15.6896937240738
-3.62396240234375,5.76711671813878,-16.4876507344094
-3.4332275390625,8.0688204771919,-15.1791451975935
-3.24249267578125,5.98020883233801,-16.4333270267432
-3.0517578125,6.47380131821879,-15.3683989034626
-2.86102294921875,6.42168933206566,-15.6763712488968
-2.6702880859375,4.52512088251992,-13.5386910918191
-2.47955322265625,4.43547618351618,-13.7061718145885
-2.288818359375,4.44684856710135,-13.4520527582582
-2.09808349609375,3.74748013715765,-12.9511907795496
-1.9073486328125,3.75413339967062,-14.7560060301806
-1.71661376953125,4.49218071355785,-12.12390693664
-1.52587890625,3.16197623070468,-13.0258328328361
-1.33514404296875,4.74531925094932,-11.8677340782845
-1.1444091796875,2.66893303960764,-11.3690453614145
-0.95367431640625,2.48329119737001,-12.1104043870397
-0.762939453125,3.63180816640529,-9.97339438967504
-0.57220458984375,2.26346226343113,-13.1587362787217
-0.3814697265625,1.78304995385254,-10.5914460710883
-0.19073486328125,2.58170073296291,-12.0162597284375
0,2.4553060125059,-9.34774013184794
0.19073486328125,1.15139802027094,-10.0400290227478
0.3814697265625,2.57777646838208,-8.15460468542924
0.57220458984375,1.20185566116538,-9.57372546413675
0.762939453125,2.32532646152942,-9.56466757322134
0.95367431640625,2.0915012782587,-9.48985747052761
1.1444091796875,2.35202084665467,-9.97813999322796
1.33514404296875,1.68316444343264,-8.44634138795073
1.52587890625,1.49059915542428,-6.364400454551
1.71661376953125,2.71674860453632,-9.05232398977868
1.9073486328125,3.53384879843481,-9.62560040070929
2.09808349609375,1.80415188273154,-7.9931577040226
2.288818359375,1.75434940343838,-7.70215387879366
2.47955322265625,2.40065447861896,-8.75439098880723
2.6702880859375,0.632528035436695,-9.72209542033097
2.86102294921875,-0.109494951374855,-6.92954321296692
3.0517578125,1.12018311962506,-8.09735009630828
3.24249267578125,0.168110442729734,-8.11969784056153
3.4332275390625,1.95419460102161,-6.32757753240005
3.62396240234375,1.24313103521443,-6.00433523712468
3.814697265625,0.562288929375829,-6.41433032620839
4.00543212890625,0.665986964147407,-5.7025828137558
4.1961669921875,2.5944429245318,-7.22847987929286
4.38690185546875,2.33898473596077,-7.03429158840753
4.57763671875,0.806436286369946,-6.20464051188719
4.76837158203125,0.883464036958631,-7.79747574044075
4.9591064453125,1.29359448369506,-7.77012765574011
5.14984130859375,2.60136316433467,-6.22574752347583
5.340576171875,0.937925905171609,-7.33871387040973
5.53131103515625,1.41647809946254,-6.81354611504468
5.7220458984375,0.910432061087193,-7.25248453072743
5.91278076171875,3.37596058162358,-6.23610741205294
6.103515625,0.265415336750249,-5.08279858593845
6.29425048828125,1.71031294486468,-5.14704605800262
6.4849853515625,3.29651013567364,-7.26349375348746
6.67572021484375,0.274960795988977,-6.03928714608375
6.866455078125,3.21024900821393,-6.99304450211074
7.05718994140625,1.16413095393718,-5.73212329669932
7.2479248046875,1.10775206249822,-6.04005537342623
7.43865966796875,2.37764390635229,-5.68841818709862
7.62939453125,2.1795245659216,-5.73591658537074
7.82012939453125,1.96805860996018,-5.82825784652503
8.0108642578125,1.25633316448836,-6.18169904128779
8.20159912109375,1.96369541061864,-5.60034483399387
8.392333984375,2.72076065896481,-5.50348503971043
8.58306884765625,2.03176723777704,-4.08166455291154
8.7738037109375,2.37090478515199,-6.99016794088645
8.96453857421875,1.02454892327085,-6.1872640693365
9.1552734375,0.507375756235455,-6.40231621585215
9.34600830078125,1.91268808016672,-5.43604213264251
9.5367431640625,0.529372186857283,-5.99473159051902
9.72747802734375,1.03126595775456,-4.87696139110233
9.918212890625,1.41572477132599,-5.38274469769284
10.1089477539063,0.960025402839718,-4.67415986463866
10.2996826171875,0.64882649161648,-5.81116174394081
10.4904174804688,1.34027515110242,-4.51097762408748
10.68115234375,1.48945097888993,-4.83520459783034
10.8718872070313,2.01499006316168,-5.04503062081484
11.0626220703125,0.539790423094204,-6.40000870214253
11.2533569335938,2.34751196543016,-5.21260059935109
11.444091796875,2.89969643943625,-3.28546326353037
11.6348266601563,1.62367620139594,-6.19809024413775
11.8255615234375,1.97021601735672,-5.34793535596679
12.0162963867188,-0.562819982515635,-4.15708594922977
12.20703125,1.2243546905881,-4.12746993393466
12.3977661132813,1.20410833712795,-5.44451382795024
12.5885009765625,-0.128869198540527,-5.06522298943564
12.7792358398438,2.75006758885138,-5.51830473300847
12.969970703125,-0.124594626709755,-5.28475956052904
13.1607055664063,0.972166856502023,-5.20141510139636
13.3514404296875,0.517002924740892,-2.23728292203149
13.5421752929688,1.56214581745147,-5.34727009814242
13.73291015625,1.87114485704104,-4.25683967683034
13.9236450195313,-0.452389113795469,-5.50268507579287
14.1143798828125,0.571898253118262,-5.04222760211701
14.3051147460938,2.29674182480608,-5.90164733888219
14.495849609375,1.40557750074098,-3.67935592118914
14.6865844726563,1.0632324072242,-5.09739137450681
14.8773193359375,1.82612864155342,-3.81600255124245
15.0680541992188,-0.151928128645111,-3.95948084513639
15.2587890625,1.25506493285485,-4.99642387768538
15.4495239257813,0.295748981722794,-5.18693749789267
15.6402587890625,1.04442079609091,-3.30817075920379
15.8309936523438,-0.0774615964471716,-4.78174695799001
16.021728515625,0.984234034197236,-4.5774838313639
16.2124633789063,1.26618760847772,-3.32224850789924
16.4031982421875,-0.0877889749311794,-3.43363286218046
16.5939331054688,-0.289387558699583,-2.73050849785216
16.78466796875,-0.513766186610201,-2.7561938279975
16.9754028320313,-1.01155387981514,-3.28884165046671
17.1661376953125,1.50774634421367,-3.20825892764673
17.3568725585938,0.833264245653731,-4.70216217392785
17.547607421875,1.65018700817498,-3.99377301437761
17.7383422851563,0.650181263567561,-3.95297755030857
17.9290771484375,0.732595547798596,-2.46842196580415
18.1198120117188,-0.858151876736464,-4.71596308441285
18.310546875,1.0211792748364,-3.32692018943245
18.5012817382813,0.723804906814698,-4.61916373649385
18.6920166015625,2.26685159008389,-5.05286931895975
18.8827514648438,0.0619748360561483,-3.48631946584537
19.073486328125,1.07992399064559,-4.13412152886008
19.2642211914063,0.825268581372296,-4.23656046850323
19.4549560546875,-0.290180883468262,-2.93427270595822
19.6456909179688,-0.221417334213892,-3.19498134108309
19.83642578125,0.11323717581923,-4.29064279040516
20.0271606445313,0.395119836974262,-3.0908038946123
20.2178955078125,-1.00329085021551,-1.42377229687659
20.4086303710938,-0.235069255622622,-3.38779029818735
20.599365234375,1.81354434039128,-5.35634204160858
20.7901000976563,0.336032061339593,-3.4561786554616
20.9808349609375,1.23245806981917,-4.71775821509105
21.1715698242188,-0.340223829520481,-3.38925581465914
21.3623046875,1.3676353001238,-3.41654977689656
21.5530395507813,2.40298215608371,-4.21564183469158
21.7437744140625,0.94859950736427,-2.97084082881761
21.9345092773438,1.01211887720524,-5.39967915118987
22.125244140625,-0.785486893240519,-4.93646423582378
22.3159790039063,1.61154958232547,-3.20421110729098
22.5067138671875,-0.0143860925934687,-3.06826746456297
22.6974487304688,1.6461182345043,-2.6364065922756
22.88818359375,-0.436240267970306,-4.01352521306651
23.0789184570313,0.0523694280488233,-4.25850110961635
23.2696533203125,1.35360957338497,-4.72849899013877
23.4603881835938,0.805716903799437,-1.58151670835367
23.651123046875,0.328608699539346,-3.00704526711389
23.8418579101563,0.681133225676422,-1.7200264417675
24.0325927734375,-0.403424666308049,-3.12553314085246
24.2233276367188,0.541025077784188,-3.74397114847508
24.4140625,0.55217654950261,-3.80810577892333
24.6047973632813,2.54894280569977,-4.10437058964956
24.7955322265625,-0.299683958624028,-4.54415288396049
24.9862670898438,0.0950584608828579,-3.64972803909697
25.177001953125,0.481766407566376,-1.97144837804121
25.3677368164063,1.31143435670913,-2.40229379726313
25.5584716796875,2.18921044761237,-4.24215577182907
25.7492065429688,-1.44371508609589,-3.97642235679833
25.93994140625,-0.523015323591421,-3.84668835971818
26.1306762695313,1.4776222224005,-3.25453340500752
26.3214111328125,0.382468613876104,-3.47006026577285
26.5121459960938,0.8163022384837,-1.90996833977321
26.702880859375,1.4390434145105,-3.2813475912577
26.8936157226563,0.0792027193176636,-2.36658892500267
27.0843505859375,1.76936495879609,-4.98054210160714
27.2750854492188,0.299955222002676,-2.45155017676836
27.4658203125,0.620082792329639,-3.05276063151806
27.6565551757813,-0.149130031186072,-3.09540741657204
27.8472900390625,-0.0512060756801317,-4.01877383131597
28.0380249023438,1.24007735384452,-4.07296375777469
28.228759765625,0.854732159340927,-5.56313476101227
28.4194946289063,0.591608671492575,-2.66763518091852
28.6102294921875,0.220558534881203,-2.24034832805941
28.8009643554688,-0.00841953777439933,-1.83239595946568
28.99169921875,1.19788067060113,-3.97593153347579
29.1824340820313,-0.0301675976995472,-5.32012181041753
29.3731689453125,0.0706920899209988,-2.1703443373428
29.5639038085938,0.682872593347067,-3.60383205198084
29.754638671875,1.05023185614831,-3.51144160954802
29.9453735351563,0.411748117940626,-3.32959753557478
30.1361083984375,0.970846694827786,-4.59389951113753
30.3268432617188,0.676224801573594,-2.58707993052699
30.517578125,1.63484665767979,-0.836690627859165
30.7083129882813,0.714391461031773,-2.81571133035345
30.8990478515625,1.22848358267448,-2.23851909424428
31.0897827148438,0.465206772236103,-4.62881735001035
31.280517578125,-1.27360734804873,-4.61779741589356
31.4712524414063,2.46613609129318,-2.22738919049512
31.6619873046875,1.73804528538326,-3.35991658184931
31.8527221679688,-0.68270782115313,-2.19812823959806
32.04345703125,1.89618410880643,-3.29765687283783
32.2341918945313,0.665477324309462,-2.61520168304952
32.4249267578125,0.701941968593427,-4.4928605746812
32.6156616210938,1.01672145172436,-3.16299028438309
32.806396484375,2.03545639319445,-2.10194668495882
32.9971313476563,0.511473131553424,-1.6147429914075
33.1878662109375,-0.635166242071713,-2.90539479381078
33.3786010742188,-2.63916381709841,-1.93218158250619
33.5693359375,0.45315865189887,-2.94551422870933
33.7600708007813,1.50528147359531,-3.05969125287995
33.9508056640625,0.379471500781967,-3.40002259495536
34.1415405273438,0.0995461892725303,-3.43130748362194
34.332275390625,1.14294694466649,-3.47699303624644
34.5230102539063,-0.483506318510911,-2.71421977242053
34.7137451171875,0.398608757009136,-3.56854398345649
34.9044799804688,0.0793481530168458,-3.28144882804631
35.09521484375,-0.766276046521505,-3.04253444074391
35.2859497070313,-0.138976101317078,-2.14176243426596
35.4766845703125,1.0543765089327,-4.02829480600057
35.6674194335938,-0.00173133804573593,-2.26738188031931
35.858154296875,-0.076546345792031,-2.03435431969345
36.0488891601563,-0.601037563095988,-2.61402720659315
36.2396240234375,0.322481616821642,-2.71548825113303
36.4303588867188,1.51351649276292,-2.95144936545611
36.62109375,0.246663649489508,-2.27715464960017
36.8118286132813,1.31627593146022,-2.47033550579193
37.0025634765625,0.743557811227955,-1.02348462804221
37.1932983398438,0.942196004344136,-1.09523908063973
37.384033203125,0.709154081254053,-2.34126609589696
37.5747680664063,1.54949345578584,-2.60330716347965
37.7655029296875,0.675376079856919,-3.55211088312033
37.9562377929688,0.268420389035148,-2.67652260733819
38.14697265625,0.855436568456027,-2.01339286084624
38.3377075195313,2.07885885634117,-2.89962337172714
38.5284423828125,1.55491270356761,-2.52498311902525
38.7191772460938,0.296585616358746,-1.80607500917104
38.909912109375,-0.386951648675024,-1.11201623949114
39.1006469726563,0.901943678256688,-1.71089942169806
39.2913818359375,0.383857086812407,-3.75253014084223
39.4821166992188,-0.827839810603538,-1.36608959757045
39.6728515625,-0.583995548734396,-3.35704540264619
39.8635864257813,1.74433731570115,-1.5324993985569
40.0543212890625,-0.461502806818062,-1.28006402551946
40.2450561523438,-0.468311700249834,-2.00827321096119
40.435791015625,1.29977894599326,-2.49247490176827
40.6265258789063,0.433379914201401,-3.23458497383195
40.8172607421875,0.395797640108834,-2.33533764445861
41.0079956054688,-0.211203976143997,-2.16718057986652
41.19873046875,-0.585815659676024,-3.38150955791801
41.3894653320313,-1.23227622271317,-3.24486748403531
41.5802001953125,2.02922227263401,-0.967380539526168
41.7709350585938,0.150474693560194,-0.562792615952809
41.961669921875,0.53365696090845,-2.85714668179138
42.1524047851563,-0.000328630011594305,-3.1799363248866
42.3431396484375,0.487606935916487,-2.68582931968353
42.5338745117188,0.597924228109157,-2.81864105772599
42.724609375,-0.412130803289012,-1.78864159886868
42.9153442382813,0.227374471855875,-1.66602437553244
43.1060791015625,-0.4333192826602,-2.58784649362285
43.2968139648438,0.863475547101706,-1.50563279038072
43.487548828125,0.142034790027699,-2.5687892243492
43.6782836914063,-0.219847797373953,-2.36422379382477
43.8690185546875,-0.664590527253279,-1.81382567447688
44.0597534179688,0.794297027135289,-2.51671333905162
44.25048828125,-1.41036646063489,-1.48097577198966
44.4412231445313,1.95474090328877,-2.11246703463692
44.6319580078125,0.142341589671488,-1.13811332176413
44.8226928710938,1.34156696050315,-1.27847411997509
45.013427734375,1.46461354313544,-1.66376428913735
45.2041625976563,-0.714424682019192,-2.93691736075442
45.3948974609375,0.137365770092917,-3.10619693587865
45.5856323242188,0.406488133411493,-1.11926645208603
45.7763671875,1.17329963202479,-2.8528694259745
45.9671020507813,-0.199824018700606,-2.57561889159884
46.1578369140625,0.341050716863112,-3.4995706862975
46.3485717773438,1.07046215121876,-1.18852761734912
46.539306640625,-1.05065925541052,-1.53451307671188
46.7300415039063,1.14939290254684,-1.7030448980303
46.9207763671875,0.903636466849476,-2.33293549989435
47.1115112304688,0.431168907888826,-1.94904903980908
47.30224609375,1.59504246436884,-4.1719951361378
47.4929809570313,0.181259136567386,-3.31352127764977
47.6837158203125,1.32902299880739,-1.67784369509527
47.8744506835938,1.14364767638773,-2.22183747887508
48.065185546875,0.602084487760682,-1.68971251202539
48.2559204101563,0.331445716494491,-2.32781917225794
48.4466552734375,0.24808832124754,-2.8748844068422
48.6373901367188,0.340987793305623,-2.99884367543947
48.828125,0.36980831123946,-3.95117803904731
49.0188598632813,-0.299506422991034,-2.01248035683701
49.2095947265625,0.852824060876542,-2.02238955381997
49.4003295898438,0.928182666246813,-1.64823900974883
49.591064453125,-0.163127938378723,-1.72374397907958
49.7817993164063,0.160924342368174,-2.56866302992444
49.9725341796875,0.703003554390584,-2.42689930814066
50.1632690429688,0.631649088897317,-1.55393655204868
50.35400390625,0.47137108005394,-1.20068630454643
50.5447387695313,0.901337850015178,-2.07494693687849
50.7354736328125,-0.18511287934594,-3.00161530510111
50.9262084960938,-0.674995668023706,-1.99162478410431
51.116943359375,-0.318946895061049,-2.66682646509057
51.3076782226563,0.537787525326839,-3.94687921717988
51.4984130859375,0.0857145817277036,-2.03999250770229
51.6891479492188,-0.197085582069342,-2.31979733981971
51.8798828125,-0.208358207627586,-1.17226071274767
52.0706176757813,-0.874028511995606,-0.785109879122716
52.2613525390625,1.81697343813344,-2.44614249908148
52.4520874023438,1.43966135991554,-2.08068539196508
52.642822265625,-1.74247887058679,-0.796884161417019
52.8335571289063,0.0279026422721662,-3.11618722706336
53.0242919921875,-1.19691625676284,-0.525875863889852
53.2150268554688,-0.854858377565956,-0.73311261504169
53.40576171875,0.0650787381301103,-2.85997973702449
53.5964965820313,0.0485452466376415,-1.49921267799634
53.7872314453125,-0.268241396114765,-2.49228501010314
53.9779663085938,-1.15256832760891,-2.40260466519864
54.168701171875,-1.29248072369613,-2.24803866393563
54.3594360351563,-0.369612431015891,-3.59910567476639
54.5501708984375,1.33877858731087,-0.270173958759254
54.7409057617188,0.00705679951768693,-0.0596427676365377
54.931640625,-1.46321487760075,-0.924656883540694
55.1223754882813,-0.681032191635853,-2.05482921014599
55.3131103515625,-0.170958818913075,-1.96334682621063
55.5038452148438,0.634734514526155,-1.36401738457661
55.694580078125,-0.262591046798164,-1.99899770705554
55.8853149414063,1.30401024082694,-2.16183157942493
56.0760498046875,0.786620157525136,-1.68278786982641
56.2667846679688,0.755803148180189,-2.75317578227039
56.45751953125,-0.492482173296763,-1.54932488737552
56.6482543945313,-0.309175873003811,-1.74724393626713
56.8389892578125,0.250965945125465,-1.67272547271324
57.0297241210938,0.890501806288005,-0.80262953597098
57.220458984375,1.66290272550872,-3.3050049045501
57.4111938476563,-0.821443345430533,-1.94757487467271
57.6019287109375,0.120665715180748,-1.49707062044565
57.7926635742188,-1.34737160873356,-1.21410536662398
57.9833984375,-0.49576976708264,-1.87932706026042
58.1741333007813,-0.665485039828537,-1.70329681022729
58.3648681640625,-0.611082367826476,-3.19219831091007
58.5556030273438,0.939665283517173,-2.27575344961691
58.746337890625,0.244569094414123,0.511647318887295
58.9370727539063,1.89701410948506,-2.22487802264761
59.1278076171875,-0.555008170657594,-3.94839154114036
59.3185424804688,-0.477665136563386,-2.22733410255977
59.50927734375,-2.06191949380184,-1.35782571532141
59.7000122070313,1.91377888325969,-1.5896120082417
59.8907470703125,1.58255368361223,-2.67222654357579
60.0814819335938,3.14099606283976,-2.36369657387628
60.272216796875,-0.357627056344312,-1.11898726061379
60.4629516601563,-0.780905907715588,-1.88909151397368
60.6536865234375,-0.112990849822337,-1.73913745875966
60.8444213867188,0.710033713750901,-3.36072060552047
61.03515625,0.196976690949383,-1.50229687358931
61.2258911132813,1.26020564687545,-2.93519323244093
61.4166259765625,-0.184450209420528,-3.52026012922505
61.6073608398438,-0.0223435665794539,-2.48663314993016
61.798095703125,0.577091731217211,-0.605851932754115
61.9888305664063,1.56228577477382,-3.03394091173187
62.1795654296875,1.21604309105066,-1.35185454605232
62.3703002929688,-0.261669893776732,-1.44282489736475
62.56103515625,-0.136766898148388,0.31231842534905
62.7517700195313,-0.495793334795257,-1.28269013296061
62.9425048828125,0.833237255847965,-3.51651715681664
63.1332397460938,1.53598642297159,-1.1193014046559
63.323974609375,0.813575402968766,-2.89157376765114
63.5147094726563,0.297585322035248,-1.0450490085764
63.7054443359375,1.05559576832453,-1.75197321671297
63.8961791992188,0.649604290474769,-2.14069174522232
64.0869140625,0.489007274797016,-1.96450076548683
64.2776489257813,1.97788134496376,-1.09855869717663
64.4683837890625,-2.21881848219457,-1.86666027677831
64.6591186523438,0.760883273731795,-0.588330473281943
64.849853515625,-0.0499327858852242,-4.14906031990623
65.0405883789063,-0.521698088750008,-1.85836768133354
65.2313232421875,-0.881499704665534,-1.6960602932716
65.4220581054688,0.262938065885692,-0.149508362092856
65.61279296875,1.21511769990201,-1.700935184186
65.8035278320313,0.751932221936129,-1.90184392570377
65.9942626953125,1.5475540457895,-0.63429942369595
66.1849975585938,-0.500862056198391,-1.70466734202315
66.375732421875,-1.00701337246637,0.537186339824305
66.5664672851563,0.0297344587444171,-3.16050787554645
66.7572021484375,0.964830382046072,-2.37802413685524
66.9479370117188,-1.04004168425911,-0.822996495211166
67.138671875,1.2325410125001,-2.20887414565314
67.3294067382813,1.1819189611099,0.0808552693357502
67.5201416015625,0.963881272190343,-0.424390863217569
67.7108764648438,-0.780998381829746,-1.89233893602476
67.901611328125,0.373455544694354,-2.33412380443377
68.0923461914063,-0.141065878380045,-3.4290828420225
68.2830810546875,-1.30272196119731,-1.61692792943511
68.4738159179688,1.74091921539186,-2.01473236882879
68.66455078125,0.747421136866211,-2.40523673897024
68.8552856445313,1.51654350700725,-1.38799027709899
69.0460205078125,-0.297658644135844,-2.35871091170766
69.2367553710938,1.18537069045156,-2.66311480824474
69.427490234375,1.41926881346862,-1.73544027085362
69.6182250976563,1.92584882845655,-3.06202952120166
69.8089599609375,-0.676185967693794,-2.68251723108172
69.9996948242188,0.421616998604765,-2.17707144783091
70.1904296875,-0.00140272483225502,-1.46452805810703
70.3811645507813,0.297379934275497,-0.927517337498961
70.5718994140625,-1.21905867240957,-0.00932119019909742
70.7626342773438,0.642355699484981,-1.23267599212006
70.953369140625,0.296228086981388,-1.01226173370394
71.1441040039063,-0.398280175479341,-1.38581908938488
71.3348388671875,2.06607016004755,-0.831282225938052
71.5255737304688,-0.49639696878772,-3.63532684203614
71.71630859375,-0.17907759349651,-2.86187790504978
71.9070434570313,-0.0374052214787624,-1.83158277887597
72.0977783203125,-0.848178861844662,-1.41298653346672
72.2885131835938,-0.467253499717245,-1.5039949006933
72.479248046875,0.0713817253838307,-2.02961830671
72.6699829101563,1.51169025283291,-1.93844001774213
72.8607177734375,-0.346984089807302,-0.131938934630241
73.0514526367188,1.54322999542155,0.0514116720165719
73.2421875,-0.444058851137921,-0.0939687819449763
73.4329223632813,-0.450330182355639,0.59198037503022
73.6236572265625,0.12187928918888,-0.825096126725603
73.8143920898438,-0.70264064237388,-1.58001870688508
74.005126953125,-0.107729168595154,-1.61662030065015
74.1958618164063,0.417001417362771,-1.29477601416991
74.3865966796875,-2.19842789939343,-0.852390212591309
74.5773315429688,-1.74582223550845,-1.42202156586655
74.76806640625,0.594376243643919,-1.37201528249517
74.9588012695313,-1.38143429205054,-1.41526167264635
75.1495361328125,-0.447177202460159,-2.04078955532097
75.3402709960938,0.0212469042233945,-2.34810637947758
75.531005859375,-0.661230065725699,-1.3591589514951
75.7217407226563,-0.165157103460515,-2.13685329394407
75.9124755859375,0.059036425671523,-2.23059455008943
76.1032104492188,0.519540754786611,0.292159822582411
76.2939453125,2.31042027947359,-0.133448687358154
76.4846801757813,-1.81754744182089,0.249613362437332
76.6754150390625,1.38359555903961,1.43963738059242
76.8661499023438,-0.141016031934954,-0.791195824655927
77.056884765625,-0.798554545237063,-2.12589813484904
77.2476196289063,-0.780334057267594,-0.928613247395528
77.4383544921875,-0.858343780799933,0.0787729260793061
77.6290893554688,1.81388479621163,-0.948571480274712
77.81982421875,0.160809684669267,-0.873183330591244
78.0105590820313,0.236945862639326,-0.412076857454545
78.2012939453125,0.392954975834703,-2.02492535975741
78.3920288085938,-1.63016901500514,-3.13323034411425
78.582763671875,0.411515057500077,-1.64191416737551
78.7734985351563,1.47772798498853,1.17505296507315
78.9642333984375,-0.215493849506731,-2.65761148004968
79.1549682617188,-0.171447756284404,-1.40636262847475
79.345703125,0.180781501764314,-0.478088150706763
79.5364379882813,0.724676296867468,0.484622555171337
79.7271728515625,1.67897418252238,0.0887968107973071
79.9179077148438,0.174034624462339,-1.34078501269313
80.108642578125,2.34025365251313,-1.75852382081271
80.2993774414063,0.760624344406345,-2.03248610392797
80.4901123046875,1.46595803119392,-0.923449921755807
80.6808471679688,0.635591577718286,-1.5437440981678
80.87158203125,0.146722854325793,-2.40290896964671
81.0623168945313,-1.98105087860317,-1.04405269229519
81.2530517578125,0.542243268638727,-0.762576912563029
81.4437866210938,-0.534146747490311,-1.04107175347057
81.634521484375,1.79858130862186,-0.971515373087199
81.8252563476563,-1.19906018887082,-2.08218590928769
82.0159912109375,1.10770991739215,-2.43607432181917
82.2067260742188,-0.658066574878448,-1.86508235684816
82.3974609375,-0.299701296926918,-1.3402556751433
82.5881958007813,0.546292242133076,-1.43317755345825
82.7789306640625,-1.52443527215105,-1.61963406240938
82.9696655273438,0.635172231347809,-2.29948140358738
83.160400390625,0.944129325996206,-0.841609459024245
83.3511352539063,0.236676541928783,-1.46065546673101
83.5418701171875,1.02358018676272,-2.54858319882426
83.7326049804688,-0.658251648337492,-0.760905008634271
83.92333984375,-0.172872421124639,-2.60008933524527
84.1140747070313,-0.173955643049707,-0.948213290939482
84.3048095703125,-0.277625131237031,-1.73938001742232
84.4955444335938,0.638346490408449,-0.953699677755491
84.686279296875,0.810396087861301,-0.382126372830801
84.8770141601563,-1.05509461725124,-2.64455930260652
85.0677490234375,1.11333256361501,-2.56210211036263
85.2584838867188,0.138153317558619,-0.624681188995256
85.44921875,1.25790997421383,-0.720433561698722
85.6399536132813,1.45752058265373,-2.06195868872687
85.8306884765625,-0.212393589281234,-1.59960632828399
86.0214233398438,1.04984801893259,0.520100300822216
86.212158203125,0.531682059783047,-2.86092947602465
86.4028930664063,-0.633302484298121,-0.459905871827306
86.5936279296875,2.82808223312398,-2.11177599809272
86.7843627929688,1.05822438097222,-1.58485852630831
86.97509765625,0.922356134637427,0.628432726039851
87.1658325195313,-0.793349429314679,-0.614360861765671
87.3565673828125,-0.0803769208797711,-2.35449360506456
87.5473022460938,2.77832834612176,-1.09602268284992
87.738037109375,0.184041361478326,-2.14821328268314
87.9287719726563,-0.772064481223793,-1.7308445238222
88.1195068359375,0.790407574911675,-3.35929940924676
88.3102416992188,0.685694493430762,-1.4163228660032
88.5009765625,0.202963219580497,-0.780814236006466
88.6917114257813,-0.42175964246644,0.100493682307444
88.8824462890625,0.664643303700208,-0.561371642316906
89.0731811523438,0.0454114217615895,-1.25000923152591
89.263916015625,1.40181015321656,-1.88523541981759
89.4546508789063,-0.546407547468853,-1.24002058891609
89.6453857421875,0.33998520062437,-0.242029245913703
89.8361206054688,0.19600173966098,-1.85766928784647
90.02685546875,0.439568515457056,-1.00685853556978
90.2175903320313,1.35033186711214,-0.319987289320306
90.4083251953125,0.891308791200769,-0.862436466929773
90.5990600585938,1.10963142594217,-2.14359956624647
90.789794921875,-0.036107741257779,-1.96556203101264
90.9805297851563,0.022012374380872,0.245842954636812
91.1712646484375,-1.01915949798701,-2.4597772048861
91.3619995117188,-1.82257604278181,-1.60864415783279
91.552734375,-0.0967208491838767,-0.157584310894603
91.7434692382813,2.0084069507998,1.32479411091364
91.9342041015625,-0.758067078197627,-1.29884350357771
92.1249389648438,-0.450337524331149,-0.909557416256516
92.315673828125,0.725592379704579,-0.225885112419238
92.5064086914063,1.17266436247351,-0.0548373479964503
92.6971435546875,-0.0817071669210051,-1.63192610131269
92.8878784179688,-0.621544331025516,0.204045723416073
93.07861328125,1.46517252446624,-0.29036927555055
93.2693481445313,0.302071406777683,-0.0797539667014957
93.4600830078125,-0.824390562507837,-1.59150072048526
93.6508178710938,0.367972807769137,-0.633223255723549
93.841552734375,0.446752134014511,-1.47333903907914
94.0322875976563,0.221479870525094,-0.663203240506943
94.2230224609375,-0.775599303520906,0.0221566616585836
94.4137573242188,-0.616916369628451,-2.13772199628269
94.6044921875,-1.97224295723019,-1.20425168915104
94.7952270507813,1.36921329812351,-2.3954203201412
94.9859619140625,-2.27572518102514,-1.02483813907512
95.1766967773438,0.351277649852529,-1.24975205955404
95.367431640625,0.11166643037575,-2.33610484117598
95.5581665039063,0.619546108243152,-1.35101866555437
95.7489013671875,1.82987148294746,-2.4746992529047
95.9396362304688,1.31069806272169,-2.0195601960475
96.13037109375,0.398400858145424,0.291621047848746
96.3211059570313,1.15403084015357,0.144904537741305
96.5118408203125,0.232207017074183,-0.797562727592938
96.7025756835938,0.973656973164883,0.0893909709675835
96.893310546875,-0.0217497985737563,-1.62057637332333
97.0840454101563,-0.374071509682203,-1.61673846139017
97.2747802734375,0.712488383816896,-0.607407878406123
97.4655151367188,0.784824989292666,-0.247309392952045
97.65625,-0.268391399886573,0.408800278793195
97.8469848632813,0.494558386979361,-1.37448224610196
98.0377197265625,0.761278501738229,-1.17890620400221
98.2284545898438,1.80364713320841,0.0748338857003659
98.419189453125,0.627212780487179,0.165655863973151
98.6099243164063,-0.198945502516565,-1.33160321978215
98.8006591796875,-0.680939048418162,-0.535871139442818
98.9913940429688,-1.21780857007538,-2.4835163591925
99.18212890625,0.14010918018434,-1.9982551015526
99.3728637695313,0.14152441831984,-1.87758095845973
99.5635986328125,-0.546437920036058,-2.7724839984839
99.7543334960938,-1.52104859918703,-2.29780866883007
99.945068359375,-0.794469764895405,-2.97114589231319
