Fre(kHz),Re,Im
-99.945068359375,-0.390958386772522,0.276541146156964,ZeroPoint:Tj,21,10
-99.7543334960938,1.63045740892071,2.00360556085649,Const.;stime,3.33008752,6.4E-07
-99.5635986328125,-0.566527985989483,1.93922933368782,Fre.Range:Tau,-100:100,1.5E-05
-99.3728637695313,0.0927132040599436,1.11535967364716,FFTSize:DataSize:Firstpul,8192:8192,6E-07
-99.18212890625,0.405898601647925,1.17188012779852,130kfidF6666,Freq.=141430000
-98.9913940429688,0.797660314900546,0.470693602856579
-98.8006591796875,2.16365927536613,1.54856547763904
-98.6099243164063,0.263155613786622,0.869659673972049
-98.419189453125,1.38324049299333,2.48803819340077
-98.2284545898438,0.822312529186671,0.0279887903630206
-98.0377197265625,1.06184329179761,0.251549713024924
-97.8469848632813,0.449877671519534,-0.519414546968139
-97.65625,2.44640722206509,1.20428746408192
-97.4655151367188,-0.792913961807303,2.11159070620281
-97.2747802734375,0.319084879809339,1.68824151589357
-97.0840454101563,1.17069136719305,2.07384708783189
-96.893310546875,1.2086037428686,0.220036766392023
-96.7025756835938,1.79408294229724,0.102214457628833
-96.5118408203125,1.63027469796243,0.194429302464764
-96.3211059570313,0.0741276358298466,0.0721251063753568
-96.13037109375,0.316116856510895,0.820888756826191
-95.9396362304688,-0.194867334217248,1.73154541889807
-95.7489013671875,2.31623590932743,1.2656069124627
-95.5581665039063,0.383159654333875,1.29692800132406
-95.367431640625,0.902063088674432,0.870690615705956
-95.1766967773438,1.33908262143808,2.14627954455169
-94.9859619140625,1.18965533818459,1.2388385386315
-94.7952270507813,-0.434559304911965,-0.669309845044451
-94.6044921875,1.12170865668677,-0.469959617189753
-94.4137573242188,0.522016968562902,-0.51719533917007
-94.2230224609375,0.535036542536008,1.32214540565883
-94.0322875976563,2.12317995562078,1.83509128267498
-93.841552734375,1.38586472379045,1.67214865899087
-93.6508178710938,-0.467531677281611,0.925528142749271
-93.4600830078125,-1.30300216103473,1.05290671755781
-93.2693481445313,1.08915589320223,1.40107675602858
-93.07861328125,-0.60357902765666,2.36637946666626
-92.8878784179688,0.353412356222628,1.55979212659394
-92.6971435546875,0.942319585167849,0.276243358242777
-92.5064086914063,-0.470626276491609,2.06823486191139
-92.315673828125,0.239356482382458,0.166691612323074
-92.1249389648438,0.17162104144112,0.0184122787987221
-91.9342041015625,1.07005367847126,2.06669221099416
-91.7434692382813,1.78761702504032,0.501064672602495
-91.552734375,3.13993194391241,1.92458566245038
-91.3619995117188,0.228537533411969,2.32898512516574
-91.1712646484375,2.00755593801743,1.62141185085536
-90.9805297851563,-0.00468030912789204,1.79915084371372
-90.789794921875,1.72798643690458,1.10200470355766
-90.5990600585938,0.0937332069783727,1.90623808962253
-90.4083251953125,1.35881625892966,0.995610673106851
-90.2175903320313,0.214606075907328,2.27181509127287
-90.02685546875,0.309949019579274,1.6927848494066
-89.8361206054688,-0.597234392031025,2.88817832061343
-89.6453857421875,1.57191260482915,0.860669656511163
-89.4546508789063,1.16714676148001,2.09059073533045
-89.263916015625,1.1514134453632,1.00201919334892
-89.0731811523438,2.0093473596473,1.251228995896
-88.8824462890625,0.915803502179024,2.17889553185866
-88.6917114257813,0.00259157370745489,0.890937641106982
-88.5009765625,-0.65299060919073,1.05389904008368
-88.3102416992188,1.38218030955523,-0.533965518139633
-88.1195068359375,0.88265357091501,2.272505243575
-87.9287719726563,0.384216300817938,1.72242848986994
-87.738037109375,0.868696262175134,1.61665038180533
-87.5473022460938,0.918557596166546,2.55458245922737
-87.3565673828125,-0.61418024141177,0.266907042655721
-87.1658325195313,0.476509391637964,0.998948234418654
-86.97509765625,-0.118404525281314,1.75224805813591
-86.7843627929688,1.24192586007643,3.27898381023225
-86.5936279296875,-0.66826639218942,0.667123661302296
-86.4028930664063,-0.669215294131371,0.899836767885196
-86.212158203125,0.148074585691586,2.39254784676372
-86.0214233398438,0.956144452261634,2.49576594727209
-85.8306884765625,0.32242289976208,0.72266135534726
-85.6399536132813,0.999621788101224,0.852506362515506
-85.44921875,0.0349822493040519,1.55620131637536
-85.2584838867188,1.05065732997015,1.52731586564994
-85.0677490234375,-0.193742409849516,1.03216071202167
-84.8770141601563,0.544470811169099,2.52230024402786
-84.686279296875,-0.238123147622043,1.35622342964603
-84.4955444335938,-1.06271062810057,0.562729973032268
-84.3048095703125,-0.10640966663365,1.75625719425306
-84.1140747070313,1.42312306642605,2.26089438188659
-83.92333984375,1.01084156984146,-0.208485552623702
-83.7326049804688,0.335280528042247,2.15569214911548
-83.5418701171875,0.620315863013712,0.753541061128892
-83.3511352539063,0.389261172738186,1.18177781960109
-83.160400390625,-0.807661596522786,2.10509083082894
-82.9696655273438,-0.670923271261432,1.80552016970983
-82.7789306640625,1.54079478939344,1.052620291105
-82.5881958007813,1.59781539915122,1.24490339817084
-82.3974609375,0.244458339476399,2.35175803235716
-82.2067260742188,0.259659126966851,0.58806256100461
-82.0159912109375,0.705610061836495,0.506059687718175
-81.8252563476563,1.10879317127123,2.84434975277374
-81.634521484375,0.0438885827972933,1.59746665434948
-81.4437866210938,-0.56988084920407,1.43901924353058
-81.2530517578125,1.64315561634496,1.18859707371402
-81.0623168945313,0.752957900697372,1.25607151399998
-80.87158203125,0.679611427350894,1.68730111414618
-80.6808471679688,0.388739766696687,0.756130767380714
-80.4901123046875,1.98795344119558,2.65590409280379
-80.2993774414063,1.2757661347472,1.87204708159166
-80.108642578125,0.444995326229853,1.92626840582172
-79.9179077148438,0.290249904129582,1.86312801373066
-79.7271728515625,0.192680041241092,2.69183169693889
-79.5364379882813,2.00945413008777,2.05069486900997
-79.345703125,-0.582386004127166,0.842242830712022
-79.1549682617188,0.399579213705988,2.50389685090058
-78.9642333984375,0.150779590370732,2.85568604417137
-78.7734985351563,1.28841750202267,1.30514367907233
-78.582763671875,0.548932528083214,1.70005982595206
-78.3920288085938,0.45186851504793,3.0434468675805
-78.2012939453125,1.90353363137442,3.22752767242276
-78.0105590820313,1.43414895115569,1.42636812059922
-77.81982421875,-0.466748372289642,1.5701245502359
-77.6290893554688,0.507828126264433,1.54046832708795
-77.4383544921875,0.0461628209038608,2.24103733694109
-77.2476196289063,0.921782425413289,2.33503940978395
-77.056884765625,1.48594002553169,1.55873334512769
-76.8661499023438,0.284612207335374,0.380404495109186
-76.6754150390625,0.995696585821975,1.49609882865665
-76.4846801757813,0.515124967782863,2.51985374931761
-76.2939453125,-0.0137663259339513,0.576577980304665
-76.1032104492188,0.391925639001417,2.61991237044374
-75.9124755859375,-0.104555402938528,2.05066821107158
-75.7217407226563,0.927598264519572,0.733662792956027
-75.531005859375,0.85233406153682,1.46973229527889
-75.3402709960938,-0.223637543624473,1.46554919344878
-75.1495361328125,0.654000818206992,1.75230728016728
-74.9588012695313,1.02384305105112,2.93128733953503
-74.76806640625,1.0444417041157,2.35136601478871
-74.5773315429688,0.527770825590784,0.525393377624101
-74.3865966796875,1.91568248697405,2.37041172638482
-74.1958618164063,2.61889600403591,2.08927797308601
-74.005126953125,0.15026173303646,1.99295214446198
-73.8143920898438,1.10427316773944,0.959460044869774
-73.6236572265625,1.46498608181439,1.82455782675306
-73.4329223632813,0.323768892685405,2.0942574589917
-73.2421875,1.42271319675945,0.278851624362821
-73.0514526367188,-0.450416483253646,0.584789980122991
-72.8607177734375,0.223910055809433,0.524163499942138
-72.6699829101563,-0.927871050328021,1.38462761447257
-72.479248046875,-0.230398265210167,1.84314027948576
-72.2885131835938,-0.139485118718437,2.41434020722804
-72.0977783203125,1.31580683540589,1.71833993247826
-71.9070434570313,0.0676319331484905,2.27721673112835
-71.71630859375,1.54403747612672,0.580582857153994
-71.5255737304688,1.56212217067355,1.36807790219753
-71.3348388671875,-0.164577624831512,1.0627477919314
-71.1441040039063,0.920194405593647,2.48729786764414
-70.953369140625,2.26104608626688,0.524949867634863
-70.7626342773438,-0.222419972556015,1.67173891692103
-70.5718994140625,1.309906690165,2.1381272950898
-70.3811645507813,1.9624132347174,1.7471221082812
-70.1904296875,1.26081696900802,1.5917296696615
-69.9996948242188,0.392185307002554,3.15983508061317
-69.8089599609375,2.01359406792877,1.94171568920629
-69.6182250976563,1.91961401495301,1.32325876454454
-69.427490234375,-1.42648525607024,1.44895479574086
-69.2367553710938,-2.02921102084126,3.09691591102839
-69.0460205078125,1.23750889469982,1.58586411839462
-68.8552856445313,0.0901887573319227,1.06001336086614
-68.66455078125,0.327686342524925,1.9418953116048
-68.4738159179688,0.577645491748249,2.27734150103217
-68.2830810546875,1.47238233538492,0.782705393008643
-68.0923461914063,-0.0971463209882401,3.68191881706959
-67.901611328125,1.24756591812898,3.1542554582494
-67.7108764648438,-0.466743314378981,1.09694828723914
-67.5201416015625,0.776921152794134,2.5986782109706
-67.3294067382813,0.929778231389252,2.58732227529149
-67.138671875,0.692892734268833,1.33397508567635
-66.9479370117188,0.4880281632876,1.82110993553453
-66.7572021484375,-0.842194581309461,2.97794744891095
-66.5664672851563,0.836580091736573,1.39947869070842
-66.375732421875,1.20041549422791,2.70281271914982
-66.1849975585938,1.13731359177371,1.13987947427473
-65.9942626953125,2.19627632710131,2.51185694661914
-65.8035278320313,0.697577328825312,2.24686060844311
-65.61279296875,0.512051012934786,2.81211496111743
-65.4220581054688,0.260038570953545,2.04322654409006
-65.2313232421875,-0.774992702025771,2.28908954359957
-65.0405883789063,-0.561743015907328,1.36809128367176
-64.849853515625,1.38620695919421,2.05415015028221
-64.6591186523438,2.23957482673033,2.18604219912642
-64.4683837890625,0.407763315962015,1.30668431860782
-64.2776489257813,0.227518350191599,2.89291634103757
-64.0869140625,1.34043207921653,3.40341286525178
-63.8961791992188,2.27480219527752,2.36794407413454
-63.7054443359375,1.13527907260167,2.11657629975408
-63.5147094726563,0.393536507340344,2.45271450433647
-63.323974609375,1.843934147571,2.39202662435956
-63.1332397460938,2.05100592972762,2.12403659845937
-62.9425048828125,2.10888788453108,3.87949355589467
-62.7517700195313,1.02814799572562,2.09803892598836
-62.56103515625,0.648760644095745,2.37919646780921
-62.3703002929688,1.04577731563335,2.5869967073935
-62.1795654296875,0.858608791399778,1.98092963983919
-61.9888305664063,1.23378233586839,2.3373684301612
-61.798095703125,0.0506788927770069,3.42834520742795
-61.6073608398438,1.35441731924534,0.0936483145399536
-61.4166259765625,0.972440652364562,0.735198951290244
-61.2258911132813,0.126121207078825,2.52768291267703
-61.03515625,0.862392566047065,1.15286935183141
-60.8444213867188,1.70919233840627,3.23823506684556
-60.6536865234375,0.195445497655404,1.70511749919552
-60.4629516601563,1.04287079831331,1.48774970470759
-60.272216796875,-0.959561757953534,0.5972066191612
-60.0814819335938,0.109031137324186,2.14398706965858
-59.8907470703125,2.65943653311324,2.04055046850228
-59.7000122070313,1.27247616388184,4.77630194298782
-59.50927734375,0.646044632216531,2.21551635570337
-59.3185424804688,1.23948915233036,1.31800418001258
-59.1278076171875,0.530964794580632,3.46318114452565
-58.9370727539063,0.669999397324275,1.57650993630823
-58.746337890625,0.735446815504579,2.58578353751141
-58.5556030273438,1.88333413383279,2.34066983731428
-58.3648681640625,-0.908297472258201,2.66292644611367
-58.1741333007813,1.96120377490788,2.07171446570241
-57.9833984375,0.726724961967749,3.98718290230269
-57.7926635742188,0.818220086152082,2.48072643825741
-57.6019287109375,1.4878239487765,2.22279618671367
-57.4111938476563,0.915894459467446,1.0976954492904
-57.220458984375,-0.101538462712602,2.21103059950229
-57.0297241210938,-0.331462062235005,1.4189886051758
-56.8389892578125,3.16340435211314,1.84888786303949
-56.6482543945313,1.61073217167911,1.34218411199624
-56.45751953125,1.21512167344372,2.30947766808019
-56.2667846679688,0.977343061859243,0.96491755336136
-56.0760498046875,0.714012854310805,2.11222490181599
-55.8853149414063,0.215145803167673,1.57768569040012
-55.694580078125,0.330795679698272,0.690636405624615
-55.5038452148438,1.57802724338193,2.06435804095492
-55.3131103515625,0.694936549629994,1.18673403901375
-55.1223754882813,0.835122713881091,2.13491424615078
-54.931640625,1.18725883705964,0.9848397176678
-54.7409057617188,1.66119533784472,2.26447741731333
-54.5501708984375,0.862361069437033,0.97341799014719
-54.3594360351563,2.89635772536988,2.29955988987905
-54.168701171875,1.04935933287224,2.16129662406609
-53.9779663085938,1.82008213655937,1.01914659011227
-53.7872314453125,0.947214482043138,2.04445305278953
-53.5964965820313,-0.194226928931956,4.52325972282381
-53.40576171875,0.790926737668238,2.40293410097562
-53.2150268554688,0.772402690605421,2.09752175026529
-53.0242919921875,1.67047128931986,3.28950726331833
-52.8335571289063,1.92596614834363,3.86409514140591
-52.642822265625,1.22674266495372,1.06886053267989
-52.4520874023438,0.100463154891989,2.58928121120231
-52.2613525390625,2.16152344164272,1.62679747046216
-52.0706176757813,0.871938703771417,1.57298788055969
-51.8798828125,0.606410531857198,1.45499483932188
-51.6891479492188,0.963391137720812,1.79880215268126
-51.4984130859375,0.365290980461817,2.00127366050941
-51.3076782226563,1.2167855430438,2.43918195735393
-51.116943359375,0.36308638681131,3.06052969695357
-50.9262084960938,1.49252912058992,1.94702389961176
-50.7354736328125,1.80695492371373,1.34916547928639
-50.5447387695313,1.09839321613629,3.5777315535804
-50.35400390625,0.078286258310086,1.63200321473887
-50.1632690429688,1.13645684060539,2.39448722040072
-49.9725341796875,-0.00468628216470485,2.82323320465755
-49.7817993164063,-0.901001529747667,2.2933746671409
-49.591064453125,0.598611509951083,2.8260172703768
-49.4003295898438,1.36430157135463,0.478411603355884
-49.2095947265625,0.173445644764385,2.44603198926759
-49.0188598632813,2.23448722896239,2.39291529953915
-48.828125,1.11333190563903,1.40476643379348
-48.6373901367188,1.58876707540286,2.85924820002878
-48.4466552734375,-0.407220935723507,0.267738385754264
-48.2559204101563,1.16514929138378,2.20134356339061
-48.065185546875,0.388972883748586,3.03592218047977
-47.8744506835938,1.30120444776367,2.72857245659298
-47.6837158203125,1.53411448974019,1.27914371782556
-47.4929809570313,0.697049957172629,1.63969905403574
-47.30224609375,2.34183866269306,2.03825593255652
-47.1115112304688,0.49050547297397,2.00944157200911
-46.9207763671875,0.953133557226602,2.49565236302191
-46.7300415039063,1.20603210503856,2.26173252287458
-46.539306640625,2.32811219761749,2.62174794224437
-46.3485717773438,0.944337396763258,2.0160603715187
-46.1578369140625,1.82982486093733,2.55450409933518
-45.9671020507813,0.345238809735216,1.70692721618984
-45.7763671875,0.0547398610773823,3.32879200619929
-45.5856323242188,2.63288149728951,2.32254300713571
-45.3948974609375,0.624506554972684,3.45023078554697
-45.2041625976563,1.55483731525032,1.96695678998776
-45.013427734375,1.91499989143382,2.80472299402576
-44.8226928710938,2.42959509108474,2.65266009731524
-44.6319580078125,-0.592556247798982,2.57062162464589
-44.4412231445313,1.12649310266248,2.14430233252062
-44.25048828125,0.953862552750266,1.76247627211583
-44.0597534179688,2.01937700936461,4.0964143334706
-43.8690185546875,1.22250211412977,1.83752384419461
-43.6782836914063,0.124394030717673,5.1651766629426
-43.487548828125,-0.207954002517391,0.925669704138353
-43.2968139648438,1.72777480279555,3.41356746298687
-43.1060791015625,1.30521811467442,1.60699046479487
-42.9153442382813,1.32794090684109,2.017756741801
-42.724609375,2.46225945538247,3.91282805995939
-42.5338745117188,1.99583175997106,1.98770359472466
-42.3431396484375,0.844459478176916,2.59533577512981
-42.1524047851563,-0.315883991448647,2.34737993655825
-41.961669921875,0.301480080836309,2.84126809831827
-41.7709350585938,0.347272986956885,3.68521423777691
-41.5802001953125,0.247149948533188,3.1323689081883
-41.3894653320313,1.36171637824139,2.38591608162869
-41.19873046875,0.802962870507579,2.52228289643954
-41.0079956054688,0.681470326884292,2.49469376352952
-40.8172607421875,-1.33159329373037,3.14755225787718
-40.6265258789063,0.836070275995442,3.57624887281004
-40.435791015625,1.59469005407735,2.86638394982626
-40.2450561523438,1.48592114451515,1.75184612932549
-40.0543212890625,2.67676240300834,1.33348760414229
-39.8635864257813,1.46524691505672,2.76502171934071
-39.6728515625,0.991107162120541,2.07682081497186
-39.4821166992188,0.860818007057309,2.71092586113943
-39.2913818359375,1.06077028748943,1.82184856518522
-39.1006469726563,0.878975401970439,4.65548735236679
-38.909912109375,1.87218464309755,2.99208235816142
-38.7191772460938,0.568101895748171,2.58719541330989
-38.5284423828125,2.32133168857011,3.82925623937675
-38.3377075195313,0.583426162060749,2.47186259036956
-38.14697265625,1.81463775104385,4.02382794616708
-37.9562377929688,1.81671365230478,2.94665373046368
-37.7655029296875,1.93741246107097,1.42772653147665
-37.5747680664063,0.682994590387504,3.81439555701529
-37.384033203125,-0.304580068257019,4.14025414065087
-37.1932983398438,0.879371673296076,2.42052641610307
-37.0025634765625,1.75734282839195,3.71493934422006
-36.8118286132813,-0.277878696072617,3.34385354334316
-36.62109375,0.589375758544356,5.29198998260763
-36.4303588867188,0.865275732336573,3.75567444711042
-36.2396240234375,1.10325234083947,3.42217723612538
-36.0488891601563,1.21931350116765,1.9968593447612
-35.858154296875,0.765022356231703,3.7332367150906
-35.6674194335938,1.49942480202268,3.13745207895006
-35.4766845703125,0.940999662568454,4.13499666661332
-35.2859497070313,1.48014533286721,4.14543919055459
-35.09521484375,0.201465969228897,2.34756450115539
-34.9044799804688,1.07359380486776,3.13049821079342
-34.7137451171875,1.10785685540622,2.80379853803429
-34.5230102539063,2.14047311989919,2.40770070397243
-34.332275390625,1.65326986273028,3.10053348359157
-34.1415405273438,0.216957344647888,4.68226529065372
-33.9508056640625,1.33957418054058,3.26552696939196
-33.7600708007813,1.2122956516042,4.15288430192344
-33.5693359375,2.06900835359894,4.38798080654742
-33.3786010742188,1.68032943817643,2.86161127296928
-33.1878662109375,0.797567319026025,4.14143732502644
-32.9971313476563,0.60256812651096,3.70979743531234
-32.806396484375,1.77016618522012,3.48321832145206
-32.6156616210938,0.491576416244376,5.19426726943097
-32.4249267578125,1.00433091109213,2.1118750026138
-32.2341918945313,-0.121184777854553,4.9713755491204
-32.04345703125,-0.355570533304973,4.26775411948904
-31.8527221679688,1.62837632069566,5.18113658704272
-31.6619873046875,1.82708636561263,2.51233365447111
-31.4712524414063,1.63183665329999,4.32499554769629
-31.280517578125,0.261461988388923,2.85189058432669
-31.0897827148438,1.23428251902558,2.84319311863611
-30.8990478515625,-0.161497801797313,4.06471826234872
-30.7083129882813,0.73566108412317,2.86846555388607
-30.517578125,3.7707827813744,4.48376434739652
-30.3268432617188,2.38273965650548,3.63845378626987
-30.1361083984375,0.457045821389713,5.76610016963816
-29.9453735351563,1.95422139671201,3.56588888568937
-29.754638671875,0.83145422195457,4.26829073576413
-29.5639038085938,1.52515085303941,4.93174056896655
-29.3731689453125,1.10955413086588,4.45926837204274
-29.1824340820313,1.98680207908311,4.64402208772721
-28.99169921875,1.04066342158932,4.98604609521154
-28.8009643554688,1.09337397077826,4.11595614965957
-28.6102294921875,2.07726820118709,3.6294981044878
-28.4194946289063,1.46133830063689,5.07595146471809
-28.228759765625,1.79576032353897,3.43715295621272
-28.0380249023438,-0.432870444435348,4.43505014898557
-27.8472900390625,1.00707148872336,4.72069473227307
-27.6565551757813,0.132638906597947,5.68215441849093
-27.4658203125,-0.706624506508878,5.51142384317949
-27.2750854492188,1.23064741693433,6.26645762943463
-27.0843505859375,1.65321190636003,4.14736586587783
-26.8936157226563,1.59021799350863,4.74607728570572
-26.702880859375,0.718087770147221,4.70001498907861
-26.5121459960938,0.933219127866522,5.81592785722422
-26.3214111328125,1.4528311439117,5.60585096613612
-26.1306762695313,1.11056037769423,4.84455922456913
-25.93994140625,1.36203949710723,5.28376166300598
-25.7492065429688,1.39448018988881,4.74699550693101
-25.5584716796875,1.95694314121496,4.8074127075395
-25.3677368164063,2.60127503180934,5.26272150732115
-25.177001953125,1.91263671702273,3.98675578189055
-24.9862670898438,1.20680617589085,6.26983789125162
-24.7955322265625,2.66037111808488,5.70782526466442
-24.6047973632813,2.35396340789064,4.78943950043673
-24.4140625,2.80332160872002,4.89913405524634
-24.2233276367188,2.36636956671773,5.10131695298547
-24.0325927734375,1.40061439462676,5.01600807999762
-23.8418579101563,2.52450471088155,6.58446106711191
-23.651123046875,1.53435895168075,6.04536216322389
-23.4603881835938,1.4450762703296,4.37153442822501
-23.2696533203125,-1.10484319348637,7.4766481416852
-23.0789184570313,1.83808443789258,6.04920737244517
-22.88818359375,0.916434447038282,6.02665349046565
-22.6974487304688,0.587573911628658,6.69223244659426
-22.5067138671875,1.13823259957312,6.03152905993111
-22.3159790039063,3.04740629901617,7.23462662443711
-22.125244140625,1.68494295865169,8.01686470510459
-21.9345092773438,3.3554013788253,7.45097749233165
-21.7437744140625,1.97133827504591,8.3125515575283
-21.5530395507813,0.25845348786793,8.52745090463979
-21.3623046875,1.93931294590107,6.9197023970809
-21.1715698242188,1.74950868349608,7.99430725542029
-20.9808349609375,1.17306956752819,8.49030540879357
-20.7901000976563,0.376404819509264,9.65469568316989
-20.599365234375,1.71126092515656,9.98562819326733
-20.4086303710938,1.80794565238788,9.92440529036605
-20.2178955078125,0.829157408146245,9.82174867723738
-20.0271606445313,0.438306751650844,10.1672500675059
-19.83642578125,2.93720035213456,10.0099693671397
-19.6456909179688,1.10878011620614,8.95459832614107
-19.4549560546875,1.65326187259287,10.2187317657894
-19.2642211914063,1.58670524193966,10.3428602204319
-19.073486328125,2.74556223571849,11.0809268949818
-18.8827514648438,2.58331994038755,11.2983044759089
-18.6920166015625,2.87449675009019,10.9391152102801
-18.5012817382813,2.8691474792946,12.391742382964
-18.310546875,2.32623093213211,12.659988360678
-18.1198120117188,5.40151950659357,13.5433263497506
-17.9290771484375,3.22590510302061,13.6837021828701
-17.7383422851563,4.26616979817055,14.4433883782487
-17.547607421875,3.67642949362254,13.944098904971
-17.3568725585938,4.66677215846727,13.8422878341037
-17.1661376953125,6.88250316845466,15.3580329669407
-16.9754028320313,6.04067265686056,14.6279642351836
-16.78466796875,7.49488892230925,15.8662966834718
-16.5939331054688,8.03589661495725,14.4149395932502
-16.4031982421875,8.23933065916392,16.8742677277231
-16.2124633789063,8.17201995138009,15.5000188602789
-16.021728515625,9.66409838457727,18.3124174576708
-15.8309936523438,9.10039452057702,16.1055317377802
-15.6402587890625,9.85281752465159,16.7443720476092
-15.4495239257813,12.605995822346,16.3998029128717
-15.2587890625,13.087772762112,15.8454830275343
-15.0680541992188,13.9232336399742,15.2747071505219
-14.8773193359375,14.804302072869,16.8837596149914
-14.6865844726563,15.3768740852105,14.5906282737691
-14.495849609375,15.5795116302153,13.9725052914372
-14.3051147460938,16.3064990177089,13.1058334538499
-14.1143798828125,15.5218997763552,13.349742613866
-13.9236450195313,19.2436623017912,13.8464397594664
-13.73291015625,16.7602954144702,13.7384794477178
-13.5421752929688,19.9810555383004,11.7195715596172
-13.3514404296875,16.5358408301166,11.0633147629037
-13.1607055664063,21.2475298927593,11.5655035698176
-12.969970703125,21.2745761903853,8.91643650951958
-12.7792358398438,20.7209233989074,9.98327630814483
-12.5885009765625,23.026591760241,9.26912835347474
-12.3977661132813,22.8570394350386,9.5358487196807
-12.20703125,23.4738618749153,6.49920478126714
-12.0162963867188,23.3621200982508,6.28853703106877
-11.8255615234375,21.8296531757911,6.59379617864184
-11.6348266601563,22.9048040772789,5.55232398697356
-11.444091796875,23.662230564938,4.64831461814166
-11.2533569335938,24.1175566114499,5.29649125402568
-11.0626220703125,22.942117476665,3.46575080712405
-10.8718872070313,23.7937705386141,3.80274670905683
-10.68115234375,23.944192483173,0.833440626333602
-10.4904174804688,23.9905596554463,1.70733458413658
-10.2996826171875,22.3439661770784,1.11945063906558
-10.1089477539063,21.610100360229,0.481556237744478
-9.918212890625,22.5914153358613,1.14428033616485
-9.72747802734375,22.606851056389,0.754199898096688
-9.5367431640625,21.8545999148824,-2.27204725131661
-9.34600830078125,23.6576222705742,-3.0898167469725
-9.1552734375,22.3342692687905,-2.86017798639282
-8.96453857421875,24.0072656535832,-4.00440145430734
-8.7738037109375,23.5992748230089,-3.87292996952891
-8.58306884765625,23.3547881628997,-4.49478762028277
-8.392333984375,22.8725844106381,-5.3104532995446
-8.20159912109375,22.179370905453,-6.04043670708857
-8.0108642578125,21.5635618185037,-6.21707604952361
-7.82012939453125,22.0354906414679,-5.89611111436169
-7.62939453125,21.3614864122774,-9.00801060620761
-7.43865966796875,21.8132576395605,-9.18995082545984
-7.2479248046875,20.6229279073591,-8.39576070401571
-7.05718994140625,20.29347508289,-9.22773190325074
-6.866455078125,20.1563169225535,-11.4792451111157
-6.67572021484375,20.4562995554905,-11.3428880911287
-6.4849853515625,19.5326250655711,-11.4103535921115
-6.29425048828125,18.9495580840618,-9.73123496983017
-6.103515625,20.1977373904393,-12.4672396971204
-5.91278076171875,17.1944196460432,-13.4206476903623
-5.7220458984375,16.9498239668862,-14.1390331319809
-5.53131103515625,16.2673765800688,-14.4864447922403
-5.340576171875,14.8211515347547,-14.6745057985854
-5.14984130859375,14.9881999611616,-14.2674247428871
-4.9591064453125,14.4746132216656,-16.0845750540267
-4.76837158203125,15.2966233107161,-14.8649753927357
-4.57763671875,12.5804236324353,-14.7390931037254
-4.38690185546875,13.0358962029424,-14.3966025305158
-4.1961669921875,11.8866189496453,-15.8493453166956
-4.00543212890625,10.8550458147466,-13.3743578019703
-3.814697265625,11.6395863163949,-16.1186909247885
-3.62396240234375,7.76397945155405,-15.869357236013
-3.4332275390625,8.23078819689869,-14.6700961603615
-3.24249267578125,9.12827611838367,-14.9359348169715
-3.0517578125,7.01304138806815,-15.5435478229786
-2.86102294921875,8.47916363684886,-13.7386518491128
-2.6702880859375,6.81782916111427,-16.2678935105133
-2.47955322265625,5.18018801899269,-12.7587138507635
-2.288818359375,6.79240600281188,-13.2067647129382
-2.09808349609375,5.33319615748201,-13.8471389374857
-1.9073486328125,4.01819940240465,-12.0209459800519
-1.71661376953125,3.59885986919151,-12.3531608387857
-1.52587890625,6.06256334544467,-14.248717341585
-1.33514404296875,3.36290085373596,-13.5647548542394
-1.1444091796875,4.30861761599707,-11.2508657751685
-0.95367431640625,3.76584666770282,-12.9801028187003
-0.762939453125,3.48056189625647,-11.2658494286959
-0.57220458984375,3.25254644883883,-9.50661694187935
-0.3814697265625,3.09097665386798,-11.5799275366185
-0.19073486328125,2.33799733416449,-11.1593251340089
0,2.63181122260968,-10.5325884002887
0.19073486328125,2.14964065613704,-11.0408758900206
0.3814697265625,1.74249705467466,-9.74428702704394
0.57220458984375,3.13038620056341,-11.5358501273379
0.762939453125,1.70495899487459,-9.73606826909239
0.95367431640625,2.08265880467916,-11.0120683186507
1.1444091796875,0.208695619663663,-9.09030181465124
1.33514404296875,2.40848565047439,-7.76740878918027
1.52587890625,1.91015069635764,-9.72852304936596
1.71661376953125,2.08411888716473,-9.8642842995492
1.9073486328125,0.173067363444027,-8.58171166956262
2.09808349609375,1.46662408773138,-9.52673931799887
2.288818359375,-1.163497243774,-8.11602285087454
2.47955322265625,0.414553069695995,-8.84415806928465
2.6702880859375,1.21260660851987,-8.45620263857244
2.86102294921875,1.48595749128944,-7.87043633154292
3.0517578125,0.756290472593015,-7.65348280056382
3.24249267578125,-0.473751323688785,-7.53152448544803
3.4332275390625,0.604546753292679,-8.37315010215342
3.62396240234375,1.43661785234311,-7.49216505207141
3.814697265625,-0.127959593640312,-7.44815963608184
4.00543212890625,1.33814119426396,-8.64973250870546
4.1961669921875,-0.0355921244826639,-6.4552206550523
4.38690185546875,0.647373045108244,-6.80580461518375
4.57763671875,2.69624551435506,-8.50313410636946
4.76837158203125,0.449302713735936,-6.35756899111117
4.9591064453125,2.12902126328524,-6.09720124767347
5.14984130859375,1.8543758580838,-5.85766518681958
5.340576171875,1.55238560925499,-6.78155937110221
5.53131103515625,0.371441747782302,-6.54779997450825
5.7220458984375,2.02112083798515,-6.61774981030173
5.91278076171875,1.24809283103318,-6.67036626042466
6.103515625,1.81991937880472,-5.3753326854258
6.29425048828125,0.607704314417459,-4.98294974781874
6.4849853515625,1.33554701726358,-6.43049119871796
6.67572021484375,2.6945881694331,-5.66941313856982
6.866455078125,0.600582666842845,-6.10677408501867
7.05718994140625,1.42121167620306,-5.57119567483443
7.2479248046875,1.96485015679644,-7.11692056445615
7.43865966796875,0.810322059478862,-6.34086546338965
7.62939453125,1.70428399030611,-6.03158508470955
7.82012939453125,1.2300595539652,-4.69986794716925
8.0108642578125,0.916366458370674,-5.26410836990659
8.20159912109375,1.29540508030404,-5.78094906122952
8.392333984375,1.26569100941424,-5.65046854279833
8.58306884765625,0.750623278116833,-4.42551025573797
8.7738037109375,0.184801954760795,-5.64150670189481
8.96453857421875,0.189683588589804,-4.76709175014382
9.1552734375,0.120989768575492,-6.10044776528074
9.34600830078125,2.18372894302474,-4.29308134318459
9.5367431640625,1.9327771406681,-5.40905279320484
9.72747802734375,1.4759216064389,-4.53931432819994
9.918212890625,1.19680559788635,-3.96737814463531
10.1089477539063,2.48293286811585,-5.9668802562255
10.2996826171875,-1.11885271022903,-6.05524832413923
10.4904174804688,-0.36257162752766,-4.99387300224552
10.68115234375,2.17659047858251,-5.17633535742151
10.8718872070313,-0.202923339602182,-4.70363482688225
11.0626220703125,1.68399430323661,-4.6200620842812
11.2533569335938,0.576565102803609,-4.13404696876504
11.444091796875,1.42972496606851,-4.88874159547071
11.6348266601563,1.85743636426198,-5.34941984729539
11.8255615234375,2.39790638970156,-4.58021762066748
12.0162963867188,0.828027373431095,-3.74675087819428
12.20703125,-0.00423862401645561,-6.04575768645135
12.3977661132813,0.139350921802733,-5.1046306028998
12.5885009765625,0.197374822521137,-4.50968156031292
12.7792358398438,0.940350037443607,-4.4487522575183
12.969970703125,1.32202197220877,-4.4091512541328
13.1607055664063,0.749859668734445,-5.30098753945223
13.3514404296875,1.32571445376817,-5.65492570398819
13.5421752929688,-0.108758087926439,-4.83543860098324
13.73291015625,1.61914265347443,-5.71162375732112
13.9236450195313,-0.261913073503027,-4.1578933871886
14.1143798828125,1.74009491866706,-4.84345697003641
14.3051147460938,0.535713136405291,-5.087197937397
14.495849609375,-0.0608563708604011,-3.82853463386809
14.6865844726563,1.53289623316173,-5.08539641347027
14.8773193359375,0.968129209902878,-3.96795914307721
15.0680541992188,1.90890148668705,-4.32172168268994
15.2587890625,0.872237547982773,-3.31690238571446
15.4495239257813,1.09242645914347,-3.41583518121412
15.6402587890625,1.37158484927229,-4.26028439057486
15.8309936523438,-0.336299026396254,-5.00518110514058
16.021728515625,1.29546515335297,-3.13307788419104
16.2124633789063,1.10408338581252,-4.77009060345369
16.4031982421875,0.236703187244153,-4.62494218742822
16.5939331054688,0.31280529046167,-5.47509443866837
16.78466796875,1.92930682607585,-3.6753153945417
16.9754028320313,-0.125371164641999,-4.33782603249112
17.1661376953125,2.97583975309644,-3.97629956126107
17.3568725585938,-0.107988359689837,-3.3678920927181
17.547607421875,0.609933246232303,-5.11762291466976
17.7383422851563,0.0664798698466381,-4.53608165184893
17.9290771484375,-0.0509542906309396,-2.82983728442776
18.1198120117188,1.88706286491801,-3.7340823365128
18.310546875,-0.493827819688033,-3.93056533833312
18.5012817382813,-0.991716572594274,-3.36458464119978
18.6920166015625,1.36410105149495,-4.06758117906699
18.8827514648438,3.12959312496719,-3.7789000401606
19.073486328125,1.25781105863484,-3.20818501758551
19.2642211914063,0.942202532498925,-3.17879873305978
19.4549560546875,3.03826377373564,-2.89829198900094
19.6456909179688,1.09043518527099,-4.23512484143525
19.83642578125,0.00367125600275757,-3.45741370427614
20.0271606445313,0.299422033819349,-3.44873544861147
20.2178955078125,1.25969272866442,-4.33660708007883
20.4086303710938,1.28128632037714,-3.15631142493003
20.599365234375,-0.5988791042237,-3.64872900302238
20.7901000976563,-0.157074187495101,-1.64588614033867
20.9808349609375,-0.44573478583351,-3.08688280518087
21.1715698242188,-0.267225836859889,-2.45367984150671
21.3623046875,-0.240034453649137,-3.602485520325
21.5530395507813,0.425329533172597,-2.3845571926073
21.7437744140625,0.746518553662248,-4.25593467310888
21.9345092773438,0.337639290465971,-1.38433943006567
22.125244140625,0.435756287999102,-2.94657316362087
22.3159790039063,-0.450720301832062,-4.58179813419039
22.5067138671875,0.970819239899112,-5.10813235563332
22.6974487304688,0.866812822623213,-2.81798218431563
22.88818359375,-0.649907548133834,-3.65668794943797
23.0789184570313,0.455036841942602,-2.48560807233864
23.2696533203125,0.411034652452588,-2.34528363719947
23.4603881835938,1.72525622747485,-3.02015126649018
23.651123046875,0.885651776678092,-1.82277116023051
23.8418579101563,0.613722718900392,-1.32818436752075
24.0325927734375,0.791115506653398,-3.84528507150768
24.2233276367188,-0.148723602525784,-3.42359133064449
24.4140625,0.604436845249069,-3.63862983360088
24.6047973632813,0.115764246535975,-4.25103281975189
24.7955322265625,0.840088880442039,-3.49389909303348
24.9862670898438,0.387089094084153,-3.69261076587971
25.177001953125,0.789905987834582,-2.94408109210767
25.3677368164063,1.04667966601302,-2.96824334162894
25.5584716796875,0.422277996899368,-3.84694471851528
25.7492065429688,-0.0416873012138171,-3.90680169571066
25.93994140625,0.99868385905329,-2.26155870702215
26.1306762695313,0.958665973728372,-2.1104833112
26.3214111328125,-1.45161605213979,-3.81314176421901
26.5121459960938,0.275547318417561,-2.84179577925125
26.702880859375,-0.60432201725627,-3.00191115553808
26.8936157226563,0.512099556126436,-2.2133680610064
27.0843505859375,1.18430753737043,-3.20606110173852
27.2750854492188,0.584063488237313,-3.23201570477876
27.4658203125,1.30641071737365,-3.89873474278377
27.6565551757813,1.18120371008727,-2.84214233550561
27.8472900390625,0.858114437961068,-2.84251369592216
28.0380249023438,0.733393724840405,-1.59034482388265
28.228759765625,-0.0574167172420444,-3.56102397228141
28.4194946289063,0.669274963285241,-1.88175431876749
28.6102294921875,1.05715566731135,-0.96794844697626
28.8009643554688,0.548459074007655,-5.13152396636168
28.99169921875,-1.38496753515924,-2.68166293269181
29.1824340820313,0.772886128330147,-3.32403890990459
29.3731689453125,0.842752433569174,-2.5064384667106
29.5639038085938,0.0741582531890614,-1.85338140883343
29.754638671875,1.96024581469314,-2.4866377541403
29.9453735351563,0.183768873731308,-3.43326964784225
30.1361083984375,1.44088762559147,-3.51864330643287
30.3268432617188,1.87060665253332,-3.6648945277129
30.517578125,1.9578978766291,-2.95866115504023
30.7083129882813,0.636907830783921,-4.04394968464986
30.8990478515625,-0.484091689001111,-0.677442049403652
31.0897827148438,1.27521890926149,-3.1631555934879
31.280517578125,-0.462446723399704,-1.12449315059263
31.4712524414063,-1.10542670725867,-3.85688288876424
31.6619873046875,1.25869768988156,-3.26484868835648
31.8527221679688,0.344575066844268,-3.17168441952835
32.04345703125,-0.347207130176886,-3.08879636959589
32.2341918945313,0.176788262680188,-3.14434092522897
32.4249267578125,-0.107707238487147,-4.43388382575533
32.6156616210938,-0.610748839488442,-2.52034160596053
32.806396484375,0.604680556200235,-3.71489754859244
32.9971313476563,-0.0492894541251628,-3.39823748316935
33.1878662109375,0.685662620031148,-1.743330345341
33.3786010742188,-0.238051336285097,-2.06986797968352
33.5693359375,1.81763666885928,-2.21839040577733
33.7600708007813,0.383907131238043,-2.35328470885007
33.9508056640625,0.518104721354174,-1.33793651323886
34.1415405273438,1.39756909461751,-2.22836967947268
34.332275390625,-0.554863466013396,-1.94379864123
34.5230102539063,1.69948106663053,-1.11432345093494
34.7137451171875,0.952994122732274,-3.89735995712798
34.9044799804688,0.44746523551873,-3.08372910778782
35.09521484375,0.448487335719905,-1.59202074157225
35.2859497070313,0.0875719297851448,-2.04605006831683
35.4766845703125,1.07581699059422,-1.82601841168605
35.6674194335938,-0.681645902717902,-2.23110648525273
35.858154296875,-0.116535260573912,-1.16465106673349
36.0488891601563,-1.33880444588481,-2.4764184971277
36.2396240234375,0.773766473513079,-2.66160386980478
36.4303588867188,0.471703276472968,-2.51925119743551
36.62109375,-0.409216963872519,-2.54693425350317
36.8118286132813,0.430142787915989,-1.12346786801409
37.0025634765625,0.157284471316239,-5.21691663468275
37.1932983398438,-0.351916938268535,-2.67480435550099
37.384033203125,-0.207504977445597,-2.0022595280439
37.5747680664063,-0.0735002795573483,-2.82490314115808
37.7655029296875,0.500656948089456,-2.04830926069405
37.9562377929688,0.39453980169536,-0.617726820890669
38.14697265625,1.3582925040714,-3.01680707790085
38.3377075195313,1.79764758963038,-1.95027642033983
38.5284423828125,0.256581615380629,-1.58165817363649
38.7191772460938,-0.375815424325966,-2.53198148880639
38.909912109375,1.00823324072011,-1.20101417605665
39.1006469726563,0.313718650866679,-3.85067776388104
39.2913818359375,2.16603458888025,-1.79354027581044
39.4821166992188,0.32217260862742,-1.60744205971801
39.6728515625,0.525253860941168,-3.07533117938305
39.8635864257813,-0.137666330598792,-3.40785751237381
40.0543212890625,1.46392878893016,-1.56280259723511
40.2450561523438,-0.985716981473261,-2.39640961225522
40.435791015625,-0.121167809061811,-1.15277298793383
40.6265258789063,2.02546850674166,-3.57079162237345
40.8172607421875,0.377443322572009,-3.35889405021319
41.0079956054688,0.731053357305471,-1.95039028005687
41.19873046875,0.930587322303763,-0.881945686101185
41.3894653320313,0.21526473596282,-2.90352177842865
41.5802001953125,0.154536451613646,-2.72386186592356
41.7709350585938,-1.58662306361501,0.101235336104494
41.961669921875,0.182164065014836,-1.5462591633363
42.1524047851563,-0.745055687702792,-0.335110859194878
42.3431396484375,-0.0754955440843312,-2.80405583061018
42.5338745117188,0.691258299887988,-2.30617140759571
42.724609375,-0.412573994846428,-0.999134125232157
42.9153442382813,1.40701286164142,-1.21299039435687
43.1060791015625,0.488385114606163,-3.17606923860834
43.2968139648438,0.200159576538097,-3.51577906870528
43.487548828125,0.25479546277849,-3.35324534635213
43.6782836914063,1.76617828617916,-0.621875111781371
43.8690185546875,-0.591034996261344,-0.866544293154737
44.0597534179688,-0.355084399725448,-1.08998554834475
44.25048828125,0.310747601731621,-1.16059579691039
44.4412231445313,0.479827376822908,-0.891684870763277
44.6319580078125,0.875117777251264,-0.98222362888501
44.8226928710938,-0.573826187759456,-3.11940587998556
45.013427734375,-0.748637829583675,-1.78870742337124
45.2041625976563,1.18140926467731,-2.46332374838402
45.3948974609375,-0.197260468313782,-3.50176332363509
45.5856323242188,-0.74319929707463,-2.86467783719881
45.7763671875,-0.370250279754763,-2.38366215685227
45.9671020507813,-0.327777648184262,-1.75143260847523
46.1578369140625,-0.234746700093478,-2.53684545828132
46.3485717773438,0.916410527706825,-3.06284358312273
46.539306640625,1.37456222392075,-1.31688765546654
46.7300415039063,-0.593460420719985,-2.38418927099057
46.9207763671875,-1.08635039769619,-1.99778796216805
47.1115112304688,-0.152859781244048,-1.9071305568132
47.30224609375,0.211819154724027,-0.901383520727542
47.4929809570313,0.638738456659663,-2.22899778830272
47.6837158203125,-0.648506544267709,-2.15710107979539
47.8744506835938,-0.24569219528731,-2.91584211552864
48.065185546875,-0.812883022563339,-1.85732298876833
48.2559204101563,0.229340049612936,-3.03116110583412
48.4466552734375,-0.26230166054619,-0.876421209482581
48.6373901367188,-0.711917580591904,-2.4190888327931
48.828125,0.343507204694068,-2.38007561419221
49.0188598632813,0.817654597782447,-0.825706804613403
49.2095947265625,0.0474758625636358,-3.0550180926796
49.4003295898438,2.28141835817291,-1.00222599055387
49.591064453125,1.83980202656319,-2.69670997183722
49.7817993164063,0.89810202910413,-0.689983919856565
49.9725341796875,-1.63104425784875,-1.9421402190464
50.1632690429688,0.994463961642884,-2.97928993372401
50.35400390625,-0.993909944768045,-2.3848207289862
50.5447387695313,0.0248122459898976,-2.18647840325355
50.7354736328125,-0.924199464396774,-1.54214139823652
50.9262084960938,0.660627707394486,-1.96940390777749
51.116943359375,1.17099481795734,-1.57906689956832
51.3076782226563,0.0253372287809585,-2.08029434036454
51.4984130859375,-0.116506774070856,-1.00785142280689
51.6891479492188,0.593195209176647,-2.05484354906695
51.8798828125,1.24163262578231,-1.82339213227608
52.0706176757813,0.635091320667495,-0.37904243956609
52.2613525390625,-0.550462630122431,-1.20601710952208
52.4520874023438,-0.251214503299544,-3.43076767438695
52.642822265625,-0.687473269879142,-1.40348826509266
52.8335571289063,-1.37678630380171,-1.03150979883386
53.0242919921875,-1.08229359899518,-0.00891988470337695
53.2150268554688,0.128857957066295,-1.91966340916756
53.40576171875,0.141593498982712,-2.15327486179392
53.5964965820313,0.722869800343886,-2.63650545913442
53.7872314453125,0.351291563417689,-2.65196846140431
53.9779663085938,-0.610530010155841,-1.64917986525042
54.168701171875,1.80151326651542,-2.12074715438881
54.3594360351563,-0.090332201327317,0.183999585768426
54.5501708984375,-0.11760920231328,-2.55864614459115
54.7409057617188,-1.38506279236447,-1.20974639533087
54.931640625,0.628382875576242,-1.38496137884
55.1223754882813,0.697150623481702,-0.766536078048814
55.3131103515625,-0.270754031509204,-1.10663872437982
55.5038452148438,0.0113862374452185,-0.910239583303484
55.694580078125,1.28424170522212,0.280171089833072
55.8853149414063,0.308651827358424,-2.75017220002473
56.0760498046875,-0.312033250672109,-2.22569064370844
56.2667846679688,-0.901953483291797,-1.64456868585417
56.45751953125,0.587909559553949,-1.93690258773555
56.6482543945313,0.474052612257812,-2.65996982573875
56.8389892578125,1.1098846834876,-2.81306606467387
57.0297241210938,-0.581324634926435,-0.681141691514635
57.220458984375,-0.35629284411673,-0.750742989563781
57.4111938476563,-0.00517774742557328,-2.64713391098348
57.6019287109375,1.14665222020628,-2.52041766351936
57.7926635742188,1.36742453545355,-2.47139704030683
57.9833984375,-0.333884449348198,0.337966696555133
58.1741333007813,1.27598344213649,-2.09335771372427
58.3648681640625,1.05591691256812,-2.77718819346007
58.5556030273438,0.858926863638586,-0.425546243142728
58.746337890625,0.825976526862336,-1.01005505440123
58.9370727539063,-0.123554833574389,-2.00503677653533
59.1278076171875,1.33784225055103,-2.07637169662814
59.3185424804688,0.728315038290957,-2.23956326124263
59.50927734375,1.26263834307997,-1.86260248363667
59.7000122070313,1.34232415167852,-0.902282845378373
59.8907470703125,-0.843493264522324,0.261569200626416
60.0814819335938,-0.211323284930498,-2.10213578912569
60.272216796875,-0.304182041425394,-1.40348399186554
60.4629516601563,0.499498263688792,-1.75897924336256
60.6536865234375,-0.204278683401311,-0.913001683822081
60.8444213867188,-0.371424939817452,-1.66589499641192
61.03515625,1.06087058653366,-2.01089778765768
61.2258911132813,0.475553031924298,-2.64869760591244
61.4166259765625,1.07698160018721,-1.86113140524591
61.6073608398438,-0.241624416716829,-1.05146410935252
61.798095703125,-0.878891649828725,-3.13803893163602
61.9888305664063,-0.698014941459759,-1.2192378349559
62.1795654296875,2.59188409862223,-0.910703690897481
62.3703002929688,1.00833340043388,-2.60629937946932
62.56103515625,0.273604998092269,-3.02318362795249
62.7517700195313,0.341659044935367,-1.75494829720138
62.9425048828125,0.210596186911737,-0.768879690102575
63.1332397460938,0.219152760648493,-1.24981461665184
63.323974609375,-0.710694401200913,0.340162082468833
63.5147094726563,0.92248217677743,-1.89743901972768
63.7054443359375,0.320897641986307,-1.39508757751643
63.8961791992188,-0.835068411183291,-0.0425949899925041
64.0869140625,-1.2426806837622,-1.22796746436705
64.2776489257813,0.282572692163677,-0.165115398777958
64.4683837890625,0.91705470100039,-1.20670763091406
64.6591186523438,0.667714364229228,-1.06964565061284
64.849853515625,0.116197458498147,-2.80341011445552
65.0405883789063,-1.3803141819783,-1.187844686538
65.2313232421875,0.635629397014888,-0.643020596480577
65.4220581054688,0.18268534647514,-2.55108341471804
65.61279296875,1.80874457533133,-2.05673156856447
65.8035278320313,0.398806358283622,-0.293241434622382
65.9942626953125,0.674976901721697,-2.18086573103743
66.1849975585938,-0.228076125473981,-0.831423156798036
66.375732421875,-0.791813925120675,-0.435073325731569
66.5664672851563,1.49986439140888,-0.71096059294442
66.7572021484375,-0.0760110448717264,-0.536102464223675
66.9479370117188,0.413872360372748,-0.373186511099811
67.138671875,0.889626044491813,-1.54174802833319
67.3294067382813,-0.472392100674222,-3.09088497909786
67.5201416015625,0.268063896344625,-1.12476978044254
67.7108764648438,0.762626572289071,-1.75184148751981
67.901611328125,0.741396553756333,-0.725044137943324
68.0923461914063,0.629634584944145,-0.909301778282645
68.2830810546875,-0.409715215417072,-0.858244556190992
68.4738159179688,-0.873975170343544,-1.73255271494216
68.66455078125,0.838645077981611,-1.50568893680622
68.8552856445313,-1.70254759284535,-1.21237983837804
69.0460205078125,1.91904415903367,-1.06343687130008
69.2367553710938,0.315694199950131,-1.2939503409093
69.427490234375,0.0972440160332852,-0.918160853100683
69.6182250976563,-0.153203329033256,-0.952664154305333
69.8089599609375,0.914995209033456,-0.455554681830532
69.9996948242188,-0.40789907269636,-1.84163414247106
70.1904296875,0.38821436370999,-0.713714931329591
70.3811645507813,-0.0378349593305913,-1.67063557627278
70.5718994140625,0.872235036516349,-1.10883038577257
70.7626342773438,0.12048827436709,-1.78296983057182
70.953369140625,0.47423700921903,-1.69524977499771
71.1441040039063,-1.61143210999425,-2.3472349581285
71.3348388671875,0.337426501570525,-1.79540421733153
71.5255737304688,-0.712464171387539,-0.227583860786422
71.71630859375,1.20800232291683,-0.684014965489245
71.9070434570313,-0.67815934586372,-1.9691216273582
72.0977783203125,0.671750218571986,-1.75100878349902
72.2885131835938,-0.727695907104916,-0.0709984385595184
72.479248046875,-0.23241843716878,-2.46039862037574
72.6699829101563,1.11949649372852,-1.08086291653804
72.8607177734375,-1.26311230990858,-1.52342784211297
73.0514526367188,0.0880109908366963,-3.09007219092917
73.2421875,1.13055582050219,-0.646475259337175
73.4329223632813,-0.557791372048662,-1.79215805614565
73.6236572265625,-0.219479297018227,0.315767761853772
73.8143920898438,0.865971808464285,-1.45640950866041
74.005126953125,-0.378617475562705,-1.3669078702581
74.1958618164063,-0.0123695780480659,-1.17603381559774
74.3865966796875,-0.31230716683286,-1.19607141406053
74.5773315429688,-0.367385783850697,-0.785220747722876
74.76806640625,0.167514619074453,-1.61048792563905
74.9588012695313,-0.724842325836141,-0.518866945426254
75.1495361328125,1.98390248635212,-0.53886228679482
75.3402709960938,0.19059974288468,-1.83458441082465
75.531005859375,1.07830303065225,-0.353574429231602
75.7217407226563,0.452185820664357,-1.3687894218507
75.9124755859375,-1.89569091970416,-1.43607061247777
76.1032104492188,-0.0702722508669537,-0.481674865720619
76.2939453125,0.793606632717545,-2.46401315777927
76.4846801757813,-0.639698529846815,-0.93341271467745
76.6754150390625,0.0810539754511712,-1.84689048887924
76.8661499023438,0.84894552463401,-1.32508720374265
77.056884765625,1.7441807540049,-0.807561265265759
77.2476196289063,0.434686505366207,-0.761011887872862
77.4383544921875,0.476090959837551,-0.920227659177064
77.6290893554688,1.228994210949,-0.950277238909129
77.81982421875,-0.972784138159871,-0.691691818593741
78.0105590820313,1.15643889571398,-0.846301739799642
78.2012939453125,1.10717071365695,-1.35449101648293
78.3920288085938,0.843830666152601,0.0455793430188603
78.582763671875,1.70886359770771,-1.58041915175041
78.7734985351563,0.192580591956943,-0.370197082608445
78.9642333984375,1.32813343446379,-2.06853594124456
79.1549682617188,0.0420848063123349,-0.540914728890444
79.345703125,-0.269678203538556,-0.46088294329041
79.5364379882813,0.0452634934881856,-1.90301034796176
79.7271728515625,-0.331027349995829,-2.38101516243575
79.9179077148438,-0.23922943890648,-1.88815970752086
80.108642578125,-0.062258410202779,-1.90211486506237
80.2993774414063,1.56705512244983,-2.77508005972533
80.4901123046875,1.94163304471933,-0.948584587085882
80.6808471679688,-0.0545912498417161,-0.747868247679532
80.87158203125,-1.1735273876068,-2.97925679651464
81.0623168945313,-0.0962897276073364,-1.27930791917928
81.2530517578125,1.26550932868314,-1.32806554323206
81.4437866210938,-1.11519989678473,-0.889422539926704
81.634521484375,1.50796348267348,-1.84171997528296
81.8252563476563,1.04019020334433,-0.781667544051964
82.0159912109375,-0.204930394966453,-2.46502835742343
82.2067260742188,-0.784007198491218,-0.849434846025113
82.3974609375,-0.792299175849394,-1.71402897549198
82.5881958007813,1.58969086288011,-2.06678106978546
82.7789306640625,-0.0693537688673938,-0.489535818452063
82.9696655273438,0.259765859594435,-0.735943796235736
83.160400390625,0.156403698263539,-0.393935943519956
83.3511352539063,-0.593013117459081,-2.32335447653422
83.5418701171875,0.725267402754232,-1.0414304809804
83.7326049804688,-0.087908975483204,-0.78968431403797
83.92333984375,0.586062265328308,-1.15700953822602
84.1140747070313,-0.0378402824419749,-0.729820017392265
84.3048095703125,-0.648814729423593,-1.35677510340656
84.4955444335938,-0.0645219927269803,-0.209992845658198
84.686279296875,-0.27549782980581,-1.15883394495495
84.8770141601563,-2.05334046554797,-1.53023040503446
85.0677490234375,-1.24494543832397,-1.809973930933
85.2584838867188,1.36275134511474,-1.53867816243363
85.44921875,1.38939143950452,-1.82588118726236
85.6399536132813,-0.87671929899511,-0.810226327395864
85.8306884765625,0.189852001876277,0.837053871147023
86.0214233398438,-0.958833595929062,-0.253358985091774
86.212158203125,0.921476734450364,-1.82840471558897
86.4028930664063,0.0995673574244263,-0.679746707119104
86.5936279296875,0.0245101468119777,-0.954828016661601
86.7843627929688,0.1237517066793,-1.93813144610147
86.97509765625,0.910284672800478,-2.05706819008958
87.1658325195313,-0.272703042632869,-1.85495767369252
87.3565673828125,-1.2520494220567,-1.1391880211992
87.5473022460938,0.408981369219154,0.0785655788417489
87.738037109375,0.835197070977324,-0.338510178727573
87.9287719726563,-0.0409229063360229,-2.10953725537132
88.1195068359375,0.124798716711586,-1.72092379632938
88.3102416992188,0.619859226471435,-0.637154021258096
88.5009765625,1.09446835792516,-0.552949601419142
88.6917114257813,1.31977262242352,-0.803610971863615
88.8824462890625,-0.523158038745828,-1.21433383314386
89.0731811523438,1.01907401585419,-1.91081323202268
89.263916015625,0.449670870773117,-1.40456695245392
89.4546508789063,-0.189186433152235,-0.59519068004114
89.6453857421875,-0.488297452235342,-1.62251256228609
89.8361206054688,-0.54315277168406,-1.2299078372698
90.02685546875,0.324611553537209,-1.94896726836703
90.2175903320313,0.24318016670413,0.00646635289781278
90.4083251953125,1.67758447656849,-2.72240713294081
90.5990600585938,-0.0017253748350769,-0.333726025180789
90.789794921875,2.10459599908831,0.209958963839804
90.9805297851563,1.61806822181269,-0.736826277852741
91.1712646484375,0.210084537120968,-0.964677492328726
91.3619995117188,-0.544523869990813,-1.62157311027871
91.552734375,1.1014768176593,-0.641682274397061
91.7434692382813,1.60950955864707,-0.118673451525439
91.9342041015625,-0.245683591348737,-1.48481386820516
92.1249389648438,-0.533757488853446,-0.52102263563883
92.315673828125,-0.163738225046062,-1.17039419451155
92.5064086914063,0.130788983109775,-1.92197040919315
92.6971435546875,0.652632304712982,-2.15447561852438
92.8878784179688,1.28899898378018,-1.00733154235211
93.07861328125,0.816276060141437,-1.70057167795938
93.2693481445313,0.389559905269537,-1.73606175199036
93.4600830078125,-0.0626988126959591,-0.177691303663802
93.6508178710938,-0.9758946731942,-1.04148120559493
93.841552734375,-0.336655154236344,-0.823878499323758
94.0322875976563,0.0046152539180078,-1.75633760309128
94.2230224609375,-1.64564816990668,-1.83431832622948
94.4137573242188,0.629327048744957,-1.94132024493644
94.6044921875,0.0379187456486172,0.0958753466281636
94.7952270507813,-0.105877204544712,-1.44219937721474
94.9859619140625,1.05736049391521,-0.579836686667896
95.1766967773438,-1.39552606635322,-0.476304908937287
95.367431640625,0.500677581605204,0.244766271041202
95.5581665039063,2.28532965774382,-1.2606820950315
95.7489013671875,-0.11849596391307,-0.458964620136579
95.9396362304688,-1.82312810795788,-2.26861015629819
96.13037109375,0.356360312144846,-2.18690086590533
96.3211059570313,-1.53175042060867,-0.786492803194409
96.5118408203125,0.962745541239227,-1.91198066141357
96.7025756835938,-0.394222914715394,-1.08528694620297
96.893310546875,-0.271183635175793,-0.677077228194278
97.0840454101563,0.976139543857262,-0.9216706882551
97.2747802734375,0.0655633204269225,0.430681962155097
97.4655151367188,1.37595306214093,0.00463343850371391
97.65625,-0.474428749149121,0.967444274712961
97.8469848632813,0.940016175425239,-1.08512650871176
98.0377197265625,0.425956934813209,-1.26642245679208
98.2284545898438,0.470221679245331,-0.0799310003875946
98.419189453125,0.0327814297567911,0.0872505289616662
98.6099243164063,1.22341937690898,-1.07333673872328
98.8006591796875,1.84900654323097,-0.617821899786861
98.9913940429688,0.393104287978441,-1.82063591111864
99.18212890625,0.429048787838504,-1.50493686180564
99.3728637695313,0.535423541860303,-0.380085224464995
99.5635986328125,-0.0234149255006739,-1.09774356112784
99.7543334960938,0.58739701042185,-1.05497104741412
99.945068359375,-0.137695579571518,-0.859964583460509
