Fre(kHz),Re,Im
-99.945068359375,1.78996799417394,1.15387699326141,ZeroPoint:Tj,21,10
-99.7543334960938,-0.986225601308385,2.68622988715719,Const.;stime,3.23583976,6.4E-07
-99.5635986328125,1.01487594372515,2.07063614994829,Fre.Range:Tau,-100:100,1.5E-05
-99.3728637695313,1.3989712169769,0.444299076695372,FFTSize:DataSize:Firstpul,8192:8192,6.5E-07
-99.18212890625,1.80268825626416,1.07174891019705,150kfidF6666,Freq.=141430000
-98.9913940429688,1.40915390844383,-0.516076737596233
-98.8006591796875,2.11146561328922,0.961199038878241
-98.6099243164063,-0.261105127268434,0.632890636670798
-98.419189453125,1.63714318462241,1.62610997439963
-98.2284545898438,0.281830584399984,1.25976214044488
-98.0377197265625,1.77587031451084,0.060247972227561
-97.8469848632813,-0.165315480631633,0.397052349833094
-97.65625,-0.206295097479213,1.14426593527087
-97.4655151367188,-1.06271235237494,-1.1096650062161
-97.2747802734375,1.04349817537507,1.90297032149657
-97.0840454101563,0.835971085462192,2.8296017854844
-96.893310546875,-0.356054693095292,-0.13362725664176
-96.7025756835938,0.901871423845684,1.4467482667824
-96.5118408203125,0.836306208330482,0.552352705175505
-96.3211059570313,-0.108038923003727,0.949272702751979
-96.13037109375,1.40145454207082,1.60691367035961
-95.9396362304688,1.53075221419182,1.0533248476878
-95.7489013671875,-0.142026059548294,1.32760006072425
-95.5581665039063,0.718636049078725,1.88280750135383
-95.367431640625,-0.336637674256652,2.58724354449514
-95.1766967773438,-0.0736120112832294,1.50392050411512
-94.9859619140625,-0.216531552256239,0.164210281682456
-94.7952270507813,1.37428180920471,2.37461821859234
-94.6044921875,0.706615247324492,-0.46150940770854
-94.4137573242188,-1.43342330053867,1.55083429546015
-94.2230224609375,1.15975150184062,0.84320793978592
-94.0322875976563,0.95209235208977,0.992147450721889
-93.841552734375,0.740414571065526,2.62946387335178
-93.6508178710938,0.380345655854279,1.32507878068147
-93.4600830078125,1.73270375032666,-0.104129681748949
-93.2693481445313,0.747594397787245,0.233993612406432
-93.07861328125,1.16295658473478,2.38796305018995
-92.8878784179688,0.899542348080686,-0.147391385702877
-92.6971435546875,2.40244350277584,-0.362629993407739
-92.5064086914063,0.186585232747414,0.34259807379043
-92.315673828125,-0.314140472126214,1.72742621472979
-92.1249389648438,1.37787675754354,2.51037886778744
-91.9342041015625,1.16456971933241,0.500599296282942
-91.7434692382813,1.83472704622473,1.72089631400007
-91.552734375,2.55993696222499,1.31197060227653
-91.3619995117188,-0.0856704824586929,0.512156780232185
-91.1712646484375,-1.37189640753042,0.53721568341327
-90.9805297851563,1.95400542324515,1.21056015520203
-90.789794921875,0.120569983144459,1.71814239508394
-90.5990600585938,-0.676963960854971,0.487651078594673
-90.4083251953125,-0.244716720087745,3.51584449240459
-90.2175903320313,0.445372679175948,1.95143521111222
-90.02685546875,0.739839266750432,1.93552673047456
-89.8361206054688,-0.478061291507307,-0.666289055188914
-89.6453857421875,2.93580699247818,0.505313392254192
-89.4546508789063,0.759981843607224,1.17984132271627
-89.263916015625,1.91947135568297,1.93655832877579
-89.0731811523438,0.782145308135006,0.950385137427761
-88.8824462890625,2.63040010840541,0.825769095444802
-88.6917114257813,1.07423796641032,0.335974942481086
-88.5009765625,0.0968354052164138,2.54998000018588
-88.3102416992188,1.85340515638101,2.96577175555853
-88.1195068359375,-1.14444130331625,1.80802376264228
-87.9287719726563,2.76000717781769,0.401687626132751
-87.738037109375,1.55191790979011,0.51190899426861
-87.5473022460938,2.057887680494,2.36506387443128
-87.3565673828125,1.88951605802325,-0.3238873673854
-87.1658325195313,0.687562333848095,2.50372150035817
-86.97509765625,0.213418579282062,1.34844089077942
-86.7843627929688,0.880397905211531,0.413421376101183
-86.5936279296875,1.1605695311935,2.6343057553504
-86.4028930664063,0.249179480876082,0.858580970620486
-86.212158203125,1.77849634838234,1.21511608307497
-86.0214233398438,0.652920201085402,2.26026841176046
-85.8306884765625,-0.656329989950401,3.65502801141175
-85.6399536132813,0.629048509810247,1.08736529849054
-85.44921875,0.403643610728866,1.67792649610282
-85.2584838867188,-0.33617660015188,0.96276978728842
-85.0677490234375,1.07822326459831,0.612716085207434
-84.8770141601563,0.50605959914511,1.74381478119558
-84.686279296875,2.15206805536756,1.42221852360939
-84.4955444335938,0.126784880662216,2.98113720126092
-84.3048095703125,-0.0470452539396073,2.37175986191934
-84.1140747070313,0.167618487490475,2.10040146465639
-83.92333984375,-0.416275156355029,1.87464971295757
-83.7326049804688,-0.219953798127442,3.07092448771741
-83.5418701171875,2.0932239739661,2.08344185077292
-83.3511352539063,-0.320132059923008,-0.996192333597132
-83.160400390625,0.56861174540408,1.93494237561654
-82.9696655273438,1.03468247310004,1.80826081863941
-82.7789306640625,0.129297373884772,0.128303945968372
-82.5881958007813,0.60808465939541,-0.243403714031994
-82.3974609375,0.460447667249455,1.89132736514052
-82.2067260742188,0.973534485764595,0.672820410951719
-82.0159912109375,-1.68690027023523,-1.0601058478478
-81.8252563476563,2.03461738866177,0.257389312790525
-81.634521484375,1.51942108250957,2.10315948190879
-81.4437866210938,1.06486508198065,1.09056793597613
-81.2530517578125,-0.783140654247206,1.63989925286197
-81.0623168945313,-0.150835381457172,2.61313110906004
-80.87158203125,1.13852243305069,0.956708194421234
-80.6808471679688,1.33016212136268,0.403360811202968
-80.4901123046875,0.555086433120906,3.24182229844041
-80.2993774414063,1.64238505807315,0.595625672514745
-80.108642578125,0.411253842892203,2.27676940998364
-79.9179077148438,0.0545222500759018,0.63083737539405
-79.7271728515625,0.572786133896199,1.12916259154456
-79.5364379882813,0.316137929680735,0.589495557534036
-79.345703125,-0.394665037340812,2.10167534429319
-79.1549682617188,2.88983105570001,1.6489206234113
-78.9642333984375,2.7333099787887,1.95552242525622
-78.7734985351563,1.41124652848939,1.48639207775316
-78.582763671875,1.16341505367817,1.06999687612043
-78.3920288085938,1.7908479426333,2.01673703809709
-78.2012939453125,2.20902643461895,2.33241710094366
-78.0105590820313,0.813606479361074,1.11659616420049
-77.81982421875,1.8170566853439,0.265254817339164
-77.6290893554688,1.13371024051708,1.07892226553594
-77.4383544921875,-0.448912231548781,-0.076466172145356
-77.2476196289063,1.08245952819459,2.64777842401118
-77.056884765625,-0.0634250368067769,3.47469643401391
-76.8661499023438,0.878547584325631,2.33511968383311
-76.6754150390625,0.745897778188627,1.67678490461283
-76.4846801757813,-1.11052045436785,0.949098383777385
-76.2939453125,0.0353426261000609,0.556926373519467
-76.1032104492188,-0.311945845879448,1.99366838958
-75.9124755859375,0.948712739297056,2.2004486544677
-75.7217407226563,1.96858291307208,1.58904784455637
-75.531005859375,2.43562263468292,1.67134730733843
-75.3402709960938,0.24350906407638,2.05093480413778
-75.1495361328125,-0.313704058954456,1.36230317502789
-74.9588012695313,-0.766403918668594,1.55589995154098
-74.76806640625,0.1900175271716,1.23213876064052
-74.5773315429688,-0.489938556274936,1.55839556403196
-74.3865966796875,0.88968378754294,1.41768041971193
-74.1958618164063,-0.283958384474938,1.44123485275522
-74.005126953125,1.88146247263079,1.22667498156948
-73.8143920898438,1.96844443888035,1.25820621730745
-73.6236572265625,1.82261852399719,0.806489853590794
-73.4329223632813,2.37661997417993,0.525310607179945
-73.2421875,0.419681598538561,0.85846455137873
-73.0514526367188,2.1264434265217,0.435745475802958
-72.8607177734375,0.798212425426633,-0.111578998520652
-72.6699829101563,0.19728355731332,1.60495107865346
-72.479248046875,-0.101954050861657,0.999150334776586
-72.2885131835938,0.585147954122871,1.49374182223445
-72.0977783203125,1.16248457061597,2.45223570635863
-71.9070434570313,0.65837539777398,0.449609611250231
-71.71630859375,-0.223122485276127,0.929857063105145
-71.5255737304688,1.01384028328809,2.22944175494936
-71.3348388671875,0.272620249913652,-0.482801880394091
-71.1441040039063,-0.826939486164174,0.410721678934951
-70.953369140625,2.0995775823924,1.06321698231233
-70.7626342773438,1.12248681000621,2.26932983540264
-70.5718994140625,0.388068229454734,0.280468285349303
-70.3811645507813,0.683775285073892,0.914813898030233
-70.1904296875,4.34797763642357,2.04004579518159
-69.9996948242188,1.02769320490814,0.770044810333364
-69.8089599609375,1.37839470944746,1.09052994822141
-69.6182250976563,1.15379598517633,1.17058401796344
-69.427490234375,1.59108144726534,0.479371553760864
-69.2367553710938,0.246848792864174,-1.50094924132876
-69.0460205078125,1.08881863543564,2.72205138894445
-68.8552856445313,0.674660323331795,0.694250399992232
-68.66455078125,1.16364284176753,2.1741600160035
-68.4738159179688,-0.154122769632759,0.700307624494883
-68.2830810546875,0.838598148706665,0.918789806563713
-68.0923461914063,-0.127347308567248,1.62577516744928
-67.901611328125,-0.180193025015941,2.39982390171998
-67.7108764648438,0.883221057183963,2.54015163627578
-67.5201416015625,1.37587317379205,0.0733511734861417
-67.3294067382813,0.347737549090639,0.746553275722129
-67.138671875,0.436879578818364,2.75309594672713
-66.9479370117188,2.34278093335614,2.71210285714692
-66.7572021484375,0.781606413880142,3.12193269937642
-66.5664672851563,0.574062835749671,1.87075027918974
-66.375732421875,-0.368368213210739,0.386353279210257
-66.1849975585938,0.715873483908033,0.913151047595177
-65.9942626953125,-0.464290026012459,1.44404135967871
-65.8035278320313,0.812652371255449,2.74711287260841
-65.61279296875,0.454987413007833,1.28796381788613
-65.4220581054688,0.854476069895985,0.285979701575374
-65.2313232421875,-0.633309083189797,1.43413755818486
-65.0405883789063,1.59873396664244,1.61296158567356
-64.849853515625,1.57224119663663,2.64520058598438
-64.6591186523438,0.298376674615376,1.60403755167494
-64.4683837890625,-1.15253070365134,1.92176598057634
-64.2776489257813,-0.513995078749431,0.743687552279327
-64.0869140625,-1.18404943450368,1.92548906384857
-63.8961791992188,0.828523602904263,0.108186632999007
-63.7054443359375,-0.370987634574603,1.9784537645585
-63.5147094726563,0.47942159951776,1.61864771548857
-63.323974609375,3.52991092153359,1.0466566904771
-63.1332397460938,-0.291415205705657,1.83065695135228
-62.9425048828125,0.945933132521697,1.1199390030047
-62.7517700195313,0.948251062119243,2.765290492597
-62.56103515625,0.0923468195433448,2.14484876618643
-62.3703002929688,2.40935870300796,2.47851745392827
-62.1795654296875,0.0678468306969549,3.07972188306489
-61.9888305664063,1.79890382262367,3.06452037159782
-61.798095703125,1.97911133522468,2.66295786092966
-61.6073608398438,0.714169879524848,2.96690832185377
-61.4166259765625,0.654050760552478,1.69494728416098
-61.2258911132813,1.1903196429854,-0.421134686052504
-61.03515625,-0.321615092798745,1.90308998212478
-60.8444213867188,2.5015717560817,0.116139571157753
-60.6536865234375,1.97127187143256,1.43340988289341
-60.4629516601563,1.6033128938912,1.98813468590648
-60.272216796875,0.447652324435554,1.52643479017456
-60.0814819335938,0.899882296170905,2.36746881291163
-59.8907470703125,0.823734942213339,1.41467086199637
-59.7000122070313,0.370406422672711,0.972592326606869
-59.50927734375,2.36596235521496,1.63734070175613
-59.3185424804688,0.823488269472715,1.40028444732968
-59.1278076171875,1.14295365385159,0.198797958334627
-58.9370727539063,0.589733051715958,2.31872683020393
-58.746337890625,-0.590843748683701,1.30063553371154
-58.5556030273438,1.75401677938932,1.26353747534897
-58.3648681640625,1.51994917255876,1.06023927266009
-58.1741333007813,0.1941198495753,2.95203097914094
-57.9833984375,1.49641356821527,2.2463545937393
-57.7926635742188,-0.0899627897441837,1.18191734702673
-57.6019287109375,0.401036851667522,2.22248510305882
-57.4111938476563,0.942355202824606,2.97315304977326
-57.220458984375,1.61072798647602,2.33562700329325
-57.0297241210938,0.984631504076126,2.13972285742079
-56.8389892578125,0.157514535270207,1.66431157961108
-56.6482543945313,0.244219950246677,2.12144133021695
-56.45751953125,0.510577500154926,1.43314093065927
-56.2667846679688,1.98110591918532,1.80679993985209
-56.0760498046875,1.74549795100034,2.57213245029442
-55.8853149414063,1.06244759082203,0.523226217995476
-55.694580078125,-0.521211861028605,-0.242736906567366
-55.5038452148438,0.637536447353352,3.67089935741419
-55.3131103515625,1.65120703975613,2.23447079912251
-55.1223754882813,1.47851547560397,2.43761376542489
-54.931640625,-0.415256017965076,2.01080161142167
-54.7409057617188,0.00776548354860185,3.33604573507492
-54.5501708984375,3.01735398167719,1.49413136974664
-54.3594360351563,1.48082627611113,2.44386541820844
-54.168701171875,1.45742377622271,4.32135515856483
-53.9779663085938,1.47390579954339,1.85976979749764
-53.7872314453125,3.27895485038642,2.78815080156167
-53.5964965820313,0.39690850110596,1.86414168312139
-53.40576171875,0.868947696198749,2.41924873016537
-53.2150268554688,1.10529631035988,1.73527110222851
-53.0242919921875,-1.48970141667821,1.98989861095862
-52.8335571289063,0.922899248341291,1.85834427503469
-52.642822265625,1.10327046998706,0.851708019218926
-52.4520874023438,2.25714082886805,2.32922067317101
-52.2613525390625,0.979785634319568,2.80965760965929
-52.0706176757813,0.0331874055591177,2.53229114238773
-51.8798828125,-0.256030732757073,2.57376417229476
-51.6891479492188,1.22922401418181,1.9326606107816
-51.4984130859375,0.202098240335388,2.33258516604829
-51.3076782226563,-0.0696233490315144,2.55531439661542
-51.116943359375,1.38107660758185,2.10735314608364
-50.9262084960938,0.90947752955921,1.76057647030325
-50.7354736328125,0.902691361626179,1.51443819841269
-50.5447387695313,2.31846535655924,2.74622484449414
-50.35400390625,0.736129656612353,2.36575997616962
-50.1632690429688,1.14328189836445,0.640982063775797
-49.9725341796875,1.32770500699848,-0.246877473257034
-49.7817993164063,0.166914213945688,2.86292866390842
-49.591064453125,1.20361541990365,2.56203187137256
-49.4003295898438,1.53834114148612,1.87567722786584
-49.2095947265625,1.65674157901132,2.05321865590269
-49.0188598632813,-0.870931057795299,1.39716410822097
-48.828125,-0.0417035937416115,4.0916384633186
-48.6373901367188,0.725293230525032,1.91229335026895
-48.4466552734375,2.32488719186026,0.908000001386041
-48.2559204101563,1.09583291352297,2.54570451319937
-48.065185546875,1.78011623835437,2.94838695123083
-47.8744506835938,1.5400046870977,2.96335293180262
-47.6837158203125,0.0453512975004615,2.48243205745031
-47.4929809570313,3.02276832394781,-0.120904167856565
-47.30224609375,1.16906023580547,2.78759935813061
-47.1115112304688,1.69014257918519,3.4775982763315
-46.9207763671875,1.58633752155624,2.06804251875504
-46.7300415039063,0.854892113146748,2.43175871282115
-46.539306640625,0.588829785107519,3.80107209693684
-46.3485717773438,1.02051163239286,1.73927957947634
-46.1578369140625,0.415800326014485,2.8126305687597
-45.9671020507813,1.57689517022106,2.6166153891135
-45.7763671875,0.14606495299703,2.0871384920134
-45.5856323242188,1.33918684222585,3.39345685881767
-45.3948974609375,1.7717824411634,2.93464010962103
-45.2041625976563,0.906578140073359,3.15004653279677
-45.013427734375,1.78426127139864,2.21615446833696
-44.8226928710938,1.43834676786603,2.76001330883319
-44.6319580078125,0.72766907962368,1.23795603877246
-44.4412231445313,0.80876979984699,1.90765432997094
-44.25048828125,0.553794746756654,1.24020519066974
-44.0597534179688,1.33747906596059,2.85336240094966
-43.8690185546875,1.44805883569532,2.4584946755923
-43.6782836914063,-0.235519136076104,1.38263009396701
-43.487548828125,1.33993738180601,1.2999363432369
-43.2968139648438,1.82579980842275,0.00228841060565092
-43.1060791015625,1.44457639236456,4.56692496991028
-42.9153442382813,0.751461000365987,0.760243696235745
-42.724609375,-0.0133978341082771,3.23168376471423
-42.5338745117188,0.197921055191075,1.77066404572526
-42.3431396484375,1.70783214493742,1.76759535869442
-42.1524047851563,-0.894185887402831,0.756213469379704
-41.961669921875,-0.128535779442803,2.13256964121957
-41.7709350585938,1.19074131840984,0.765507277414522
-41.5802001953125,1.64768882508496,2.09452207910902
-41.3894653320313,1.79478307255063,1.62869490624031
-41.19873046875,1.07446783347576,2.59650902596541
-41.0079956054688,-1.05827146114832,2.3437044496439
-40.8172607421875,2.80007047355254,1.48287290559087
-40.6265258789063,1.56094203731266,1.12923393745574
-40.435791015625,0.366679729486942,0.842577973713721
-40.2450561523438,-0.651029306592655,2.31437734720085
-40.0543212890625,1.92402084908927,2.69617525835225
-39.8635864257813,1.97684979624358,4.0914189872407
-39.6728515625,2.09311602692729,3.44039930873121
-39.4821166992188,-0.173189858361285,3.03407337656745
-39.2913818359375,0.808787784842108,3.06670598544936
-39.1006469726563,2.25039980218623,3.03143224983037
-38.909912109375,2.39782897378693,1.41418871908896
-38.7191772460938,1.95551613468068,2.19388576077145
-38.5284423828125,1.89017266842923,3.10034219869863
-38.3377075195313,0.804653026347609,1.21796258021917
-38.14697265625,0.677417699898754,1.64713764636569
-37.9562377929688,1.37419081185582,3.44719423647434
-37.7655029296875,2.31705458982591,2.05652539945464
-37.5747680664063,0.588593316989632,2.0159193070916
-37.384033203125,2.42851229151409,2.94079883077496
-37.1932983398438,1.51045301245886,2.5311578138848
-37.0025634765625,1.02438261932029,2.10814352895275
-36.8118286132813,1.518950715479,3.34212901789985
-36.62109375,0.0113639269713017,3.68559021007741
-36.4303588867188,0.426629009166376,1.77903451610613
-36.2396240234375,0.443902768258585,2.40025288158392
-36.0488891601563,2.91481167795062,3.35281658513001
-35.858154296875,0.725295347995323,1.7321329396522
-35.6674194335938,2.51840652729126,3.65814952588782
-35.4766845703125,2.13692861926281,3.1998719404598
-35.2859497070313,1.77059870728506,2.71036736073024
-35.09521484375,0.386052769956598,2.61491922621327
-34.9044799804688,2.26069002346954,2.76110930110751
-34.7137451171875,1.03226393032296,4.86776724568475
-34.5230102539063,0.188011665585353,2.99562728672108
-34.332275390625,2.72499321730251,3.39388441831863
-34.1415405273438,-0.729738592828771,2.89059591082709
-33.9508056640625,-1.00086834199466,2.31816642757038
-33.7600708007813,2.11737525646713,2.1296304625316
-33.5693359375,0.587605653002533,2.23071927817662
-33.3786010742188,2.26396839313689,3.38978338611942
-33.1878662109375,1.67567849845654,3.51360364028416
-32.9971313476563,-0.0922842810777853,3.84248013301318
-32.806396484375,1.46032396226573,1.8844715181904
-32.6156616210938,0.12287183033855,2.74326253823342
-32.4249267578125,-0.203450047191367,4.82192166949526
-32.2341918945313,3.70682559597072,3.46731053949583
-32.04345703125,0.281632761017153,2.68123152427325
-31.8527221679688,3.02325798807541,3.75552509598872
-31.6619873046875,-0.31274872924175,3.2282247570925
-31.4712524414063,1.55835585202339,3.65562081836107
-31.280517578125,2.30246409632249,3.80876922032692
-31.0897827148438,0.296989363189351,2.48662267370226
-30.8990478515625,1.70196395459779,5.28497153254947
-30.7083129882813,1.39836693538871,4.40282728068154
-30.517578125,2.68307484926822,4.09905569666821
-30.3268432617188,0.85768274129217,3.56569868774335
-30.1361083984375,2.03436663259737,4.24362820510693
-29.9453735351563,1.69249593762733,4.5786712874806
-29.754638671875,0.851141729506854,4.31456540804857
-29.5639038085938,0.859933642940109,3.88688566522292
-29.3731689453125,-0.224911729859722,2.44334435136817
-29.1824340820313,0.408640231104327,2.18889124076789
-28.99169921875,1.20447924203918,3.37275141694265
-28.8009643554688,0.77786276838551,3.87890397117571
-28.6102294921875,1.12865893374769,5.96537745583211
-28.4194946289063,1.66284231690652,4.82700391898848
-28.228759765625,1.5312126706786,3.99125233616622
-28.0380249023438,1.75807352282143,3.93740976703061
-27.8472900390625,-0.224971007319444,3.51489322177007
-27.6565551757813,2.37337646850154,4.32233482743291
-27.4658203125,2.05366057580969,4.12581844606571
-27.2750854492188,1.65208257371697,4.71887745623995
-27.0843505859375,2.08968526479693,3.68801728601175
-26.8936157226563,1.03496593886479,3.31383945060902
-26.702880859375,2.12584132210604,5.70778498214329
-26.5121459960938,2.07360109006125,5.08436735831519
-26.3214111328125,0.428867665296066,1.9653078663897
-26.1306762695313,0.011478724115675,3.56993108676424
-25.93994140625,2.09133431334134,6.25423511239524
-25.7492065429688,1.25502326782691,4.41978865484378
-25.5584716796875,1.96149312814906,4.28060349323801
-25.3677368164063,-0.900997380684681,3.60740045513651
-25.177001953125,1.84449016243399,5.1929107556669
-24.9862670898438,1.76637064885167,4.84265344647538
-24.7955322265625,3.32575677339156,4.88726751062186
-24.6047973632813,0.353199301924516,4.87456214934404
-24.4140625,0.38033881249976,4.7178012414466
-24.2233276367188,0.853142346867266,6.01975583443482
-24.0325927734375,0.48067509324347,4.59261511452505
-23.8418579101563,-0.0528237259713771,6.58881600172621
-23.651123046875,-0.249235468050841,4.70923594998724
-23.4603881835938,1.8319088633233,4.85063964199125
-23.2696533203125,1.75199534421759,5.95096429583243
-23.0789184570313,3.38789401496707,5.86479641801924
-22.88818359375,2.63936683955282,4.95414497059049
-22.6974487304688,1.32628675651218,4.2197192443427
-22.5067138671875,0.167379996241942,4.64647241878596
-22.3159790039063,1.84669841137859,5.85603005049961
-22.125244140625,0.239131246153065,6.15443967491809
-21.9345092773438,1.76810052940254,6.171599119248
-21.7437744140625,1.17296066690736,4.62083744857285
-21.5530395507813,0.477739960823045,5.60402757271268
-21.3623046875,2.51666924681273,4.22359581975297
-21.1715698242188,3.63264002273421,4.43974796330056
-20.9808349609375,2.18581388970994,6.63192981845072
-20.7901000976563,-0.00384801131543078,5.53615854734407
-20.599365234375,1.20932379715695,8.42875530879438
-20.4086303710938,2.4730024193761,4.39438430872127
-20.2178955078125,1.57007260851272,6.74730562166764
-20.0271606445313,0.787384768803501,6.19278056298659
-19.83642578125,0.564705251036517,7.36696668614855
-19.6456909179688,1.81174134334445,8.92535641241435
-19.4549560546875,1.21969939756338,6.37580136314952
-19.2642211914063,0.916843018647408,7.95374363981626
-19.073486328125,2.37378422941977,8.36408578131867
-18.8827514648438,1.76831927566622,8.06738633717928
-18.6920166015625,1.78551016423971,7.8684666197339
-18.5012817382813,3.6421025715663,8.20597248345485
-18.310546875,3.60862996473,8.1330923389884
-18.1198120117188,1.4982499827428,10.9506250495367
-17.9290771484375,2.79837804610343,11.2069852138458
-17.7383422851563,2.01651838440621,7.77569969017839
-17.547607421875,2.63215207229074,10.7175774101701
-17.3568725585938,1.02716531910503,8.78341275604969
-17.1661376953125,2.45709038623582,11.8816459140732
-16.9754028320313,1.41715307499319,12.05591116143
-16.78466796875,1.97155413152006,11.5318957900211
-16.5939331054688,2.17608232708644,9.39881443051944
-16.4031982421875,2.97481117873204,11.0280860648124
-16.2124633789063,3.43900263531044,13.0923288615752
-16.021728515625,4.80650526916831,11.0603537385913
-15.8309936523438,3.44717204145991,14.802545089769
-15.6402587890625,6.70419720350819,13.0270515511409
-15.4495239257813,3.86275401883354,13.3362069048769
-15.2587890625,5.69622063574235,12.1548833828002
-15.0680541992188,5.99255964720071,13.5618501785978
-14.8773193359375,6.12565938544535,11.8147194577501
-14.6865844726563,7.44597820547305,13.9179947507245
-14.495849609375,8.68242226325659,14.5281372417545
-14.3051147460938,8.24978859583322,13.7121621683824
-14.1143798828125,10.5548756779599,15.0338745196221
-13.9236450195313,11.5871832627523,14.5124034708864
-13.73291015625,11.8060857527121,15.1681689137519
-13.5421752929688,12.6792500768854,14.2906742169335
-13.3514404296875,12.4809779724359,13.4708743959311
-13.1607055664063,12.9344119817057,14.9102530614709
-12.969970703125,12.9934466458611,14.3189827851471
-12.7792358398438,13.8941339792901,12.638667257679
-12.5885009765625,15.2469692243372,12.7099598229085
-12.3977661132813,16.5803467995979,12.8521990712357
-12.20703125,15.5692517998279,12.3535177551219
-12.0162963867188,17.2091760690787,12.0102806415424
-11.8255615234375,18.6206206745569,11.0454984191495
-11.6348266601563,18.7791856826104,9.65416537203645
-11.444091796875,19.0924479493296,11.0655519725295
-11.2533569335938,19.8518282299268,9.80736631032383
-11.0626220703125,19.8978024971833,8.60513547820796
-10.8718872070313,19.3726201494642,8.04578815271597
-10.68115234375,21.6444631462322,7.86715439722764
-10.4904174804688,19.8184055039417,6.50004368855551
-10.2996826171875,21.8287732165762,6.22189419108551
-10.1089477539063,22.2103099088048,5.18925840302551
-9.918212890625,21.8543068181083,4.82135006465468
-9.72747802734375,22.9655903245853,3.04879656371345
-9.5367431640625,22.1561012758508,3.31254923855566
-9.34600830078125,20.711023248755,3.9524155736974
-9.1552734375,22.3038255117494,1.41973036179992
-8.96453857421875,20.0771339014442,3.81236621350992
-8.7738037109375,21.2123313018107,-0.199589554417879
-8.58306884765625,20.7330533360587,1.1281443691127
-8.392333984375,19.1614784238116,-0.708789858879763
-8.20159912109375,20.3508269682708,-1.51281721606552
-8.0108642578125,22.0369121322872,-1.66078202556457
-7.82012939453125,21.2531904835834,-1.4494400860128
-7.62939453125,21.28536024722,-3.64814451969089
-7.43865966796875,21.8460884444284,-4.57316362641909
-7.2479248046875,19.7197421719246,-5.28898255381581
-7.05718994140625,22.0098704816926,-4.68223497233421
-6.866455078125,20.8394024392709,-4.80113398545534
-6.67572021484375,21.7620018921497,-5.97279164519203
-6.4849853515625,21.8008827090842,-6.56231977936291
-6.29425048828125,19.7160626087355,-6.72762486590274
-6.103515625,22.3328655102112,-7.86981953592706
-5.91278076171875,19.3817741292664,-7.21011587019205
-5.7220458984375,19.9309112410339,-7.51571482587755
-5.53131103515625,19.5819554836287,-7.91178600036248
-5.340576171875,19.3865489284892,-9.07723849364888
-5.14984130859375,19.346567942994,-10.338645646324
-4.9591064453125,18.630704060173,-10.754341994927
-4.76837158203125,17.9207064797734,-9.81290480450648
-4.57763671875,17.0717437961162,-11.34317208703
-4.38690185546875,15.9736793396048,-12.3989920824255
-4.1961669921875,15.0261906220283,-11.9473550715882
-4.00543212890625,16.2223431461959,-12.3577914484366
-3.814697265625,13.1114721698122,-13.4949228145668
-3.62396240234375,13.7961983732466,-12.0564051779198
-3.4332275390625,14.9598661004201,-12.9926179454203
-3.24249267578125,12.2966378149866,-13.004078353214
-3.0517578125,13.4089163845283,-14.1337450618879
-2.86102294921875,12.0792989266561,-12.5608464755692
-2.6702880859375,10.8739330628108,-14.7595234524529
-2.47955322265625,10.0647191308722,-15.0352217799933
-2.288818359375,9.64125718679465,-13.5879908882225
-2.09808349609375,9.92790407198643,-14.1809763924637
-1.9073486328125,9.45120411743103,-15.517465474904
-1.71661376953125,7.6728040802888,-15.4121940778761
-1.52587890625,8.69986496428172,-14.1951870304559
-1.33514404296875,7.07820493717316,-14.2200896836554
-1.1444091796875,6.15904148385621,-15.268978497027
-0.95367431640625,5.29889127264443,-13.8441022721293
-0.762939453125,5.24521740236975,-15.6431946086426
-0.57220458984375,5.34444071067829,-13.3217523839368
-0.3814697265625,4.77813134086071,-13.4919229164677
-0.19073486328125,4.5198438917937,-11.8973631088226
0,6.17451900111021,-13.4834185590659
0.19073486328125,4.18182042748399,-12.5768690117973
0.3814697265625,5.00904098977186,-12.9132668348101
0.57220458984375,3.29155844638369,-10.8909479323481
0.762939453125,3.34334050942555,-13.0753986533521
0.95367431640625,1.9048279616031,-11.2741277192072
1.1444091796875,3.16235692305211,-9.30008809821261
1.33514404296875,1.82033765981138,-9.36274571780947
1.52587890625,2.72318656136808,-11.9181279000839
1.71661376953125,2.54687715327698,-9.90056086732367
1.9073486328125,2.5664534624945,-8.49603905975685
2.09808349609375,1.94495186957508,-9.32729216365804
2.288818359375,-0.00762919827599606,-7.72059986626476
2.47955322265625,1.96127963646243,-9.50386495450506
2.6702880859375,3.31692520363837,-8.31994692793751
2.86102294921875,1.06206150446508,-7.67300688446544
3.0517578125,1.10223648033011,-9.28270828828551
3.24249267578125,1.31571368428423,-7.4755158775706
3.4332275390625,2.57180404010804,-9.10498643750188
3.62396240234375,0.757375831131853,-8.2244033334597
3.814697265625,2.78504271709406,-10.1138095848292
4.00543212890625,0.807593344753152,-7.70152437766585
4.1961669921875,2.34996003941901,-8.36219762631297
4.38690185546875,0.551039173967086,-7.41532135340601
4.57763671875,0.605171923499027,-9.02664520862606
4.76837158203125,3.7949664703849,-5.47367159273743
4.9591064453125,0.096747226040095,-7.54857084053024
5.14984130859375,2.02392379484612,-5.02754536491615
5.340576171875,1.86302783942206,-7.82617600458928
5.53131103515625,0.854908938086478,-6.23003325544447
5.7220458984375,-0.542237709928587,-7.61187047673184
5.91278076171875,1.58676433731785,-7.11008733340928
6.103515625,1.49010868820209,-7.1335115962881
6.29425048828125,1.9844553665363,-5.46970344152639
6.4849853515625,2.46632168352177,-5.35963010845546
6.67572021484375,0.639727252119258,-7.86343920922495
6.866455078125,0.39057423450492,-6.50115180565718
7.05718994140625,2.27299072952627,-5.88184130724861
7.2479248046875,0.557128938385578,-6.84585333789073
7.43865966796875,0.302980434022427,-6.73756560543829
7.62939453125,0.891513340250153,-5.21951035759999
7.82012939453125,1.0476153586895,-7.29014517480393
8.0108642578125,1.63198653340967,-3.93264157567221
8.20159912109375,0.909156459815273,-4.50820189532407
8.392333984375,1.72549834927207,-7.00344612182116
8.58306884765625,0.764167430444398,-3.9688519805726
8.7738037109375,0.725837861858947,-6.15334788252408
8.96453857421875,-1.01368780907906,-4.64359474973037
9.1552734375,1.15544317780765,-4.53728686954024
9.34600830078125,0.405326843461454,-4.54754544603212
9.5367431640625,1.27140356164757,-4.04061500314303
9.72747802734375,0.663690078338855,-5.18189880361042
9.918212890625,1.35533741171304,-4.57918505789257
10.1089477539063,0.375380883259681,-5.34206354169698
10.2996826171875,0.260323342685046,-5.73948556318687
10.4904174804688,1.20892643760833,-3.43694330522345
10.68115234375,1.11526659739184,-5.43936003484412
10.8718872070313,2.15219209236066,-3.90103783095599
11.0626220703125,1.48773935448102,-4.8190680931465
11.2533569335938,1.59813995063497,-5.68279008206395
11.444091796875,2.08583321007938,-5.10213914764156
11.6348266601563,0.478374963677932,-6.04137778531231
11.8255615234375,1.47388260000907,-5.12424689321769
12.0162963867188,0.726131427734066,-6.57672255826746
12.20703125,0.502788523902888,-4.79702871508365
12.3977661132813,-0.303441164588005,-3.63410236937402
12.5885009765625,0.711421505830953,-4.273148136475
12.7792358398438,0.38115828111064,-4.44520088665083
12.969970703125,-0.172298985194858,-2.95320769329203
13.1607055664063,0.961146933424807,-3.75097607509216
13.3514404296875,0.751562587498701,-2.31619293845516
13.5421752929688,0.77450535033989,-2.91266852841654
13.73291015625,0.724388602411472,-5.97338169371892
13.9236450195313,1.74165559448141,-4.31971812293606
14.1143798828125,0.44015247601492,-4.82477054709655
14.3051147460938,2.10411750925139,-3.16388781833173
14.495849609375,0.977005175871526,-5.80419232663171
14.6865844726563,0.16509450568144,-4.78236459580398
14.8773193359375,1.14590184969036,-3.63334002899529
15.0680541992188,1.08820659096283,-2.76405000918931
15.2587890625,0.776291591222737,-4.73269231042555
15.4495239257813,0.279909297495639,-4.52664025556761
15.6402587890625,1.04986984035358,-4.8348907179379
15.8309936523438,0.495682359399127,-4.20898004931628
16.021728515625,1.10277987362432,-5.33378148652845
16.2124633789063,2.25586317112944,-2.50137659997443
16.4031982421875,1.04942007348187,-3.16130672247371
16.5939331054688,2.36133966985469,-3.9084173771155
16.78466796875,-0.864859377998738,-4.63013290079765
16.9754028320313,1.63270910216862,-4.67277193948391
17.1661376953125,0.883079738106713,-5.78220586999924
17.3568725585938,2.80198059713165,-4.24418564759473
17.547607421875,0.306905347774339,-4.64286365522144
17.7383422851563,0.382121944414237,-3.57144773911934
17.9290771484375,1.03301269901193,-3.81874523934109
18.1198120117188,0.41515521397106,-4.34464480496211
18.310546875,0.0678854056839902,-3.6442195887683
18.5012817382813,0.520474937509743,-4.25130879529002
18.6920166015625,-0.0849070957407954,-3.09052999255644
18.8827514648438,-0.0699948875191944,-3.3432467404024
19.073486328125,1.7031760177445,-3.13532748349658
19.2642211914063,0.753464665032669,-5.08671019601387
19.4549560546875,2.19424805122163,-3.95396571527853
19.6456909179688,0.918786788588822,-3.59156234953798
19.83642578125,-0.346883184121593,-3.9231266345623
20.0271606445313,0.848362467655318,-3.15660260799642
20.2178955078125,2.55399239643113,-3.19479284093978
20.4086303710938,1.51210854387001,-3.52375148526069
20.599365234375,0.702903636211277,-3.65403155369404
20.7901000976563,1.24285246045677,-3.70533028717425
20.9808349609375,0.944223643256287,-4.97120743911849
21.1715698242188,1.70397989566858,-3.11585250022774
21.3623046875,0.150124208583852,-3.0202874530009
21.5530395507813,-0.0580257610315099,-3.42863142618803
21.7437744140625,0.349441076531013,-3.87405055506066
21.9345092773438,0.514841951413475,-3.16464675592668
22.125244140625,-0.96937265137079,-2.80821373048635
22.3159790039063,1.80825472107797,-2.93520575749096
22.5067138671875,1.6867289920937,-3.14702584891594
22.6974487304688,-0.59865168573741,-3.84291870755558
22.88818359375,0.855715093838811,-2.40244678175403
23.0789184570313,-0.739237917355793,-4.26347336430797
23.2696533203125,0.633849515085793,-3.75376405007897
23.4603881835938,2.11323950967403,-2.97258257470195
23.651123046875,0.56080234518094,-3.97230319449443
23.8418579101563,1.01778620989432,-3.79973771175278
24.0325927734375,-0.516839888656812,-4.13001288911178
24.2233276367188,0.823182043821527,-4.79752943729381
24.4140625,0.770567245303807,-3.40001048584127
24.6047973632813,0.187564573102379,-1.67056327437681
24.7955322265625,0.0349153195768929,-2.98982111718074
24.9862670898438,-0.64695964089239,-3.08762470065992
25.177001953125,1.26229522493566,-2.82091769354832
25.3677368164063,-0.0824727427241324,-2.48500259171295
25.5584716796875,1.51574357790357,-1.69664088181992
25.7492065429688,0.679096458687569,-4.74095968707667
25.93994140625,1.01744165641359,-2.7864350616373
26.1306762695313,0.900811166522337,-4.46734873457784
26.3214111328125,-0.572435540553988,-1.1320991692895
26.5121459960938,0.165211629084879,-2.88905878208158
26.702880859375,-1.68653513800159,-3.36957009148229
26.8936157226563,-0.859875865277824,-1.34936124621975
27.0843505859375,1.38684103071323,-4.16400030838124
27.2750854492188,-0.796135429747846,-3.36712650952414
27.4658203125,0.818916494845767,-2.60856833404359
27.6565551757813,-0.172105516171975,-3.09677203399123
27.8472900390625,0.255773408236745,-3.9999553386701
28.0380249023438,-1.1862010058168,-2.196549150551
28.228759765625,-1.64492753518523,-0.69735746381241
28.4194946289063,-0.939607007132775,-3.36336314519008
28.6102294921875,-0.0284477289788083,-1.28326094527915
28.8009643554688,1.4087067277231,-3.81704020247451
28.99169921875,-0.739673437407788,-2.65351745633308
29.1824340820313,0.108011596891434,-2.32571539530879
29.3731689453125,-0.160852408839647,-2.79759803309495
29.5639038085938,2.207127670825,-3.35163037680805
29.754638671875,0.450849693502703,-4.4943104730035
29.9453735351563,0.256227973353346,-4.09219299140672
30.1361083984375,0.445741383044483,-1.82936849192962
30.3268432617188,1.02095773889151,-2.06091489698988
30.517578125,2.1080566241185,-2.59996294036446
30.7083129882813,-0.876929872303832,-3.05108238283447
30.8990478515625,-0.560371416231433,-3.49239127946721
31.0897827148438,0.346116836940868,-3.60560453817543
31.280517578125,-0.656134545097706,-0.165583125239343
31.4712524414063,-0.878923695161341,-2.02564906158477
31.6619873046875,0.339608663981512,-2.91111519995154
31.8527221679688,1.118368898568,-3.50646368836514
32.04345703125,0.873017219473634,-3.08495639166096
32.2341918945313,0.523636476580697,-2.09602778706394
32.4249267578125,0.612272757284618,-3.9236779770787
32.6156616210938,0.376160933065007,-1.76225499192434
32.806396484375,1.12617815294615,-1.98070923041855
32.9971313476563,0.316227135046154,-3.225750651005
33.1878662109375,-1.48063774650541,-3.35240473091733
33.3786010742188,-0.372009803453011,-3.505286573305
33.5693359375,0.726539154115789,-4.71562325247157
33.7600708007813,0.0808239417496576,-2.71808492257353
33.9508056640625,-0.228258173676882,-3.35351036694475
34.1415405273438,-0.493674977992961,-1.45839144876784
34.332275390625,0.302832597818731,-2.58746321974871
34.5230102539063,1.58601945458813,-1.52652611056239
34.7137451171875,-1.27242638249436,-3.2165511473291
34.9044799804688,0.0998567386433069,-2.30256125807891
35.09521484375,0.389962456283842,-3.23596084417273
35.2859497070313,0.210165180521141,-3.68641264639281
35.4766845703125,0.00126522677367152,-3.56434102587711
35.6674194335938,1.17886769125647,-3.97558462456215
35.858154296875,0.0651888256368362,-2.32851729955034
36.0488891601563,-0.2988725332818,-2.80383910631219
36.2396240234375,0.695483089982617,-2.43937954442653
36.4303588867188,0.39984665024519,-2.90663480349408
36.62109375,0.791722777458006,-2.05218987379828
36.8118286132813,0.817000279542243,-1.42345629198764
37.0025634765625,0.0341420319579115,-2.47102657121467
37.1932983398438,0.935023370661984,-0.807130284469376
37.384033203125,0.353203692203535,-1.83351100107302
37.5747680664063,0.235712873501287,-1.37858483696116
37.7655029296875,0.143979282126715,-2.08274351240442
37.9562377929688,-0.549993285872839,-2.24212676844589
38.14697265625,-0.154092332071395,-1.73634993878572
38.3377075195313,-0.552304521614222,-0.307315405702871
38.5284423828125,0.200051651571855,-3.3807689576045
38.7191772460938,0.842277209084018,-1.45789541607892
38.909912109375,0.185623546357447,-2.57246320974838
39.1006469726563,0.0509570562205139,-2.39584032303316
39.2913818359375,1.33548703806535,-2.30893289838233
39.4821166992188,0.483377375051036,-2.59275593315159
39.6728515625,-0.737129451246049,-2.72661220575797
39.8635864257813,0.914690042793383,-1.94458729171651
40.0543212890625,-1.76555429587639,-3.64732761917419
40.2450561523438,-2.21355536480976,-2.27092818690651
40.435791015625,0.715594592023198,-3.05119699516695
40.6265258789063,1.19552726728945,-0.999475026769148
40.8172607421875,2.20976865255182,-3.11990248752305
41.0079956054688,-0.374123099550311,-2.87555763962374
41.19873046875,-0.00300600875147587,-2.21102115371693
41.3894653320313,2.15250676737322,-1.55104676888868
41.5802001953125,-0.655781146100582,-3.09325909565757
41.7709350585938,-1.9693560192389,-2.07962598262377
41.961669921875,-0.0695134522129024,-2.24136267721274
42.1524047851563,-1.67116962365523,-1.83663034561059
42.3431396484375,0.114011797917593,-0.479848622528938
42.5338745117188,1.07975625938298,-3.63367897087763
42.724609375,-0.0882606785233887,0.156337216384927
42.9153442382813,-0.612165839446102,-2.82037196868406
43.1060791015625,1.17789576200938,-2.76980707813586
43.2968139648438,-0.545665990253804,-1.96292017093035
43.487548828125,1.42611516445323,-2.86304261806077
43.6782836914063,0.478422107598659,-1.09032716206397
43.8690185546875,0.355388131782298,-1.25637078903396
44.0597534179688,0.954310415886457,-2.97966051153262
44.25048828125,-0.241092759616862,-0.664232951173792
44.4412231445313,-0.674188033776717,-1.90193913274524
44.6319580078125,1.75407709968876,-2.73184340862847
44.8226928710938,-0.179903670405514,-1.99143576177528
45.013427734375,0.85690632138924,-2.11404841217965
45.2041625976563,0.751658368393106,-2.03642321680614
45.3948974609375,-0.174159741507969,-0.902803099305365
45.5856323242188,0.683404257206321,-2.03113272449473
45.7763671875,-0.99792314205474,-1.20310324331362
45.9671020507813,0.497159909426751,-2.41593479823447
46.1578369140625,0.747602572316341,-4.56770668058349
46.3485717773438,-0.769390890975325,-3.78934067836206
46.539306640625,0.719991048607156,-2.04145199349541
46.7300415039063,-1.50645852610495,-3.52079412137873
46.9207763671875,1.25802103734752,-1.69830323028487
47.1115112304688,0.332762229786364,-1.83334809738391
47.30224609375,0.736155090340871,-2.82354946941796
47.4929809570313,0.306620657333151,-0.893390457767932
47.6837158203125,0.177216690686614,-0.296766412264342
47.8744506835938,-0.00967311725276902,-1.2261753433206
48.065185546875,0.177203146774706,-0.431567899776073
48.2559204101563,-0.705514057809252,-2.96512737261498
48.4466552734375,0.654704765243949,-2.20738651583124
48.6373901367188,0.93048590089221,-2.05716932124905
48.828125,-0.0574065076390304,-1.29545766861833
49.0188598632813,-0.371947931591258,-3.19345569060203
49.2095947265625,0.480821804890577,-0.0753923802290315
49.4003295898438,2.38909220123924,-1.19654136919289
49.591064453125,0.197571387736921,-1.97479784317848
49.7817993164063,0.335752115284905,-1.18876965610445
49.9725341796875,-0.858993747833849,-1.4310761721803
50.1632690429688,0.584161657335605,-2.75345413953319
50.35400390625,0.249522393473189,-2.34174986585495
50.5447387695313,-0.663556005583196,-2.29487795253842
50.7354736328125,-1.61698142926802,-2.40384573305865
50.9262084960938,-0.146782892547512,-1.80293931607789
51.116943359375,1.38571111772,-1.99663371195794
51.3076782226563,1.0570649607268,-0.532265934506492
51.4984130859375,-1.59567886651894,-1.45959251777889
51.6891479492188,-0.238870048574564,-3.08321699849122
51.8798828125,0.392146082073947,-2.08701552214604
52.0706176757813,0.705693587253483,-1.73745898209575
52.2613525390625,0.495914859027642,-1.28282034941162
52.4520874023438,-0.144035111525521,-0.846178216418899
52.642822265625,0.482402367088411,-2.36534165557273
52.8335571289063,1.43473362855089,-1.07260034191031
53.0242919921875,0.694353448331585,-1.47064334657509
53.2150268554688,0.241277545182943,-2.08126427574522
53.40576171875,0.319057052863304,-0.813036637799229
53.5964965820313,1.0960423233058,-3.94617842452255
53.7872314453125,0.762972730164548,-0.978616876034567
53.9779663085938,-0.409118810536439,-0.327205475456637
54.168701171875,-1.2435256931629,-1.29819829761645
54.3594360351563,-0.403100426576628,-1.36570720935597
54.5501708984375,-0.930636487467442,0.045029118938811
54.7409057617188,1.94802258185285,-3.52962903342195
54.931640625,-0.974387909625704,-2.05433234596621
55.1223754882813,1.70161722402995,-0.727307896511202
55.3131103515625,0.467976543713317,-1.00206871641466
55.5038452148438,-0.459608053981612,-1.23703709330557
55.694580078125,-1.58623775619919,-2.31588920110135
55.8853149414063,0.166589780722554,-0.766348631357164
56.0760498046875,0.487874049585805,-2.53543646747993
56.2667846679688,0.767548774180356,-1.49844232637968
56.45751953125,1.60461616712391,-1.53083738012492
56.6482543945313,-0.0833703668999341,-1.97063169170204
56.8389892578125,0.320975170421357,-1.30265000900911
57.0297241210938,-0.434481668656356,-2.86278591306608
57.220458984375,0.452987230074448,-1.4049439731787
57.4111938476563,0.809001837154423,-1.25427633567301
57.6019287109375,0.618296346710248,-1.23069338830923
57.7926635742188,0.357514161921049,0.140903452777274
57.9833984375,1.36203268259445,-2.14067393481158
58.1741333007813,0.771064977802798,-1.24156112016778
58.3648681640625,0.156231205027069,-1.7291189244649
58.5556030273438,-2.03895425869749,-0.0874929114864132
58.746337890625,0.520505920653791,-0.604793113011335
58.9370727539063,0.760763471375705,-2.95484582085703
59.1278076171875,1.10817867271133,-1.70521160309604
59.3185424804688,-0.2537424195527,-1.02747711289409
59.50927734375,0.514127239131724,-0.126904826159986
59.7000122070313,0.735505318789083,-3.99916524232751
59.8907470703125,0.49540717181347,-2.18839188696372
60.0814819335938,0.464187651680086,-2.24751458830998
60.272216796875,-0.203489820696589,-1.23379296774944
60.4629516601563,-0.266495260514056,-1.97449703558065
60.6536865234375,0.210131843786546,-1.55271419564324
60.8444213867188,1.21851215985742,-1.70759132439765
61.03515625,-1.58981270427548,-0.597105439375895
61.2258911132813,0.501548469320137,0.338685116631514
61.4166259765625,0.955066258818074,-2.24411820900411
61.6073608398438,0.149267420586384,-1.34987138003144
61.798095703125,1.03214713691539,-0.503175089369241
61.9888305664063,1.84848286477502,-3.50185197168108
62.1795654296875,-0.6277012094171,-0.736150380344306
62.3703002929688,-0.475696299673964,0.875177403748978
62.56103515625,0.517903829843239,-0.571044152576897
62.7517700195313,-0.495951803728858,-2.05640977681622
62.9425048828125,0.482775044713273,-2.1876075898636
63.1332397460938,0.138244480023528,-2.53973936668935
63.323974609375,-0.182413926713686,-3.38896039600587
63.5147094726563,1.29535551911373,0.0489966849730417
63.7054443359375,-0.770441502791908,-1.16808039713673
63.8961791992188,0.518331339095547,-1.92600114629907
64.0869140625,-0.823542594201594,-1.1382677378106
64.2776489257813,-1.00820307878806,-1.2329082009571
64.4683837890625,-0.861914732326279,-2.05941138618258
64.6591186523438,-2.03124934387003,-1.43597599322253
64.849853515625,-0.73788684240728,-0.752364544896738
65.0405883789063,-0.0466456315054545,-0.695278567016028
65.2313232421875,0.0782409238920481,0.24109521884546
65.4220581054688,0.131414622853015,-1.62158938627356
65.61279296875,0.15758077531749,-0.270436249152081
65.8035278320313,-0.42865982517696,-0.609755992050806
65.9942626953125,0.446756616873856,-3.7464938821167
66.1849975585938,0.50125578608833,-1.60904169693313
66.375732421875,-2.41925457237275,-0.860545088793526
66.5664672851563,0.966289719950728,-0.0439764864176
66.7572021484375,0.78220136220795,-1.05971393549558
66.9479370117188,0.335478973547694,-1.52087675669532
67.138671875,-1.9875971128909,-0.534468505333673
67.3294067382813,-0.0743487829504996,-2.32546272063188
67.5201416015625,0.573317731385088,0.194878745563564
67.7108764648438,0.278217249591261,-0.685691636620265
67.901611328125,-1.49313295766359,-0.825643763652742
68.0923461914063,0.60449216018672,-1.17572227077052
68.2830810546875,0.35843860193954,-1.46342123276745
68.4738159179688,-0.522388749535478,-0.686806486236968
68.66455078125,-0.6368903781537,-1.29683608492606
68.8552856445313,1.26464756688407,-0.846802593655974
69.0460205078125,0.0601758335325903,-2.0264681189154
69.2367553710938,-1.89474465376224,-1.81228986053594
69.427490234375,0.729482425234075,-1.7353648361788
69.6182250976563,-1.28043771130663,-1.28882587295988
69.8089599609375,-0.905284278900803,-0.17684118367606
69.9996948242188,1.36199537937976,-2.00424191350632
70.1904296875,-0.241541225945606,-1.68820131500934
70.3811645507813,0.159405427268533,-0.497522469223553
70.5718994140625,-2.12567695742828,-1.13788175354736
70.7626342773438,0.49869744546795,-2.04207509514191
70.953369140625,-1.02209914614986,0.5208799234956
71.1441040039063,1.28782853604518,-2.22827033981511
71.3348388671875,0.4782764068743,-2.32108176124008
71.5255737304688,-0.721313473048005,-0.456432140456367
71.71630859375,0.772055893033414,-2.25450200391705
71.9070434570313,-1.38953903492757,-1.03971535736061
72.0977783203125,-0.514155757746932,-0.86257117839309
72.2885131835938,0.672753691387529,-1.5313188731985
72.479248046875,0.094633419558736,-1.03142294707695
72.6699829101563,1.11062555669166,-1.73272459227791
72.8607177734375,-0.509578175817573,-1.19310187204343
73.0514526367188,0.9226689757719,-2.21298763232701
73.2421875,1.16308376647856,-0.949448446029628
73.4329223632813,1.10329280340955,-0.720108250050176
73.6236572265625,-0.0747211409558108,-0.851985150766299
73.8143920898438,0.528336582693517,-1.00969765170345
74.005126953125,0.00731023300828952,-2.56616873986694
74.1958618164063,1.28865600653931,-1.85729341339808
74.3865966796875,-1.93333144667872,0.173341539179849
74.5773315429688,-1.59012160606541,-1.11236026159142
74.76806640625,-0.914998882850709,-0.693655887869074
74.9588012695313,1.20699426677301,-1.44826052376389
75.1495361328125,1.36340258546746,-0.620522263931273
75.3402709960938,-0.815007497832524,0.00219486438914159
75.531005859375,-0.0811856660557821,-0.654645619712342
75.7217407226563,0.0341785084543823,-1.37621789931759
75.9124755859375,0.913898078229068,-1.28349423644806
76.1032104492188,-0.393970048727935,-1.87857114101881
76.2939453125,0.874298778825174,0.184892057461847
76.4846801757813,-0.792554139244658,-2.11881115125878
76.6754150390625,0.299594587485259,-1.22732553183956
76.8661499023438,-0.528350798823814,-0.0220424840956747
77.056884765625,-0.931811952596164,-1.38439063894722
77.2476196289063,1.947189803979,0.711318559920064
77.4383544921875,-0.609706997830988,-1.69789074123544
77.6290893554688,-1.14810205833988,-1.28866285820729
77.81982421875,0.841540889248539,0.35288439660905
78.0105590820313,-0.364460510634771,-1.23804088937718
78.2012939453125,0.8009519020808,-1.37789168413573
78.3920288085938,0.453572952273599,-0.544927598853632
78.582763671875,-1.23187743172218,-1.13974132593412
78.7734985351563,0.475867327105013,-0.938545920319706
78.9642333984375,0.626161493334149,-2.9917080727729
79.1549682617188,-0.0475168553329128,-1.38010041115245
79.345703125,-0.0579126045986664,-0.105193521062362
79.5364379882813,0.813717391593346,-1.46353284018077
79.7271728515625,-0.556951220997183,-2.84699419666737
79.9179077148438,-1.15083148072785,-1.6069631497742
80.108642578125,-0.757123662230354,-0.943010288406505
80.2993774414063,0.213241065332064,-1.18286346373717
80.4901123046875,1.15402897642882,-2.11665466091748
80.6808471679688,0.577877894160313,-1.16438845147556
80.87158203125,-0.103736609740308,-2.41067176430604
81.0623168945313,-0.0874715167269268,0.29200221603983
81.2530517578125,0.162811423840814,-0.00349153287625272
81.4437866210938,1.19022909800348,-0.38826128288716
81.634521484375,0.00661900599444362,-2.56814008644558
81.8252563476563,-1.1875557286874,-1.89526957868951
82.0159912109375,-0.13104901151792,0.46930677374658
82.2067260742188,-0.366905223552317,-2.11226343923878
82.3974609375,1.24161441472059,-0.676041547671833
82.5881958007813,0.21499765487204,-1.45228683382615
82.7789306640625,1.29746166049883,-1.9429285422652
82.9696655273438,1.45381621187671,-0.297637932713302
83.160400390625,0.913343954070589,-1.6000984346744
83.3511352539063,0.694100190634333,-2.06196639017526
83.5418701171875,0.663691439327192,-1.78480668529761
83.7326049804688,1.0776511448191,0.523735146680012
83.92333984375,0.465529919916116,-0.822294786354163
84.1140747070313,-0.485085241800813,-0.864142948117124
84.3048095703125,0.798532730809971,-0.873424524535437
84.4955444335938,1.1154015274685,-1.15142383421882
84.686279296875,1.50187290058286,-1.07432951694199
84.8770141601563,0.758765801405749,-1.6850973341383
85.0677490234375,2.92718063623073,-0.619039335444032
85.2584838867188,-1.39751485199023,0.988242989383866
85.44921875,-1.37615607507486,-1.61860458642561
85.6399536132813,-0.0942193933810243,-1.5380775118171
85.8306884765625,-0.121182216770798,-0.633753669173202
86.0214233398438,0.123772464088591,-1.75545078478803
86.212158203125,1.33789565116117,-2.10959373253462
86.4028930664063,0.674723515806576,-1.2679671942871
86.5936279296875,1.30166093152969,-0.317097370086006
86.7843627929688,1.70181268608731,0.463269185732907
86.97509765625,1.77856395500211,-1.08954890256331
87.1658325195313,0.252703745922133,0.425936056400536
87.3565673828125,0.483053942239387,0.957000647365451
87.5473022460938,-0.794435959365298,-2.16429790586509
87.738037109375,-1.2575053763752,-1.27891678471368
87.9287719726563,-0.121399755814103,-0.332088888747081
88.1195068359375,0.21947720976724,-1.50541381222492
88.3102416992188,0.843709357198499,-0.402708661761388
88.5009765625,-0.894437982225266,-1.56967738887355
88.6917114257813,0.818562712175405,-2.93360316602847
88.8824462890625,1.06089515389331,-2.05937384965628
89.0731811523438,1.09362548878992,-0.112148705956069
89.263916015625,0.991187135302941,-0.722328162509421
89.4546508789063,-0.317941024039304,-2.39408729162828
89.6453857421875,0.539225363225734,-1.59348938267271
89.8361206054688,-1.66633820516875,-2.22431984909952
90.02685546875,0.182347404651097,-3.0072957902525
90.2175903320313,0.932055516225132,0.588695241004777
90.4083251953125,1.56554142551948,-1.58580140236219
90.5990600585938,-0.863208371881793,-1.47775988008638
90.789794921875,-0.274822573300377,-1.11198404814062
90.9805297851563,0.379655706481557,-0.190340928938231
91.1712646484375,-0.334079026906065,-0.298902597864475
91.3619995117188,1.40269356708192,-0.433441718241192
91.552734375,1.67891368660627,-0.751866228301581
91.7434692382813,1.24077729287577,-1.85589810686604
91.9342041015625,2.17587950735177,-2.13000552229706
92.1249389648438,0.125283182140119,-0.679240780492502
92.315673828125,0.431054258230252,-0.00236141975377725
92.5064086914063,1.95056637853172,-0.968831503089112
92.6971435546875,0.534602710201246,-0.481346260512326
92.8878784179688,0.171480586457048,-1.28536494411741
93.07861328125,-0.593217615647632,0.189695908565405
93.2693481445313,-0.0852381913424313,-0.0912678016338444
93.4600830078125,0.798258127034069,-0.429815992011237
93.6508178710938,-0.398153694143511,-0.0631626421002628
93.841552734375,-1.09424144116077,-1.37568386650785
94.0322875976563,0.738894926482373,-0.314868164519571
94.2230224609375,0.640720413076979,0.201887115418987
94.4137573242188,0.700491227513908,-1.09473406021359
94.6044921875,-1.09990988776582,-0.56356556074683
94.7952270507813,0.0491888804793282,-2.27040000019077
94.9859619140625,-1.00018189153871,-1.00507952172642
95.1766967773438,-0.37152518436223,-2.57722274505584
95.367431640625,0.497622206784833,-0.70734658644731
95.5581665039063,-0.165019427209301,-0.865145278025867
95.7489013671875,-0.987653479597356,-1.65878752349495
95.9396362304688,-0.643566153700257,-1.27115413818709
96.13037109375,-0.987712280948124,-1.25773522274059
96.3211059570313,0.401794106994068,-1.02320967937172
96.5118408203125,0.401382606389042,-1.09236657163057
96.7025756835938,-0.32551001797717,-0.104884926780954
96.893310546875,-0.161120573834509,-0.314513073997586
97.0840454101563,0.216338284451854,-1.3649254868514
97.2747802734375,-0.262180540666621,-1.30552777491071
97.4655151367188,-1.06151853265489,-2.58027314851929
97.65625,-0.180688848960896,-2.84104891406925
97.8469848632813,0.682755027693693,-0.414790686030982
98.0377197265625,0.9916293973556,-0.282713110354807
98.2284545898438,-1.05790168829595,-0.741121072032889
98.419189453125,-0.0753107598419459,-0.147246726062112
98.6099243164063,0.575333989867083,-0.853905352535163
98.8006591796875,-1.34235500092831,-0.439074202541888
98.9913940429688,1.45649466070111,-0.492578963012701
99.18212890625,-0.933914414474608,-0.813807142554795
99.3728637695313,0.889949820791917,-1.40971841926592
99.5635986328125,1.39173817785401,0.121329103419213
99.7543334960938,-0.612447683438559,-1.33798714407088
99.945068359375,0.487449252978315,-2.48376881882558
