Fre(kHz),Re,Im
-99.945068359375,2.25167909214256,1.40830206492713,ZeroPoint:Tj,21,20
-99.7543334960938,-0.959295206117845,2.33493356165001,Const.;stime,3.54999896,6.4E-07
-99.5635986328125,1.78204006541625,0.57175106311594,Fre.Range:Tau,-100:100,1.5E-05
-99.3728637695313,1.91947917668251,2.22984824155113,FFTSize:DataSize:Firstpul,8192:8192,6E-07
-99.18212890625,-0.702451753126867,1.11373451870707,80kfdF6666,Freq.=141430000
-98.9913940429688,2.47381483519274,2.75630624257376
-98.8006591796875,2.05374805468068,1.71317626056506
-98.6099243164063,2.26414868154876,2.44347413254734
-98.419189453125,1.16548841724725,1.34312986282852
-98.2284545898438,1.07501253769791,2.95124468099822
-98.0377197265625,0.99372071682106,3.47617488244816
-97.8469848632813,-1.58852154336415,0.587237222912544
-97.65625,1.92363532252291,4.79664258404954
-97.4655151367188,0.799975750330644,1.88746469320847
-97.2747802734375,0.54035654811193,1.53597966970741
-97.0840454101563,-0.509622503325995,0.818180372960783
-96.893310546875,1.12313067178072,2.50619644390743
-96.7025756835938,2.27832736905491,1.47201264866793
-96.5118408203125,-2.25607955275626,0.706771042809749
-96.3211059570313,1.15815150848763,0.593398035624185
-96.13037109375,3.08523069972505,1.27785571648694
-95.9396362304688,3.34140134025533,1.7310603768798
-95.7489013671875,0.309208347866716,3.14521020728786
-95.5581665039063,0.223669702840248,1.83051664350585
-95.367431640625,-0.0122485914213676,3.18255007361577
-95.1766967773438,-2.65479616193314,0.236311013115231
-94.9859619140625,1.80396971228461,0.000796217388475087
-94.7952270507813,3.41325960406823,-0.131972302481338
-94.6044921875,0.577158764519405,0.507384824635069
-94.4137573242188,-0.51173481364116,2.58239587636108
-94.2230224609375,0.705432162815154,1.92387339555698
-94.0322875976563,-0.0513839481684188,3.50610082028235
-93.841552734375,1.81703694672769,2.00225894420159
-93.6508178710938,0.724959036885042,3.71065426513364
-93.4600830078125,1.33197757769268,1.48621721368517
-93.2693481445313,1.90721926237259,1.12921787282797
-93.07861328125,2.40392313216017,2.29340860157552
-92.8878784179688,1.6799141081327,2.00228616269968
-92.6971435546875,2.18434457109444,2.79800432147536
-92.5064086914063,-0.073576395565544,1.73197343051607
-92.315673828125,3.51802562261154,1.06316634561499
-92.1249389648438,0.533369126220217,0.634813874254109
-91.9342041015625,0.762972461908538,1.34650953242928
-91.7434692382813,-0.462142258605079,2.71236838199029
-91.552734375,0.834247242683855,3.63277430482402
-91.3619995117188,1.22306645969312,2.77025346175835
-91.1712646484375,2.11912726734549,2.38714341860822
-90.9805297851563,2.15275508676192,3.66562996851156
-90.789794921875,1.45730276944087,2.60646823764603
-90.5990600585938,0.739621389939967,3.17844597463449
-90.4083251953125,0.514432902135683,0.941392376693981
-90.2175903320313,2.75949631270515,4.40141170964452
-90.02685546875,1.81877424688411,2.62735040438558
-89.8361206054688,1.795699664356,2.37846039618141
-89.6453857421875,1.78722117942985,2.08881168593557
-89.4546508789063,1.02955177363822,0.436689222281062
-89.263916015625,2.91004586435487,1.74700435189316
-89.0731811523438,0.470453591302976,2.11255148339149
-88.8824462890625,1.80685708452988,3.23892214000577
-88.6917114257813,1.12022932166485,2.67268770764649
-88.5009765625,2.56108494585153,2.36276913026349
-88.3102416992188,0.526342353779336,2.18443755709936
-88.1195068359375,2.20504340329844,3.2024545137181
-87.9287719726563,2.80320513877026,5.04425848597676
-87.738037109375,1.03651599033096,3.90626773896699
-87.5473022460938,1.20602332764167,1.56293006166717
-87.3565673828125,1.08235286982129,3.33421136795094
-87.1658325195313,1.34300752223971,2.77600110309072
-86.97509765625,1.76710432868306,3.49888721206515
-86.7843627929688,-1.34661186290911,2.31908835396565
-86.5936279296875,0.625711936133029,1.92354002621257
-86.4028930664063,1.80234475223656,3.95209362609507
-86.212158203125,1.46416301588191,0.949942555043268
-86.0214233398438,1.03070043335824,0.535027405184728
-85.8306884765625,1.13660974906926,3.1758265241226
-85.6399536132813,4.25174970026647,2.38270639693889
-85.44921875,0.405767866694514,0.449333610716965
-85.2584838867188,-1.50210983413098,2.87936454276995
-85.0677490234375,2.25864968940512,4.65858872238706
-84.8770141601563,-0.714805402348434,4.4143505280242
-84.686279296875,1.40015200363878,4.64790132214317
-84.4955444335938,2.41226751692979,0.748743088459121
-84.3048095703125,2.05390244008591,4.73520867773042
-84.1140747070313,-1.10282862649511,1.12500592401666
-83.92333984375,3.63117891485147,2.6160338936306
-83.7326049804688,1.24300203802898,0.774999464775714
-83.5418701171875,0.0485950334267477,-1.03314668619985
-83.3511352539063,3.66083176017084,1.3689913911707
-83.160400390625,1.41067725782229,0.710480347407538
-82.9696655273438,1.96641810410754,2.52006489219896
-82.7789306640625,1.37586064813076,1.09517075941593
-82.5881958007813,1.16518908206933,-0.172146520109953
-82.3974609375,0.520132071071631,3.04154791620223
-82.2067260742188,2.73760491875441,0.984110780051263
-82.0159912109375,2.2182633129838,2.70168411026366
-81.8252563476563,1.43155822464478,1.64177203095417
-81.634521484375,0.7188226465394,2.83548340030974
-81.4437866210938,2.94813344656634,2.63071404526266
-81.2530517578125,1.84726569038774,0.4580929909672
-81.0623168945313,3.1671528070954,2.00301398057764
-80.87158203125,0.716469624162632,3.66485854744126
-80.6808471679688,2.43532574026407,1.64960661037243
-80.4901123046875,2.25213281469557,3.02131849641932
-80.2993774414063,2.25942615779989,0.396324459499053
-80.108642578125,5.15842715333886,2.13706131420347
-79.9179077148438,0.648857321858232,1.36548990680046
-79.7271728515625,1.87631798323475,3.78197639848422
-79.5364379882813,1.62724794854209,3.51719236135802
-79.345703125,-0.628787556303418,2.19431957598607
-79.1549682617188,0.644389111081073,4.35781577951731
-78.9642333984375,2.77196338082883,1.71814263110073
-78.7734985351563,1.89361931884659,-0.253418131547987
-78.582763671875,0.111587653334761,2.27072672343995
-78.3920288085938,0.0294755963857129,4.34290969879459
-78.2012939453125,3.2242960090117,3.90957348246383
-78.0105590820313,-0.407372801490811,4.68377094678837
-77.81982421875,1.43113185597217,1.99954298026595
-77.6290893554688,2.18709742418841,4.62863797614636
-77.4383544921875,1.66779842221024,2.7116365539979
-77.2476196289063,0.583267259043432,3.04643209716516
-77.056884765625,-1.52519129039611,2.60889384093986
-76.8661499023438,1.49758591067364,2.8439433210404
-76.6754150390625,0.025782165983285,4.03711022697686
-76.4846801757813,1.26246141154406,1.220479895323
-76.2939453125,1.95060089615829,4.9852240743134
-76.1032104492188,1.69760599040885,1.85183978159872
-75.9124755859375,0.823891060597932,2.44633287954532
-75.7217407226563,3.13858751272749,2.70595580819422
-75.531005859375,1.6867365357208,3.72967432548534
-75.3402709960938,1.32687090087926,3.02220918579705
-75.1495361328125,0.815045575208571,3.82008095749796
-74.9588012695313,0.297709660208546,3.78302797373352
-74.76806640625,0.603922790162542,1.37679814542652
-74.5773315429688,1.79221831789173,1.86004585341133
-74.3865966796875,2.24701482714247,0.882155036153523
-74.1958618164063,2.29829339170087,3.71973625377385
-74.005126953125,1.24533687215988,-1.45290662508541
-73.8143920898438,1.47091742078035,3.31037156760613
-73.6236572265625,0.0394289543309162,1.86007429922471
-73.4329223632813,2.01035051620405,3.79755782707684
-73.2421875,-0.413091659668008,2.14355705248295
-73.0514526367188,2.13349010036286,1.60386277559323
-72.8607177734375,1.71867651258727,3.56545233443208
-72.6699829101563,0.228224496825869,2.82172337384882
-72.479248046875,0.492805625540996,5.70574960418159
-72.2885131835938,2.27907401806504,3.17777385294106
-72.0977783203125,1.15246006677631,2.76400603627639
-71.9070434570313,1.98084876731342,2.43734556054188
-71.71630859375,0.364277347058207,3.45639209219597
-71.5255737304688,-1.2421201269968,3.47660739250408
-71.3348388671875,3.32855619924428,2.41526736687786
-71.1441040039063,2.82842338852732,0.713718372516107
-70.953369140625,2.26259391928322,3.99601653569834
-70.7626342773438,1.96115645187555,0.128339954571206
-70.5718994140625,1.07793345682046,1.65077500451622
-70.3811645507813,2.52244577895861,2.92886632539247
-70.1904296875,3.03242610484062,2.62548637097203
-69.9996948242188,1.14445600903169,0.857300045608662
-69.8089599609375,-2.12685560853417,2.10279479119233
-69.6182250976563,1.20479621746973,5.35374618457002
-69.427490234375,1.31903015352882,1.328230046399
-69.2367553710938,1.41435995613555,1.52720943987899
-69.0460205078125,3.42943406962021,4.88239603039263
-68.8552856445313,1.62294784640833,4.16611874179322
-68.66455078125,0.958399135436657,3.67753165064371
-68.4738159179688,1.19032046007615,3.03324220083531
-68.2830810546875,0.1630883402504,2.05844351004406
-68.0923461914063,-1.25135977530719,2.26967165627745
-67.901611328125,0.435506169854509,3.08397936468566
-67.7108764648438,2.80478778148085,2.35426246239459
-67.5201416015625,0.111364990568528,2.51355383172185
-67.3294067382813,0.854088264546489,1.18580328011339
-67.138671875,1.64240379576851,5.74184308989345
-66.9479370117188,1.36681501238559,2.43188864869842
-66.7572021484375,4.05628320505062,3.71274971051532
-66.5664672851563,-0.159485323429652,0.307978070704714
-66.375732421875,1.94217599101604,3.02540862611411
-66.1849975585938,1.07179382146617,3.35143915887768
-65.9942626953125,0.721673426071823,1.701268623005
-65.8035278320313,-0.328953903471358,2.80130153146951
-65.61279296875,0.421155959246239,2.77357798182895
-65.4220581054688,2.2299134861845,4.51525339911564
-65.2313232421875,2.45490701443151,1.05907841911825
-65.0405883789063,1.49195615773622,2.27449072265009
-64.849853515625,1.84541793018122,4.6757439753066
-64.6591186523438,-1.23713811363395,3.45586972488062
-64.4683837890625,-1.6476384308857,1.59840488279444
-64.2776489257813,0.874561477455021,4.14814663416959
-64.0869140625,1.78780396948604,3.69389227780176
-63.8961791992188,0.927417748282843,3.01030141739477
-63.7054443359375,1.64739303435008,4.24205999686645
-63.5147094726563,1.536929697714,2.67309424769826
-63.323974609375,0.817740747267013,3.47571322894128
-63.1332397460938,0.432650440401274,2.00379171745788
-62.9425048828125,-0.441917531222422,1.91687966261708
-62.7517700195313,-0.152164657878492,2.9704312610755
-62.56103515625,1.11773077175112,0.702925628245798
-62.3703002929688,-1.24924577177751,2.58385544494765
-62.1795654296875,1.21680903785988,2.22380898630207
-61.9888305664063,-0.110220371526554,1.46257100850304
-61.798095703125,4.22575394324122,2.83796155328842
-61.6073608398438,1.32532712446597,5.72768129387621
-61.4166259765625,1.57015948139413,2.59022408809933
-61.2258911132813,1.34752230035718,3.58106740925911
-61.03515625,2.17149472902508,4.01717334883788
-60.8444213867188,0.775167468792169,2.49874236983907
-60.6536865234375,1.3772773991832,1.78359949009413
-60.4629516601563,3.79433819385791,1.39994096025907
-60.272216796875,0.123974647879997,2.40019246418987
-60.0814819335938,1.90360105429909,3.86515576189649
-59.8907470703125,1.21956720325948,5.83278665936071
-59.7000122070313,0.504712548368371,-1.63112501499544
-59.50927734375,2.05866763552307,2.16766368012122
-59.3185424804688,0.869311187034659,4.19517141475565
-59.1278076171875,2.07313627993424,1.22707729750243
-58.9370727539063,1.62706711313191,4.3105375045487
-58.746337890625,2.81301011642224,4.07545335794044
-58.5556030273438,3.0075520975494,3.74042581558832
-58.3648681640625,-0.582829880967771,1.79197687245324
-58.1741333007813,0.609532153134568,4.48886394455834
-57.9833984375,1.56389927622643,4.64570282336426
-57.7926635742188,0.587953531111998,4.00924174721617
-57.6019287109375,2.42042901311381,3.15134923309105
-57.4111938476563,2.84322654491842,4.34821388585428
-57.220458984375,4.52908656391705,3.58887280141112
-57.0297241210938,3.05930404083969,5.04564507910421
-56.8389892578125,2.19474912476469,2.96588638140775
-56.6482543945313,0.243555387874033,4.95287549053881
-56.45751953125,0.72727361657088,2.32020966037941
-56.2667846679688,2.12322962603398,6.51478495023659
-56.0760498046875,0.545618366817248,2.17877117656139
-55.8853149414063,1.8428757905924,3.99273300063836
-55.694580078125,0.778516299617994,2.19789370256199
-55.5038452148438,0.501568509581807,2.57120728199235
-55.3131103515625,1.38813308457926,2.98955419833846
-55.1223754882813,2.40507863115512,3.87083076437574
-54.931640625,0.14800336655149,5.61487748715071
-54.7409057617188,0.067314648455369,3.66641665712119
-54.5501708984375,1.8767932151058,3.85819840434656
-54.3594360351563,0.994938117695959,2.94511858842548
-54.168701171875,0.445004870342208,4.32001803412941
-53.9779663085938,0.777291619612874,4.09106970448858
-53.7872314453125,2.52576958871229,3.90567674338378
-53.5964965820313,1.64594139992793,3.85740568533288
-53.40576171875,0.587004248196363,4.59283944034309
-53.2150268554688,0.053386480512817,3.51216404375867
-53.0242919921875,1.38272235286321,2.23845544231392
-52.8335571289063,3.61067291312151,4.78177631435762
-52.642822265625,3.59052924423557,1.69107735396419
-52.4520874023438,1.59343259114745,5.03728052361382
-52.2613525390625,1.48884811385283,5.27246508877227
-52.0706176757813,3.78010895931976,2.35655281989047
-51.8798828125,0.270025393126033,4.65810346645254
-51.6891479492188,1.8970610061724,4.26915052692338
-51.4984130859375,1.98637231819601,2.7879042358444
-51.3076782226563,1.49708613782043,6.6101302589788
-51.116943359375,3.57712390915627,5.9338233346259
-50.9262084960938,3.89696179720552,4.71601350277297
-50.7354736328125,0.795183736257462,5.33297927600965
-50.5447387695313,1.02530203712305,5.66848757703581
-50.35400390625,-0.0706013213845926,3.2472849115519
-50.1632690429688,1.63966237769763,3.39250612886383
-49.9725341796875,1.47521957394448,2.05201554742085
-49.7817993164063,1.62123410375669,2.03997733170574
-49.591064453125,3.22631495274645,2.96220735243599
-49.4003295898438,0.220157049470051,3.73886770710831
-49.2095947265625,0.82590296784519,5.96311996994823
-49.0188598632813,4.6555455649541,3.77840573283041
-48.828125,1.53579612533381,4.62573293710913
-48.6373901367188,0.65887816153592,4.5057439594276
-48.4466552734375,2.29949682473143,2.98138085056704
-48.2559204101563,4.4946897485026,7.07397067066077
-48.065185546875,1.55752417165816,3.96067337548331
-47.8744506835938,-0.293512510818954,3.51591730339797
-47.6837158203125,-1.07774222094443,6.48298601485539
-47.4929809570313,1.88567737919581,5.31695074917047
-47.30224609375,2.98645727780387,2.8157351975973
-47.1115112304688,2.7537767103563,6.32400337557149
-46.9207763671875,0.590870658299923,4.44176727726972
-46.7300415039063,0.722808501796211,4.85955838150037
-46.539306640625,1.71490095469158,8.09195982363896
-46.3485717773438,1.06824260110224,2.59950649013032
-46.1578369140625,0.694642927312024,2.51414742563153
-45.9671020507813,1.97127390637709,3.17383545278422
-45.7763671875,3.15433509524052,1.68847742880057
-45.5856323242188,3.73883828723211,2.22002646295116
-45.3948974609375,2.43162046815935,6.85622414222154
-45.2041625976563,1.12641976085196,4.68573637937503
-45.013427734375,1.37884017967909,4.79926738940779
-44.8226928710938,1.79963086453092,3.77396829984381
-44.6319580078125,-0.71815840087053,3.21088775089901
-44.4412231445313,0.850049522608397,3.71970164520089
-44.25048828125,1.13262924519577,5.77517978800181
-44.0597534179688,2.43348842080545,2.19969364764938
-43.8690185546875,1.11792164541722,5.8686042001348
-43.6782836914063,1.90982148032536,4.4311846012051
-43.487548828125,3.17805863831173,2.50509180033781
-43.2968139648438,-0.652213135927547,8.41672153366753
-43.1060791015625,2.74209231826306,5.34544488860207
-42.9153442382813,2.0193503273546,5.84887656887756
-42.724609375,2.35994999191976,1.60716721985526
-42.5338745117188,4.78192593166924,6.19981984034345
-42.3431396484375,2.82767790629706,6.76816444834941
-42.1524047851563,2.16277109075201,4.27827370163628
-41.961669921875,3.26371021733058,4.64016895745419
-41.7709350585938,1.94235487409619,4.37204863767073
-41.5802001953125,1.31591306140237,6.3490704702074
-41.3894653320313,1.43805056151362,5.26978947791803
-41.19873046875,1.74423615188388,5.31321310674501
-41.0079956054688,2.58748384735765,5.74347852665239
-40.8172607421875,1.70875143949455,4.02991484192095
-40.6265258789063,2.14437776197742,6.02147149732896
-40.435791015625,3.03033874948662,6.38044824919912
-40.2450561523438,1.18703827251263,4.29879777891956
-40.0543212890625,-1.65159381117208,6.5221856149756
-39.8635864257813,0.948941526876838,3.33157782329958
-39.6728515625,2.8689900563048,6.48417379409511
-39.4821166992188,3.19318158179558,4.84730202770486
-39.2913818359375,3.38715366582068,2.73501370704191
-39.1006469726563,1.70640347222706,3.68305312183003
-38.909912109375,1.37978129465201,5.92769274508554
-38.7191772460938,-0.924095713776385,4.69747184917389
-38.5284423828125,3.16044924726719,4.48638716893647
-38.3377075195313,2.97480159633369,7.4966062783043
-38.14697265625,3.95057296222316,5.94720237238936
-37.9562377929688,0.92873370255681,7.11817635256239
-37.7655029296875,1.727574595651,8.16767168120905
-37.5747680664063,3.0698035497696,7.57671086568896
-37.384033203125,-0.0919754820651699,5.59354336615283
-37.1932983398438,1.99901769403756,6.65523845457542
-37.0025634765625,3.61213420996808,5.99763189468679
-36.8118286132813,0.204920488507217,5.10243680164449
-36.62109375,3.89692707314086,5.08332956867253
-36.4303588867188,1.75963735402957,7.76697110946503
-36.2396240234375,2.73965712563343,7.0859563332092
-36.0488891601563,2.90276012617496,7.18793690165372
-35.858154296875,1.6980892116877,6.90020967251367
-35.6674194335938,2.45475316189399,6.56915745886651
-35.4766845703125,3.57743486565153,7.63976473860909
-35.2859497070313,0.383084804374071,7.47819829835276
-35.09521484375,-0.0020795508857403,8.14929811461655
-34.9044799804688,0.157196419515172,8.99567541738323
-34.7137451171875,2.22613113970874,8.10471460650683
-34.5230102539063,-0.556477583230327,7.12682987894806
-34.332275390625,0.605324746552818,9.88276961209609
-34.1415405273438,2.58860719276415,6.95874150662964
-33.9508056640625,3.1648033004362,7.24269729011384
-33.7600708007813,2.23082154209881,8.51517438867838
-33.5693359375,-0.0217836249921204,8.20980273188346
-33.3786010742188,2.46127658930457,7.24527179251111
-33.1878662109375,-1.63309858994312,7.03421416652822
-32.9971313476563,2.20752871632412,9.04429559224341
-32.806396484375,2.24016242467945,7.18042295825501
-32.6156616210938,2.90895517404032,10.4735205557189
-32.4249267578125,2.41769420309423,9.57862341547779
-32.2341918945313,1.26855056946111,7.60872398828869
-32.04345703125,2.81755005254951,8.77385589377303
-31.8527221679688,5.40161272110824,7.32569661684675
-31.6619873046875,1.78704683474893,9.32890543163728
-31.4712524414063,1.89289638655959,10.6347656050448
-31.280517578125,3.37721427117165,8.99860868254359
-31.0897827148438,0.616257220335376,10.1343434748635
-30.8990478515625,4.29652968722968,9.95446132299111
-30.7083129882813,2.44167296677038,10.016972862053
-30.517578125,3.88089964262531,10.8612703053899
-30.3268432617188,2.72246469890762,10.3585629242052
-30.1361083984375,-0.819287245255676,10.6017831922841
-29.9453735351563,2.51411419442683,13.7906668828466
-29.754638671875,5.19525043945977,10.9228319108934
-29.5639038085938,3.12418928103007,8.14050451869478
-29.3731689453125,1.71519708438361,11.3546928784196
-29.1824340820313,4.15228849793517,11.0817540079843
-28.99169921875,3.32361359957308,14.345983116673
-28.8009643554688,4.56075293405835,12.7243389142873
-28.6102294921875,4.37675329240537,14.1075109432495
-28.4194946289063,1.94042124821522,13.3663080034041
-28.228759765625,3.73910818313127,12.4819903411351
-28.0380249023438,4.74713846289177,13.383533401824
-27.8472900390625,4.0331999801886,15.4260304838457
-27.6565551757813,3.00018075766616,12.9205401937125
-27.4658203125,3.95323925498296,14.4353919161215
-27.2750854492188,3.40623953565469,16.6751466472777
-27.0843505859375,2.965148447009,13.981618076969
-26.8936157226563,2.37765499541796,16.9853055042114
-26.702880859375,6.88975944076848,17.3792282535114
-26.5121459960938,3.55130168397335,20.573807141001
-26.3214111328125,4.53482781069346,19.5858102048392
-26.1306762695313,5.83619870209835,22.2470146947662
-25.93994140625,5.44424147486666,19.4840020016348
-25.7492065429688,7.95761315932746,19.4524467501206
-25.5584716796875,7.96638831364932,19.9032269920671
-25.3677368164063,8.7210357992491,18.2791427989847
-25.177001953125,9.27554714828067,22.8679089689384
-24.9862670898438,9.14473731890859,21.1876167319443
-24.7955322265625,8.66218147939045,21.8928695942048
-24.6047973632813,11.373361807737,21.514071486249
-24.4140625,9.47563587409206,21.2135785805014
-24.2233276367188,15.0064837348723,23.2432049917758
-24.0325927734375,14.8086023847204,25.2385161179422
-23.8418579101563,14.6968053132045,21.0144180600105
-23.651123046875,18.3542487963314,22.2217678949976
-23.4603881835938,18.642442193473,22.4535238775472
-23.2696533203125,19.0590651883664,23.121256579707
-23.0789184570313,19.1019755336141,23.3819227537772
-22.88818359375,20.2963141131567,23.3209491492023
-22.6974487304688,21.9247048655984,22.6686558196122
-22.5067138671875,23.5151010242765,19.3236295385894
-22.3159790039063,21.414893361314,22.2009227085019
-22.125244140625,23.507849992451,19.6750830264086
-21.9345092773438,26.1244286158898,19.7046305405937
-21.7437744140625,23.9649992839848,17.3730023462136
-21.5530395507813,28.754043854939,20.6645259227515
-21.3623046875,28.6577214789687,18.6452424725246
-21.1715698242188,28.4569159596537,15.4996920874891
-20.9808349609375,30.6463875033129,15.6089188615667
-20.7901000976563,31.0132673326759,13.3584398559513
-20.599365234375,33.0506097760246,13.7976922470278
-20.4086303710938,33.5336899855895,12.3392922691137
-20.2178955078125,30.6224081096234,13.18308878515
-20.0271606445313,32.7475906252767,9.60116463093831
-19.83642578125,32.0809572489039,8.9491559367261
-19.6456909179688,32.0548436137415,8.95473746666376
-19.4549560546875,33.3116494334149,7.13183315063115
-19.2642211914063,33.7594781779717,5.98208948104054
-19.073486328125,35.8632579912679,4.26234493753993
-18.8827514648438,35.4512997784172,2.31055375593969
-18.6920166015625,35.7146306032095,2.86343498115802
-18.5012817382813,35.2482797450496,4.30622811177011
-18.310546875,36.7956865837568,2.53005923714905
-18.1198120117188,34.0336831054723,1.51858909241046
-17.9290771484375,33.1853368440521,-1.31933275024937
-17.7383422851563,36.0301166177211,-2.50576261958712
-17.547607421875,33.7658257693509,-1.89565194658485
-17.3568725585938,34.7357209907344,-2.96312994616106
-17.1661376953125,31.0241044250727,-5.0631996739048
-16.9754028320313,31.8618306415322,-4.9694251338967
-16.78466796875,36.964947561817,-2.32246985589361
-16.5939331054688,35.6787541777495,-6.80803199937234
-16.4031982421875,33.1695072363303,-5.32426509308995
-16.2124633789063,31.8693992350409,-7.51058008067274
-16.021728515625,31.7395804521514,-8.27810362055928
-15.8309936523438,33.4156205899742,-11.3342543591287
-15.6402587890625,32.0516711062034,-10.3236717473681
-15.4495239257813,32.3069930205639,-10.535438257594
-15.2587890625,33.9917988208425,-13.8769105993257
-15.0680541992188,31.3384240494058,-12.3749672027095
-14.8773193359375,30.2889168511074,-14.6450733577229
-14.6865844726563,28.2988915360757,-16.2996783370646
-14.495849609375,30.3028181421928,-15.6200741600796
-14.3051147460938,29.4689217440521,-18.2476704114297
-14.1143798828125,29.884468401129,-19.1525930451227
-13.9236450195313,28.0152514788676,-18.0458435082925
-13.73291015625,28.4767589940588,-18.8989249730521
-13.5421752929688,26.9571821532997,-21.6627509317868
-13.3514404296875,25.3894491293227,-19.5568592456065
-13.1607055664063,27.0004332446735,-22.4800925260043
-12.969970703125,26.2999592566813,-21.9078267407105
-12.7792358398438,22.7232455807912,-22.4178992223716
-12.5885009765625,24.4150040940861,-21.7935896932142
-12.3977661132813,22.0742163848351,-24.8012274493431
-12.20703125,20.5164071405757,-24.2038277821198
-12.0162963867188,19.7715164153138,-22.2107194403379
-11.8255615234375,18.8244743581476,-26.1241856614268
-11.6348266601563,16.8706487234151,-24.9878144905807
-11.444091796875,15.5761011864879,-26.5656019733958
-11.2533569335938,15.1201034257773,-25.0488330237473
-11.0626220703125,13.0444076371002,-25.1202031638015
-10.8718872070313,13.0499117283547,-24.4118473612433
-10.68115234375,11.6067677075514,-23.1836065824294
-10.4904174804688,9.75481148838368,-24.8931898242117
-10.2996826171875,7.66607230064973,-22.8082783718818
-10.1089477539063,9.77661184746646,-21.4127021940242
-9.918212890625,9.05504030069713,-20.0109415904232
-9.72747802734375,8.19576993657436,-19.8079399590552
-9.5367431640625,5.31871910731008,-20.892644792292
-9.34600830078125,7.22247416349836,-21.1347310660586
-9.1552734375,3.01882318552489,-21.0341083836315
-8.96453857421875,7.65232497312886,-18.7731851460934
-8.7738037109375,2.708926075392,-21.0250244206713
-8.58306884765625,5.12807433089454,-18.6590328998305
-8.392333984375,2.59531732904122,-18.381953027534
-8.20159912109375,5.40938559299919,-17.4807902277255
-8.0108642578125,2.75517129527161,-18.2098274538092
-7.82012939453125,2.84023982065484,-18.1165591178242
-7.62939453125,-0.745708901563049,-17.3944868610126
-7.43865966796875,3.98816913673018,-17.1788976086275
-7.2479248046875,2.87936292893171,-15.9835650829547
-7.05718994140625,3.89405156282327,-16.6078107629177
-6.866455078125,1.69446927924179,-16.2120463475583
-6.67572021484375,1.49540726003074,-14.0551595101053
-6.4849853515625,1.28718570607379,-13.5345188272048
-6.29425048828125,1.00277357349515,-14.7265254875507
-6.103515625,2.29598283986994,-14.4714962853152
-5.91278076171875,0.156180093105761,-11.7235695401079
-5.7220458984375,1.65270604726203,-13.6731610298575
-5.53131103515625,2.95856989725696,-12.3174843675957
-5.340576171875,4.10818185364251,-13.385635766192
-5.14984130859375,1.73653185497443,-13.3693228291677
-4.9591064453125,1.5011953350286,-13.3103118730539
-4.76837158203125,2.12516470212448,-12.8633903844995
-4.57763671875,-0.209736761894505,-13.780742218943
-4.38690185546875,1.29961904089686,-11.3441521132575
-4.1961669921875,0.601385635817097,-10.5742720760345
-4.00543212890625,1.81612449033333,-10.6544499028626
-3.814697265625,1.21514324632471,-10.3204382612646
-3.62396240234375,-0.437509053093006,-10.4834710882247
-3.4332275390625,-0.136648253000226,-10.8755755657374
-3.24249267578125,2.70410195049473,-9.97128270073877
-3.0517578125,0.144630238192668,-11.2710585023296
-2.86102294921875,1.43108459982329,-10.5971931320784
-2.6702880859375,-0.424580107684388,-8.91020553406538
-2.47955322265625,2.21648933160535,-9.78664159679993
-2.288818359375,1.49601097961512,-11.7582194687367
-2.09808349609375,1.68759508122377,-10.5284020150243
-1.9073486328125,2.82715065304594,-8.04324865218065
-1.71661376953125,1.85166672550955,-8.20345988734507
-1.52587890625,0.72912041121617,-8.09815760568221
-1.33514404296875,0.0870527998545289,-7.52510138112792
-1.1444091796875,2.14020326587833,-10.3662569213726
-0.95367431640625,2.10654445652042,-9.40692012335509
-0.762939453125,0.0801083096347107,-8.7582890387567
-0.57220458984375,-1.7777666084529,-9.96956064113549
-0.3814697265625,0.784008253574888,-10.269735362281
-0.19073486328125,0.988567353287829,-11.0997487861456
0,-0.562801101478559,-9.15751654817518
0.19073486328125,-0.574207138079896,-7.61955325734571
0.3814697265625,1.82811865204967,-9.8789989305195
0.57220458984375,1.71844374768028,-8.29533953910051
0.762939453125,1.07991973292544,-6.23111370479577
0.95367431640625,2.05866472988559,-9.01983408944446
1.1444091796875,1.95940532288616,-10.0847068656103
1.33514404296875,1.98198349055691,-7.82076210428218
1.52587890625,-0.459520843524633,-8.96736371868605
1.71661376953125,0.663645271998162,-8.97990640203378
1.9073486328125,-2.37570802945756,-9.23160336206761
2.09808349609375,2.16938382640526,-7.15626165679426
2.288818359375,-0.461115227795858,-8.56811557419493
2.47955322265625,-1.07680059479919,-8.11083199506994
2.6702880859375,1.47999518449725,-9.54942271661415
2.86102294921875,2.38800792195275,-6.46117827587083
3.0517578125,0.159295390281538,-5.52591652199961
3.24249267578125,0.147977298614871,-7.05035832532337
3.4332275390625,1.23907089251821,-5.18880860693881
3.62396240234375,2.8493663382475,-6.81765629132891
3.814697265625,2.38534638580442,-8.17811544330003
4.00543212890625,-1.65576028457664,-8.95480443105478
4.1961669921875,-0.595196021736905,-9.29442130584912
4.38690185546875,1.87367474521425,-7.4314136074846
4.57763671875,1.57388191338142,-5.15441331159821
4.76837158203125,0.687886216479991,-8.25538971595685
4.9591064453125,0.639244515730151,-6.17466170367111
5.14984130859375,0.0843012363137285,-9.24125224300918
5.340576171875,1.25310050827092,-5.82637999203933
5.53131103515625,0.903436692046197,-6.77466449719712
5.7220458984375,2.53553000981334,-6.0343556669818
5.91278076171875,-0.534959032762019,-7.68371443121382
6.103515625,1.2319645787221,-5.8116196273802
6.29425048828125,1.0917597799982,-7.90657303410124
6.4849853515625,-1.11834585053821,-6.04248806871989
6.67572021484375,-0.747621504114719,-5.49174031193352
6.866455078125,0.54254378347836,-7.70892649391366
7.05718994140625,0.898817351734204,-4.83037114318141
7.2479248046875,2.55968614923377,-5.17196677624797
7.43865966796875,0.200251252022585,-5.48182428519086
7.62939453125,-1.28480050663587,-5.2142794564049
7.82012939453125,1.62171850705587,-6.34609481992955
8.0108642578125,-0.515182068156581,-6.55544073978958
8.20159912109375,1.17396356002321,-5.61468891608393
8.392333984375,1.71710940279293,-6.56734357702161
8.58306884765625,-1.08230791927322,-4.86987247069495
8.7738037109375,1.10348849580389,-5.10186274267454
8.96453857421875,-0.821929190949053,-5.6121801292255
9.1552734375,3.55327913216401,-7.75748291527508
9.34600830078125,1.95888117162712,-5.99940848182
9.5367431640625,-0.710655927414967,-7.36668520539344
9.72747802734375,1.15339360731434,-5.63204360793263
9.918212890625,-0.0121213802776046,-4.39668653707737
10.1089477539063,2.09819288636984,-5.21547128448529
10.2996826171875,0.147597538082509,-3.87225704367822
10.4904174804688,1.22698637572948,-8.22727143815023
10.68115234375,1.72681804028031,-5.59567985756849
10.8718872070313,0.143371130351754,-5.4725282601558
11.0626220703125,-0.365881825169913,-4.32778325476114
11.2533569335938,-1.27233296551563,-6.55596452503279
11.444091796875,0.108589274218832,-5.05455067069804
11.6348266601563,2.25471026320287,-5.40807895393356
11.8255615234375,0.894200646588763,-6.16978036763344
12.0162963867188,0.482982659997079,-7.64365775807348
12.20703125,1.50702584166308,-4.93472125346516
12.3977661132813,0.244521174006989,-5.16669460786756
12.5885009765625,-0.115008103360485,-7.21113311512306
12.7792358398438,-0.0869596509172349,-7.40830400201042
12.969970703125,-0.177279602620231,-5.2971129380922
13.1607055664063,-0.0997533816035061,-5.27581662617679
13.3514404296875,-1.72433612278067,-4.81251338477823
13.5421752929688,1.82778238032774,-4.67468670046097
13.73291015625,-0.331414965815089,-7.352016193229
13.9236450195313,-0.013947852972353,-6.91327940189836
14.1143798828125,0.737967661021988,-4.208048949798
14.3051147460938,1.10429770315437,-4.58729219341036
14.495849609375,-2.00261221672405,-4.74768549212703
14.6865844726563,2.42550281968285,-6.77437358393854
14.8773193359375,0.937059792578481,-4.94050577241646
15.0680541992188,-0.206244830515496,-5.42987450257643
15.2587890625,0.999366145901282,-5.4623137009124
15.4495239257813,1.74746009657294,-5.0985838964496
15.6402587890625,-0.669154817327045,-5.41910007521595
15.8309936523438,1.85227812407603,-4.72628890442224
16.021728515625,1.71360694127811,-6.08227704017411
16.2124633789063,0.646241608313502,-6.44865082933453
16.4031982421875,0.287955171797548,-2.52348908115818
16.5939331054688,-2.19220011781075,-8.05381921976813
16.78466796875,0.342637513900258,-5.51139857672321
16.9754028320313,-0.0915288041400571,-3.83983935315122
17.1661376953125,1.83616669541783,-2.75741766275192
17.3568725585938,-1.06023432154971,-4.2486069017866
17.547607421875,-0.383521762754193,-2.70078196572396
17.7383422851563,2.18606629770514,-3.88702682039182
17.9290771484375,0.823153726253894,-2.26243844571637
18.1198120117188,0.59882151142718,-3.99903304324675
18.310546875,-0.956921010254423,-3.23207779772255
18.5012817382813,-0.348092125596955,-5.90309454738188
18.6920166015625,0.433598387653961,-5.24003740131943
18.8827514648438,0.263372753123473,-5.6787709361532
19.073486328125,-0.319554734155715,-5.0509229315561
19.2642211914063,1.57743829359899,-5.81249807620242
19.4549560546875,-1.57443554164259,-1.91700821962202
19.6456909179688,1.30417257220647,-2.3963618516757
19.83642578125,1.89989873221426,-3.47339578961015
20.0271606445313,1.08890958593366,-4.42868613972266
20.2178955078125,-0.790831767364484,-5.15840269272873
20.4086303710938,-0.895510311353874,-1.86345216377639
20.599365234375,1.98422092482308,-3.52230141615823
20.7901000976563,-2.28648391621498,-3.90464135791993
20.9808349609375,-0.980208194784616,-4.45858465473417
21.1715698242188,1.36816667715455,-2.50325953850818
21.3623046875,1.83400230385205,-4.01004416219137
21.5530395507813,-0.1626164264023,-6.12810012755228
21.7437744140625,-1.35897387497328,-4.29269912050004
21.9345092773438,1.97742932299347,-5.22586340081772
22.125244140625,0.287597431217507,-4.11385898524947
22.3159790039063,0.275024987856958,-3.30470423344087
22.5067138671875,0.668693686158824,-2.64960985259555
22.6974487304688,1.91677852362461,-5.24492318844372
22.88818359375,0.347267428488506,-4.77299819139468
23.0789184570313,1.45248100822567,-4.27791431635142
23.2696533203125,2.18997309430016,-1.83468963217056
23.4603881835938,0.141954736180547,-5.20126246194625
23.651123046875,1.69103574131454,-0.720424186328421
23.8418579101563,-0.669169441438122,-4.16027489132506
24.0325927734375,-0.735478789253598,-1.82823550602691
24.2233276367188,-0.0192398427112576,-5.2858662980535
24.4140625,-1.6018388496256,-2.65138076146118
24.6047973632813,0.93187151129763,-3.93529895026375
24.7955322265625,1.03717590651725,-5.81198806300706
24.9862670898438,0.0189226598146615,-4.17896708462993
25.177001953125,1.11072842923533,-3.70278325178833
25.3677368164063,3.39744864948143,-3.28954119697538
25.5584716796875,1.29396165158038,-4.64689439155824
25.7492065429688,-1.95679084064196,-4.93313442374522
25.93994140625,1.99772798644529,-3.80953804458774
26.1306762695313,-0.194844499252475,-3.60357635527243
26.3214111328125,0.154258318302501,-6.10643364786074
26.5121459960938,1.48540676870488,-4.50827562286003
26.702880859375,-0.541440305643049,-2.40446507591746
26.8936157226563,1.01335398983412,-2.39768133515248
27.0843505859375,-2.61717866942414,-3.20380963048026
27.2750854492188,-0.371110096644342,-4.1060027889932
27.4658203125,-2.15183110057365,-5.07054360802007
27.6565551757813,0.25913536801138,-4.31610097506402
27.8472900390625,2.98812559718901,-0.533609636002068
28.0380249023438,1.60151116461879,-2.43903929458996
28.228759765625,1.74755031963175,-4.60038573976098
28.4194946289063,1.00295402976861,-2.69992620149574
28.6102294921875,3.13655118490552,-3.53397611152152
28.8009643554688,-1.12046693876681,-3.5757475656346
28.99169921875,-1.12385932654106,-4.10352389058149
29.1824340820313,1.26590253821158,-6.41985206034814
29.3731689453125,-1.97722183785247,-4.43381391006555
29.5639038085938,-0.287553209118424,-2.43275908904698
29.754638671875,0.195118677383455,-2.99598697118738
29.9453735351563,1.18381674677835,-2.68939884664406
30.1361083984375,0.0488114314367814,-4.01821482253071
30.3268432617188,-0.0992878725764919,-5.05632972202718
30.517578125,0.0632219751406103,-3.60945678606594
30.7083129882813,-0.583891475619446,-3.33462293764001
30.8990478515625,2.54777926676006,-0.551894164813525
31.0897827148438,1.66456849798544,-3.25965897422661
31.280517578125,0.141888609686516,-5.73229477367924
31.4712524414063,1.21768549264161,-3.30067755395426
31.6619873046875,-0.156484983002373,-5.23804190185502
31.8527221679688,-2.06869210605293,-4.12797931155467
32.04345703125,-2.51391785914252,-3.80869691786384
32.2341918945313,-2.69249199831085,-1.0737415733091
32.4249267578125,1.20028869055337,-3.23743001429272
32.6156616210938,1.85299655132125,-1.38242774773982
32.806396484375,1.51462098305306,-2.99878689401212
32.9971313476563,0.421191480667787,-3.43231766729226
33.1878662109375,-0.181751727781429,-1.92924485362382
33.3786010742188,0.445216447646463,-1.10747038475087
33.5693359375,0.176663601525873,-2.88001265422879
33.7600708007813,0.236968787407462,-4.8026879626462
33.9508056640625,-0.175006733585107,-0.883407400249135
34.1415405273438,2.47927271672755,-5.36217113750818
34.332275390625,0.207885025937474,-3.41902651806016
34.5230102539063,0.362271844899768,-2.49357806600997
34.7137451171875,-0.436193132817741,-1.88994665625783
34.9044799804688,0.0702594744835203,-1.1089933834034
35.09521484375,-0.175244676746629,-3.23283958381439
35.2859497070313,3.39452490932012,-2.26601602069177
35.4766845703125,0.914127103558677,-3.0395705860288
35.6674194335938,0.435183782067014,-4.62607961313774
35.858154296875,-0.244140350504522,-2.83506781026252
36.0488891601563,1.0038609815712,-0.816548794821559
36.2396240234375,0.0842493938362918,-2.84514724339887
36.4303588867188,0.449345946032671,-3.45827000031252
36.62109375,1.29679171564513,-2.10519908472589
36.8118286132813,-1.07994953283718,-2.23203902488227
37.0025634765625,2.32499847783592,-6.15471280469439
37.1932983398438,0.717190733281887,-4.29645252214769
37.384033203125,-0.269516137219872,-3.06481435913637
37.5747680664063,-0.813724543937848,-4.49163530176622
37.7655029296875,-0.057510571306106,-1.14341667521126
37.9562377929688,2.02848861680645,-4.47657962101773
38.14697265625,-1.05574980837252,-3.01674020427067
38.3377075195313,2.26450989627467,-2.17817102885094
38.5284423828125,1.61927007355176,-4.20045598109303
38.7191772460938,-1.76499324901584,-3.90950400778587
38.909912109375,1.88990411293161,-2.62283367644249
39.1006469726563,1.61910684561446,-5.43152351153612
39.2913818359375,-0.782582233290826,-1.05204403889351
39.4821166992188,-0.32506694114504,-4.23260407054435
39.6728515625,1.83322024722979,-3.42995895071929
39.8635864257813,-0.667130096794275,-0.714832270196034
40.0543212890625,1.51702406460316,-5.44957310525737
40.2450561523438,3.02575351148424,-2.99634675505169
40.435791015625,0.97101307116725,-4.29750218589625
40.6265258789063,-1.4014162930646,-2.76697845223175
40.8172607421875,-0.0664477431814598,-0.549426129193155
41.0079956054688,-0.599166124571428,-1.73666495308893
41.19873046875,-0.381841761144852,-5.97534036718267
41.3894653320313,0.20843603580654,-3.09199970502237
41.5802001953125,1.70644403570585,-1.37090218617173
41.7709350585938,1.16756924576209,-4.36783609976842
41.961669921875,-0.0485020480256489,-2.86625610102017
42.1524047851563,0.166831539948189,-3.02141588368821
42.3431396484375,0.692359284864991,-4.55500432518512
42.5338745117188,0.933483949876425,-2.85557714523112
42.724609375,1.72477313992023,-2.10082653590415
42.9153442382813,-1.5588411270699,-3.349085346019
43.1060791015625,-1.00604678900207,-3.03832270207889
43.2968139648438,1.95898010648249,-4.14184299785323
43.487548828125,-0.953567001034274,-1.93177596001862
43.6782836914063,-1.33225695289883,-3.60745464558797
43.8690185546875,-0.19979965194789,-3.84483882388619
44.0597534179688,1.51090802618047,-0.377876674527649
44.25048828125,-0.0820068372826961,-4.85389089199778
44.4412231445313,-2.68347142427229,-4.11639156880946
44.6319580078125,-0.728547897582703,-1.26609320065606
44.8226928710938,1.7322699147127,-1.70617504954813
45.013427734375,-0.262590782840682,-1.97758650203649
45.2041625976563,1.21496457428208,-0.821769969397965
45.3948974609375,0.28594936675294,-2.9208229579277
45.5856323242188,-1.03924811214656,-2.44395386203593
45.7763671875,-0.866379001287877,-1.30419612831803
45.9671020507813,-2.55893077958793,-2.3092205411298
46.1578369140625,-0.595656975019594,-2.83449935839018
46.3485717773438,1.3757482763354,-2.56734480205681
46.539306640625,0.359029964997953,-2.57093515993729
46.7300415039063,-2.0824571832955,-0.451354974206546
46.9207763671875,0.973651275970643,-3.10321209630294
47.1115112304688,-0.518447768892226,1.04381116566755
47.30224609375,-0.574537087424594,-0.184394900149799
47.4929809570313,-1.14146323055556,-0.252755151740352
47.6837158203125,-0.386143271011653,-2.59815619155599
47.8744506835938,1.59871242139945,-2.64692099747869
48.065185546875,-0.779926407754211,-1.88238729307123
48.2559204101563,-0.211180346614589,-1.09583991355898
48.4466552734375,-0.147855674930242,-1.1946795969034
48.6373901367188,2.81118985835293,-5.10939469333354
48.828125,3.77623115732191,-4.90102556263886
49.0188598632813,0.965587451619522,-2.66175570443412
49.2095947265625,0.6021377281492,-3.19853007117909
49.4003295898438,0.49211832252373,-3.02664861390563
49.591064453125,-0.832978931386531,-2.48432213798048
49.7817993164063,1.04788714307673,-1.36917683806696
49.9725341796875,-0.116847418737958,-3.50393844929838
50.1632690429688,-0.457021159723715,-3.30761132866934
50.35400390625,1.65272685907943,-2.49171459055279
50.5447387695313,1.20846320899487,-2.53954981529225
50.7354736328125,-0.261528801105234,-3.84406538115894
50.9262084960938,-0.987468223780596,-1.47789581362189
51.116943359375,0.298384738784461,-1.89299261978352
51.3076782226563,0.855527993131299,-2.5835109643775
51.4984130859375,-2.04154116311732,-2.16129926763983
51.6891479492188,2.0586811861001,-3.80275620921706
51.8798828125,-0.359655210940989,-0.199388299608361
52.0706176757813,-1.07386605894966,-2.6807158033462
52.2613525390625,1.08182456117273,-5.15291816955977
52.4520874023438,1.38374571710051,-2.15942658328087
52.642822265625,-1.01929786633538,-1.78606904965816
52.8335571289063,-0.734582050694964,0.505551325228773
53.0242919921875,-0.644316764692348,-1.83181074107384
53.2150268554688,2.72098713455044,-3.91417929351099
53.40576171875,0.980934473077413,-0.368559980009863
53.5964965820313,-1.9293785088005,-2.20795205607845
53.7872314453125,1.42136731544419,-1.61719134837586
53.9779663085938,0.954775818346726,-1.38555503646872
54.168701171875,-1.12788718682507,-2.36338745060551
54.3594360351563,0.398513682390338,-0.485735226152839
54.5501708984375,-1.32045600290616,-2.52051462396949
54.7409057617188,-0.788107824958727,-4.59958794176963
54.931640625,-0.262838095055781,-4.11182652497885
55.1223754882813,1.51764201139917,-1.72989944537412
55.3131103515625,0.230269506898615,-2.29189061270313
55.5038452148438,2.94731398785894,-3.38595023232863
55.694580078125,-0.280246365931522,-2.90017634062897
55.8853149414063,1.29114434416478,-4.26786898594224
56.0760498046875,0.507644256832551,-3.31058768880401
56.2667846679688,-0.666664349729839,-3.61981108437543
56.45751953125,-1.9307535945537,-3.91558757221285
56.6482543945313,-0.414348052785761,-2.09622572022931
56.8389892578125,-0.848391728705576,-2.29637984162561
57.0297241210938,1.17319519307535,-4.10304430101965
57.220458984375,-1.31646532226562,0.723765827097517
57.4111938476563,2.78476712304172,-0.765965194539045
57.6019287109375,0.666561889022496,-1.66514517931641
57.7926635742188,0.0415243684789611,-0.262669904570794
57.9833984375,-0.99308626153634,-3.86506825464793
58.1741333007813,-0.821374782784836,-3.16954033569724
58.3648681640625,-0.221394964177494,-2.26396781348993
58.5556030273438,1.55426516861483,-2.75539829311683
58.746337890625,0.279864967676199,-3.46539370129166
58.9370727539063,1.28755081782946,-1.36012908129204
59.1278076171875,0.737243590321519,-3.55461031114207
59.3185424804688,-0.255606559761971,-1.13646029064792
59.50927734375,1.41342521093717,-2.4863164221879
59.7000122070313,-0.867709780593507,-1.69496587941159
59.8907470703125,1.89044652148852,-2.74180531437559
60.0814819335938,-0.226404597610716,-1.06944687013501
60.272216796875,0.481827658025035,-2.7254037605958
60.4629516601563,2.48119961362806,-0.940882107115887
60.6536865234375,-1.82952367210138,-4.03227105941123
60.8444213867188,2.43021488181724,-2.34705505419216
61.03515625,-0.931670234554105,-2.01928057792669
61.2258911132813,0.614670475200566,-1.02706281692711
61.4166259765625,1.04816402040432,-2.55639795979168
61.6073608398438,0.137553232713406,-1.80005708778402
61.798095703125,0.793093252651031,-2.37364680776944
61.9888305664063,-0.0535043940245258,0.430915259433165
62.1795654296875,-1.11144033578638,-2.39087384177844
62.3703002929688,-1.39895880042763,-3.41447774521999
62.56103515625,0.0876283455927638,-0.908408232587927
62.7517700195313,-1.47644089730278,-0.79857306475251
62.9425048828125,0.477682884996572,-3.27085404702863
63.1332397460938,0.424950639435847,-0.811378795520452
63.323974609375,-1.31505489607217,-0.141337047053705
63.5147094726563,-1.10329904667677,-1.1984306734318
63.7054443359375,1.14824081013365,-3.00092023501698
63.8961791992188,-0.981576637835249,-2.49682752384179
64.0869140625,-0.35332539736419,-2.13402063210765
64.2776489257813,0.372976563470327,-0.988314700752128
64.4683837890625,-1.22122360387987,-1.40198529648343
64.6591186523438,0.182540414670187,-1.81536059634971
64.849853515625,0.425115134231537,-2.20652710165461
65.0405883789063,-0.626578500474127,-1.96438873167511
65.2313232421875,0.681068248264781,-0.430606464912844
65.4220581054688,-0.495234759407281,-3.13382364156488
65.61279296875,0.527389787354368,-1.94757782702474
65.8035278320313,-1.36836846102684,-2.67530466208426
65.9942626953125,-0.614208239953207,-0.947936396212852
66.1849975585938,0.388159379809442,-2.00859163046885
66.375732421875,0.900149382225732,-0.724041664904724
66.5664672851563,-0.0806540931081875,-4.41748718200378
66.7572021484375,-1.6581861704524,-2.34902037789714
66.9479370117188,-0.0266763952799547,-2.07439444283686
67.138671875,1.64140743986678,-3.83680639742624
67.3294067382813,0.961184089892073,-1.09254249582309
67.5201416015625,-0.863892567060122,-1.99789604735352
67.7108764648438,2.79862878135711,0.691916783504118
67.901611328125,1.34329498839717,-1.10674527928247
68.0923461914063,0.465447362642207,-0.147520799948477
68.2830810546875,1.26923611541714,-3.59418463620246
68.4738159179688,-1.11958155398625,-2.84226442438241
68.66455078125,4.34029544167733,-1.83356908388659
68.8552856445313,0.243561977947585,-1.69879154454932
69.0460205078125,-0.109592040044734,-0.899971546309332
69.2367553710938,1.58545031863446,-2.16982963056992
69.427490234375,0.249462366257042,-4.58968554692337
69.6182250976563,1.36412586098027,-2.97423593594255
69.8089599609375,-0.466759293285771,-1.7230839814567
69.9996948242188,0.646101839249017,-1.43137632014046
70.1904296875,-1.87248729324558,-2.45150406355359
70.3811645507813,0.907844393256729,-2.05662350511105
70.5718994140625,0.628424127686113,-4.85277190866195
70.7626342773438,0.363883405305571,-1.74112374077562
70.953369140625,-0.110066810864533,-2.04705654900664
71.1441040039063,0.427006943308683,-1.11761627867617
71.3348388671875,-1.72291636908233,-0.341546450932903
71.5255737304688,1.60368049291317,-1.6994198948082
71.71630859375,1.35769687714004,-3.51643448848363
71.9070434570313,-0.075521918483614,-1.54284254262141
72.0977783203125,2.56508136164974,0.634452196080337
72.2885131835938,0.180506918526563,-2.22696941519684
72.479248046875,0.387970972010288,-1.86997968442712
72.6699829101563,0.726079429206016,-1.59202781281982
72.8607177734375,0.205240355298374,-1.79317054398715
73.0514526367188,1.78860887442237,-3.30813243460547
73.2421875,-0.165298714002257,-2.3291184266033
73.4329223632813,0.520425746065589,0.523328974694005
73.6236572265625,-0.000277094264062833,-1.68842775814589
73.8143920898438,-0.823254932563754,-2.08426147071241
74.005126953125,0.540473052876432,-3.39212620703809
74.1958618164063,-0.157223966552763,-1.08959881373219
74.3865966796875,-0.114990602849959,-1.84073187932834
74.5773315429688,-1.87002260317868,0.818762613086452
74.76806640625,-2.08930525653353,-2.43133574453549
74.9588012695313,1.91802634096754,-1.50027491561841
75.1495361328125,-0.893187029597559,-2.43241974102745
75.3402709960938,-1.19436833062998,-3.53063564560689
75.531005859375,-0.846224995735425,1.3756940380266
75.7217407226563,1.46906056194113,-1.45739637190683
75.9124755859375,-0.616970850516861,0.120322457915006
76.1032104492188,0.00780264570395335,-2.55233697304673
76.2939453125,0.92656208714224,-1.09300307359153
76.4846801757813,-1.44023844055922,-2.07907321049186
76.6754150390625,1.61099451541075,-2.33069488876182
76.8661499023438,0.177091851182824,0.476404204515226
77.056884765625,0.464052938910326,-2.79793241979763
77.2476196289063,0.454330810630034,-3.5011159275862
77.4383544921875,0.026604353965922,-2.92517650741409
77.6290893554688,0.766352126384228,-0.444435582692223
77.81982421875,0.19328769943528,-1.72723009212595
78.0105590820313,0.707204672688499,-0.429015144823031
78.2012939453125,-1.48221843929104,-3.63191588474305
78.3920288085938,-1.48820816153762,-1.86358757471785
78.582763671875,-0.300868554303575,-3.62340785436775
78.7734985351563,0.484665290558085,0.351022144845928
78.9642333984375,0.227955588877948,-2.52806062147507
79.1549682617188,0.121696769407937,-1.59925120183279
79.345703125,0.529582199176989,-1.05015406036739
79.5364379882813,0.437545640521129,-1.27493973458771
79.7271728515625,-0.579890241272017,-1.27172657668796
79.9179077148438,-0.710592037471606,-3.0869315196029
80.108642578125,-0.898526234843866,-3.13041172654783
80.2993774414063,0.200453753932168,-0.198250953431823
80.4901123046875,-0.911317483947709,-1.48698787597558
80.6808471679688,-0.526423148163615,-4.70862216161865
80.87158203125,0.780072400182973,-3.30754683514779
81.0623168945313,0.0967559871443034,-2.84615954445844
81.2530517578125,0.692786244338968,0.535662939947797
81.4437866210938,0.849485257965309,1.19351009290424
81.634521484375,-1.10608758596052,-0.323433487861752
81.8252563476563,-1.64546691892255,-4.57347261509048
82.0159912109375,-0.811129414701337,-2.20900936831325
82.2067260742188,2.30983871680472,0.658392818691241
82.3974609375,1.33939105096943,1.40984458195959
82.5881958007813,1.26081169965328,-1.31775639997685
82.7789306640625,-0.641556016074158,-3.38070723732025
82.9696655273438,-1.83493226471389,-1.3404961114573
83.160400390625,-0.304928187397603,-1.40769287215653
83.3511352539063,1.30010044244645,-1.24682422538774
83.5418701171875,-1.20105398397579,-0.810265302576259
83.7326049804688,0.134705726566988,-0.943791662419039
83.92333984375,0.220614120150168,-2.67196887575998
84.1140747070313,0.491009686280035,-2.98979569827387
84.3048095703125,1.03532633000033,-4.09247661506527
84.4955444335938,0.449669551069971,0.818647956621928
84.686279296875,-0.364663454456918,-2.18703981199712
84.8770141601563,0.865687548866023,-1.57899538832361
85.0677490234375,1.05573973540694,-3.59911272475005
85.2584838867188,2.53141242577134,-1.7484696310141
85.44921875,0.433090569141567,-0.210410314695536
85.6399536132813,-0.918001292970053,-0.853784745620739
85.8306884765625,1.58486407940128,-1.25197892170415
86.0214233398438,0.240777214096768,-1.52870201911076
86.212158203125,2.11850258678311,-1.91747313937822
86.4028930664063,-2.12086952804305,-0.358358929558449
86.5936279296875,0.385891614590183,-1.47644571148773
86.7843627929688,-1.27251519689321,-2.2154062888065
86.97509765625,-0.526418426024697,-2.37830351853899
87.1658325195313,-0.547943872636855,-2.05084060816835
87.3565673828125,-0.306312421265633,-1.70763976213488
87.5473022460938,-1.71277193655289,-1.16369584731882
87.738037109375,-1.4594324594473,-0.879722028098118
87.9287719726563,-0.0216668692745241,-1.45352508098666
88.1195068359375,-1.20705539036269,-4.00689489781545
88.3102416992188,0.439288895514244,-0.761711189755476
88.5009765625,2.03962371287477,-3.7152783810825
88.6917114257813,-0.250500027019808,-1.66960649949611
88.8824462890625,0.475421404772841,-3.57382777859011
89.0731811523438,1.83747996688894,-2.74665828390602
89.263916015625,0.016219339665911,-0.636212837977597
89.4546508789063,-1.2618635784937,-1.80925402731672
89.6453857421875,0.191472062509565,-0.976679065394173
89.8361206054688,-0.647837086137686,-2.4956732239257
90.02685546875,0.858871646764446,-2.04463190622476
90.2175903320313,1.56803298210737,-2.38674414088132
90.4083251953125,2.06260413437604,0.327191393425715
90.5990600585938,0.870765501223776,-2.32056161793949
90.789794921875,0.203778834483499,-2.05135112320473
90.9805297851563,1.68210252658091,-0.928876943461989
91.1712646484375,-1.26812613243332,0.324369164632987
91.3619995117188,1.2673251630201,-3.07096070391499
91.552734375,0.496712860799347,0.805195383738642
91.7434692382813,0.705357223953455,-1.14134552433868
91.9342041015625,0.0972976017032861,1.2802108582224
92.1249389648438,1.35576277039032,-2.72767860154788
92.315673828125,0.983337754534439,-2.29764124373089
92.5064086914063,-1.17405144777131,-0.456271361224335
92.6971435546875,-0.415237639867022,-2.38235894420453
92.8878784179688,1.64638783806455,-1.39955245725979
93.07861328125,0.374945871324839,1.20883816993341
93.2693481445313,0.28060331178733,-1.34258402223381
93.4600830078125,1.76040612741051,-1.59228756041677
93.6508178710938,0.460877864816301,-0.802370680771632
93.841552734375,2.24372092667446,-0.0496588368873409
94.0322875976563,-0.10936712939598,-0.0877273134597707
94.2230224609375,0.456067604531424,0.755102105396376
94.4137573242188,-1.79810084707665,-1.43303934686231
94.6044921875,1.53668070511193,-1.25404390516475
94.7952270507813,1.91916727422269,-3.3085103318307
94.9859619140625,4.58670175243682,-1.62909952114207
95.1766967773438,-0.628628832868164,-2.84481921677047
95.367431640625,-0.125587408307113,0.532628572341713
95.5581665039063,-0.801537255679491,-0.977393499712451
95.7489013671875,-2.79987813352479,0.0147156251600247
95.9396362304688,-1.04560712009613,-0.0843196818510583
96.13037109375,-0.306607958471794,-2.24996620641674
96.3211059570313,0.789019135900974,-0.454698556813417
96.5118408203125,-0.198655424979107,-0.829506622531755
96.7025756835938,0.471841651773315,-1.39929099839314
96.893310546875,-0.354881121337613,-1.53942557632057
97.0840454101563,0.381034826685217,0.448317920618128
97.2747802734375,0.78821546914823,0.413230311708436
97.4655151367188,-1.24052775847117,-1.04799885313613
97.65625,0.0158838755730412,-1.38605181651637
97.8469848632813,1.24455841896974,-2.54040637964187
98.0377197265625,0.838018479593853,-1.19603550703014
98.2284545898438,1.49857853378238,-1.28327627650789
98.419189453125,0.353318035802282,-0.807454300154347
98.6099243164063,-2.29954091593505,0.115324723757112
98.8006591796875,0.177803224975295,-0.759102899092851
98.9913940429688,1.13929634584974,0.577137187592843
99.18212890625,-0.49339393334254,-1.00247123509693
99.3728637695313,0.0385939683147644,-0.832958534934536
99.5635986328125,1.69742874496436,-1.45009655139705
99.7543334960938,-1.92568614818125,-2.44446511319578
99.945068359375,-1.4290887098523,-2.65884949212281
