Fre(kHz),Re,Im
-99.945068359375,0.918849912411582,1.60215546547345,ZeroPoint:Tj,21,20
-99.7543334960938,-0.642042888743926,3.22959311044699,Const.;stime,3.58141488,6.4E-07
-99.5635986328125,0.221565033178049,0.770095558272397,Fre.Range:Tau,-100:100,1.5E-05
-99.3728637695313,2.35774848028893,2.74501189696697,FFTSize:DataSize:Firstpul,8192:8192,6E-07
-99.18212890625,-0.116057486899378,0.841490527337377,84kfidF6666,Freq.=141430000
-98.9913940429688,2.72942699409216,1.39458971871431
-98.8006591796875,2.96486821972483,2.89592568370697
-98.6099243164063,-0.323405367516306,1.70396794898581
-98.419189453125,0.781283274926838,2.28005590486806
-98.2284545898438,1.4392803466816,2.22066770495674
-98.0377197265625,1.66522889613616,1.93781075217689
-97.8469848632813,0.594325393345548,1.70431907850743
-97.65625,3.43322112688537,1.49247361463105
-97.4655151367188,-0.775710050606862,1.20464709688142
-97.2747802734375,2.60107058946959,0.965062999713449
-97.0840454101563,-2.05222894189894,1.84369747401881
-96.893310546875,-0.93883173532235,3.2027431574796
-96.7025756835938,1.8793160999825,2.74401622091776
-96.5118408203125,1.09763560997009,3.52736226025718
-96.3211059570313,-0.452918162761599,2.89002268157612
-96.13037109375,2.05942125724859,2.29121858569935
-95.9396362304688,2.75521994772515,1.64883352971504
-95.7489013671875,1.84052799546695,2.13751082776689
-95.5581665039063,0.897796559422869,3.13485424235843
-95.367431640625,1.06602405403716,0.870670578459991
-95.1766967773438,0.693476975276011,0.618737902120386
-94.9859619140625,0.497298930876988,0.856323946981864
-94.7952270507813,1.07227599043722,3.32040912848712
-94.6044921875,1.42330504412789,0.572197764351303
-94.4137573242188,0.739573664152998,1.10708556021021
-94.2230224609375,-0.7435526357342,1.27604303335579
-94.0322875976563,-0.0772068113976803,0.716270122312736
-93.841552734375,1.24142136954519,0.155214644356697
-93.6508178710938,-2.42152405965114,2.30981711692755
-93.4600830078125,-0.873150112766519,-0.168073876558148
-93.2693481445313,1.69640905207943,3.34992929836225
-93.07861328125,0.998241229259825,0.13197867010915
-92.8878784179688,1.04172938580667,3.509086160937
-92.6971435546875,-0.0849990741755247,2.53807165091834
-92.5064086914063,2.84018672238902,2.42951841564938
-92.315673828125,0.198637605333132,3.14141475544709
-92.1249389648438,-0.668099479301515,3.14453364781102
-91.9342041015625,-0.352653938105938,2.96471040381033
-91.7434692382813,3.57116600350166,0.377622119125925
-91.552734375,3.10978306346879,3.42679509212768
-91.3619995117188,0.18116149729161,0.713951293771453
-91.1712646484375,0.0538568266340295,3.7007826913648
-90.9805297851563,4.06655373292965,2.94866135547193
-90.789794921875,-0.581533051533774,0.824001230689096
-90.5990600585938,-0.390573827683599,0.926967582582079
-90.4083251953125,-0.5424424545026,4.02445843444684
-90.2175903320313,0.157372481002304,2.65539001545944
-90.02685546875,2.33201942122843,1.33012508732443
-89.8361206054688,0.81860216087566,2.7494840903343
-89.6453857421875,-0.0830324303014812,5.59989127337832
-89.4546508789063,1.44456113654895,4.54663653645446
-89.263916015625,0.023136412386738,3.52656420100437
-89.0731811523438,2.18027930755838,0.464950790311948
-88.8824462890625,0.782298492397253,2.55782286354948
-88.6917114257813,2.83309499036465,2.49513498490351
-88.5009765625,1.78478361065472,2.73884557480891
-88.3102416992188,2.88552661776359,2.25114404404286
-88.1195068359375,0.655541931439294,3.33525126274998
-87.9287719726563,2.56681023604936,1.34586995504135
-87.738037109375,2.11024393403608,3.98777602097575
-87.5473022460938,0.781266759401531,3.41047044721275
-87.3565673828125,0.55330185487735,1.14618314766885
-87.1658325195313,2.34676090472302,2.92938282365865
-86.97509765625,0.511857053791336,3.25722534039938
-86.7843627929688,0.751725760136835,2.34282574610012
-86.5936279296875,2.93625174219549,1.73760864747122
-86.4028930664063,1.00391843790665,2.32945716687123
-86.212158203125,3.58132547527465,1.51994023061524
-86.0214233398438,2.32916107263008,1.2112832811174
-85.8306884765625,0.216466622052145,1.49754839436675
-85.6399536132813,1.29682951852371,1.89109617203924
-85.44921875,3.59235613068181,1.1271550103097
-85.2584838867188,1.41669829973162,1.72287345636399
-85.0677490234375,0.524237163817219,3.67220821299419
-84.8770141601563,1.50895919775367,3.63863474836432
-84.686279296875,0.655656662550266,0.298641655571894
-84.4955444335938,2.27660226137732,3.52224650628552
-84.3048095703125,-0.476519347262145,1.21771026393753
-84.1140747070313,2.20675614126121,1.09719049617907
-83.92333984375,2.15417303219319,4.37724883994734
-83.7326049804688,0.39219929095501,3.37273761357651
-83.5418701171875,0.967890670487091,1.68297549673502
-83.3511352539063,0.101589590786269,0.874747343067788
-83.160400390625,2.27551244913651,4.41176192955898
-82.9696655273438,1.9586327022806,1.05890762432752
-82.7789306640625,1.2930464986283,4.72682017843608
-82.5881958007813,-1.09189322129246,2.13031829443511
-82.3974609375,-0.948691337853448,3.31749916171531
-82.2067260742188,2.32681553567709,3.09648882635499
-82.0159912109375,0.141631072228223,2.66128570082332
-81.8252563476563,1.93337191032227,3.89303683122417
-81.634521484375,1.48258816233395,2.06158537648299
-81.4437866210938,0.183837898762826,4.15116128654998
-81.2530517578125,1.60930981014676,1.38053923553777
-81.0623168945313,-0.882459719317163,1.46764902693749
-80.87158203125,0.444847281291144,2.78936312134335
-80.6808471679688,-0.0441116056255734,0.444212483175312
-80.4901123046875,4.28771133021184,0.0256514269942114
-80.2993774414063,1.94456713223178,2.59381936908672
-80.108642578125,2.78685224365762,2.41652032013664
-79.9179077148438,1.86088594606689,3.59504048452566
-79.7271728515625,1.08024178925461,2.16615583948704
-79.5364379882813,2.79106280849471,3.51765226960755
-79.345703125,0.249315502751453,4.09654077641673
-79.1549682617188,-0.270931939576386,0.490487279395382
-78.9642333984375,0.559802280907144,3.62204580303021
-78.7734985351563,0.983130940248538,0.996581745428345
-78.582763671875,2.00309334188344,3.32368938346031
-78.3920288085938,1.1719555061095,1.4817794108707
-78.2012939453125,0.385135658759369,0.519448059552011
-78.0105590820313,1.29915892779148,2.79378350867814
-77.81982421875,0.54281831587215,4.23151654790617
-77.6290893554688,0.637638259848284,1.11491731426626
-77.4383544921875,1.76179754354697,4.27670306669596
-77.2476196289063,1.28442480674855,5.4707480257673
-77.056884765625,1.84006107231549,3.68401344976266
-76.8661499023438,1.93885903233527,3.86770397544002
-76.6754150390625,-0.500977658591883,3.71253918976198
-76.4846801757813,2.68744156209086,0.876690935851392
-76.2939453125,0.951818782951259,2.70272595290694
-76.1032104492188,-0.29426734643297,3.02879507964393
-75.9124755859375,0.497352746302637,1.44010352821563
-75.7217407226563,-1.84141835103756,3.50586636773708
-75.531005859375,1.19331749847073,3.98258433677723
-75.3402709960938,2.1895839623133,1.95713706370473
-75.1495361328125,1.24537938016616,2.21401955031116
-74.9588012695313,2.52344995374452,4.3555627904839
-74.76806640625,0.553732148136412,-0.211698930747893
-74.5773315429688,0.164116844792901,0.57158891869439
-74.3865966796875,0.131616285171377,3.28372335943985
-74.1958618164063,0.549345349100875,2.36044139272548
-74.005126953125,2.18690356179705,1.64695932867379
-73.8143920898438,1.38655308318399,4.28063870148119
-73.6236572265625,1.21946021241835,2.31338249858311
-73.4329223632813,3.24033325967379,0.107073063499964
-73.2421875,0.465773119266934,3.82108475322903
-73.0514526367188,2.33301868786158,3.35628421165815
-72.8607177734375,-1.59195255336725,3.34604672495242
-72.6699829101563,0.307933264882815,2.30283783795251
-72.479248046875,0.140643354099944,2.21888765021316
-72.2885131835938,0.750280952981735,2.73775990639455
-72.0977783203125,2.13386419096871,2.98495532925269
-71.9070434570313,1.04496992867127,2.94791643368371
-71.71630859375,1.15599818564972,3.4948388784838
-71.5255737304688,-0.79897133752437,1.76454793226735
-71.3348388671875,-0.508582710000158,-0.18375897978426
-71.1441040039063,2.23761088545208,2.894231920719
-70.953369140625,1.37441570021686,2.71200301776085
-70.7626342773438,0.0784816381762622,3.2852836935359
-70.5718994140625,0.540266974142488,1.14231225875668
-70.3811645507813,1.92359398251735,1.82716876552247
-70.1904296875,3.34093364580101,4.26090428644064
-69.9996948242188,1.4479079110348,3.17975356742081
-69.8089599609375,-2.05131358818938,0.82234031969017
-69.6182250976563,-0.936842970303946,2.46648375266885
-69.427490234375,1.59225093603087,1.49358914522566
-69.2367553710938,1.92087635974929,3.27422516835044
-69.0460205078125,-0.519355358088458,4.05105131111699
-68.8552856445313,-0.433545727963349,0.483516192484453
-68.66455078125,2.45945170200844,1.70880698540924
-68.4738159179688,1.75404617319259,2.31770812508633
-68.2830810546875,0.307305036323333,1.03119399127959
-68.0923461914063,-1.2095356734505,1.91622757967799
-67.901611328125,0.648794601325019,2.95103859168081
-67.7108764648438,-0.281578863438687,3.32939359129647
-67.5201416015625,1.46876379747157,3.57306905327652
-67.3294067382813,1.48948612112056,0.980357013421081
-67.138671875,2.07308709290574,1.66083126271758
-66.9479370117188,1.24721665783041,1.83245759418898
-66.7572021484375,3.33965155365499,4.34675014064886
-66.5664672851563,0.47654553533295,2.12957675084869
-66.375732421875,1.05494973181594,0.621632747420568
-66.1849975585938,0.669009798012965,1.67529889730521
-65.9942626953125,1.66364634151762,2.68362141231756
-65.8035278320313,3.54622327277089,1.43600439679281
-65.61279296875,2.52077576229592,0.500611331055518
-65.4220581054688,0.781689245915012,2.65002000626293
-65.2313232421875,0.873366577743309,4.95326383059762
-65.0405883789063,-1.28077437657082,-0.428443568722159
-64.849853515625,2.8110072605602,1.58418273058508
-64.6591186523438,0.705496679350881,2.74273252206301
-64.4683837890625,-1.15785638665722,3.2042657221319
-64.2776489257813,1.69348646846776,4.36468170880025
-64.0869140625,1.47643217700914,2.99872938589303
-63.8961791992188,1.30882637923467,3.16978364095453
-63.7054443359375,1.51778838023704,5.05806769821517
-63.5147094726563,1.64508051312496,2.31657376150563
-63.323974609375,3.03038518045069,3.72199145359119
-63.1332397460938,3.17684225184343,3.74453388298177
-62.9425048828125,1.35228765558562,2.81036748520514
-62.7517700195313,0.723520640123464,0.730058122913142
-62.56103515625,2.03359144336767,1.96935939733305
-62.3703002929688,1.07039410642509,4.3713608685013
-62.1795654296875,0.150869631867351,0.706393776967844
-61.9888305664063,1.95535157964245,3.03726583460637
-61.798095703125,-0.1575135107349,4.51335683823988
-61.6073608398438,1.43106307634173,3.05761697211598
-61.4166259765625,-0.969394585154431,4.30610440254392
-61.2258911132813,0.0743736679901549,3.14819650907076
-61.03515625,1.78768053974866,2.61138145920756
-60.8444213867188,0.985392032956426,2.27538592837926
-60.6536865234375,1.12220099344932,3.31153497961151
-60.4629516601563,2.76533814886707,1.83438659240107
-60.272216796875,-0.672792350884745,1.59593397705151
-60.0814819335938,2.25316828576191,2.96563362680935
-59.8907470703125,0.821387400681337,3.23078817296829
-59.7000122070313,-0.258147131956936,2.07771688209299
-59.50927734375,2.87276683107233,1.33297189586637
-59.3185424804688,2.17125899979186,3.04287726369144
-59.1278076171875,3.0692096257831,1.51994624675597
-58.9370727539063,0.559282612725906,1.65640206853411
-58.746337890625,1.14514203705617,1.17016961685148
-58.5556030273438,1.71012561681609,3.09703907723954
-58.3648681640625,1.34650309952157,4.51101080523599
-58.1741333007813,0.476870496430043,2.01710037283177
-57.9833984375,0.238340726731233,4.37169767589763
-57.7926635742188,1.78154632469181,2.75664609439146
-57.6019287109375,-1.0838938012288,1.18980855794626
-57.4111938476563,1.81534739678631,3.21471321923641
-57.220458984375,2.18546921257078,-0.795183906361405
-57.0297241210938,2.18441210542365,5.18027195794116
-56.8389892578125,1.02481430572247,2.9162810910497
-56.6482543945313,-0.677712529455186,3.06002942457626
-56.45751953125,3.28747685735258,1.18622767139268
-56.2667846679688,2.84367485570167,3.67626712495914
-56.0760498046875,0.764188571286574,3.15562494027228
-55.8853149414063,-0.468139811466958,3.62839492253085
-55.694580078125,0.758906464226802,4.46222948212556
-55.5038452148438,0.542552767174792,2.28825298676365
-55.3131103515625,2.75073554016525,3.12745794850273
-55.1223754882813,0.84836057875142,5.29602246651485
-54.931640625,1.69213075896685,4.66432111657443
-54.7409057617188,2.99382892361147,4.07597272347808
-54.5501708984375,-0.383819943662586,3.83823908205365
-54.3594360351563,0.948462807883846,4.34420426225508
-54.168701171875,2.83708905251959,3.36702582481546
-53.9779663085938,1.08581794418613,4.59104849281385
-53.7872314453125,-0.479700433846409,3.67524065114649
-53.5964965820313,1.05671446614761,1.92151486263633
-53.40576171875,-0.113120399502001,4.58378243854588
-53.2150268554688,1.5556416179838,2.46516487911322
-53.0242919921875,0.335044954029863,3.30891388369616
-52.8335571289063,2.50831359377306,2.52127506000444
-52.642822265625,2.69877185970767,3.82739607516338
-52.4520874023438,1.83890329321239,5.34670209328442
-52.2613525390625,0.101985829679998,4.16654115361859
-52.0706176757813,1.8369252570646,4.34198947763059
-51.8798828125,0.623531555052653,3.07608243676553
-51.6891479492188,2.66728669730216,4.97080864436562
-51.4984130859375,0.308490994332817,2.23901312435603
-51.3076782226563,-0.983121908112473,3.25750637232657
-51.116943359375,1.81132940598322,2.75792388093295
-50.9262084960938,2.31081041333601,4.16540947763132
-50.7354736328125,2.90553505970931,4.68834055405086
-50.5447387695313,2.18856150519483,5.35001161766292
-50.35400390625,0.341446984438478,4.03431977582094
-50.1632690429688,1.63770936448348,2.71497042089726
-49.9725341796875,1.47995669340371,3.88442103642435
-49.7817993164063,0.373388631634953,5.11114426965265
-49.591064453125,3.3970796710878,1.07251347504657
-49.4003295898438,0.400624585013639,5.29854292484802
-49.2095947265625,2.26801362879563,3.20389959714014
-49.0188598632813,0.138872221101047,1.81410724082127
-48.828125,-0.289228271014429,5.65468400349872
-48.6373901367188,0.332879878984075,4.01627592922813
-48.4466552734375,0.492062860379976,5.27032100579421
-48.2559204101563,0.620797485804483,2.73992828146883
-48.065185546875,2.21339330163869,4.77290017982482
-47.8744506835938,0.901006489953368,2.07332224837184
-47.6837158203125,-0.408882075013646,4.10965995652924
-47.4929809570313,3.78899312648224,4.16587017557374
-47.30224609375,2.38715900771186,4.34174958451602
-47.1115112304688,1.46741937774964,4.1109671495543
-46.9207763671875,1.68935227691468,4.91823181246783
-46.7300415039063,3.40023757256689,5.15359952952138
-46.539306640625,2.77230029121786,3.50340603658651
-46.3485717773438,-0.359319476825139,5.47208130003024
-46.1578369140625,0.532113434891166,4.7859794565673
-45.9671020507813,-0.927247044791577,3.68681453872655
-45.7763671875,0.667924488983875,4.32472142884111
-45.5856323242188,2.48446729423561,2.49698489410182
-45.3948974609375,-0.473309921603164,1.93852337743403
-45.2041625976563,3.74090115836549,3.37442283480582
-45.013427734375,0.991638453519193,5.8461178788959
-44.8226928710938,1.71038212298597,4.35474937690727
-44.6319580078125,2.58504078082891,3.78859821439302
-44.4412231445313,1.74431574109968,5.89962537498995
-44.25048828125,2.14180645570868,4.70631043763792
-44.0597534179688,3.08013500738418,3.05926056807457
-43.8690185546875,0.540065117880468,4.67870668019938
-43.6782836914063,2.04281930975535,3.43552795507601
-43.487548828125,-1.52127734431485,5.66996040964718
-43.2968139648438,1.87166924610351,4.50653466823511
-43.1060791015625,0.205743244562572,4.08830025601323
-42.9153442382813,1.11302280201596,4.02682140635615
-42.724609375,3.87360067084746,5.7964208659218
-42.5338745117188,-0.462675044684015,4.07557977149292
-42.3431396484375,1.76648479491634,5.96429168360768
-42.1524047851563,0.505758009956334,4.29619246690828
-41.961669921875,0.942247741822588,4.19296969679223
-41.7709350585938,2.25804073143386,5.61847033407593
-41.5802001953125,1.09438101533431,2.76049581528138
-41.3894653320313,0.689934265111881,4.68622222946633
-41.19873046875,1.32054214554719,3.75951227852707
-41.0079956054688,1.30631294935854,4.83049387890648
-40.8172607421875,1.08501593881412,6.15958280850692
-40.6265258789063,2.71457203953837,4.20204542592249
-40.435791015625,1.34548938019565,4.84831842652269
-40.2450561523438,1.68718842995814,5.56272684109744
-40.0543212890625,1.50923624202036,4.33862638519648
-39.8635864257813,0.14559309435208,6.5155494849988
-39.6728515625,0.00862306873450178,5.27523434190732
-39.4821166992188,2.25238078906858,4.0380369421251
-39.2913818359375,1.66961691075819,6.36278668792054
-39.1006469726563,0.651248338873583,8.03296529062135
-38.909912109375,-2.48413761860077,4.08602781766148
-38.7191772460938,1.54113911624152,5.79623119784721
-38.5284423828125,1.92685602567391,5.50788693069727
-38.3377075195313,2.18986518541902,5.92353072258007
-38.14697265625,0.0254150762279251,7.08086545818819
-37.9562377929688,1.31647938825288,5.52492036154566
-37.7655029296875,2.8348539591048,8.46349921433691
-37.5747680664063,1.2475483176815,8.61446488236241
-37.384033203125,2.56889784319107,7.87219845300703
-37.1932983398438,2.64096972931514,6.09226086077893
-37.0025634765625,2.06197943505242,4.50231459643417
-36.8118286132813,2.00685248737501,4.63137430968762
-36.62109375,3.92166255379672,5.71365364390037
-36.4303588867188,2.67519206742462,8.30789647126586
-36.2396240234375,1.31563065405797,7.42254002577803
-36.0488891601563,-0.699536171166675,3.96080039377296
-35.858154296875,1.56533603304751,4.16611424695875
-35.6674194335938,2.00107841620276,6.30675693956567
-35.4766845703125,2.82254110613442,5.98001715377799
-35.2859497070313,2.60240856259658,8.7317306235464
-35.09521484375,-0.547593799988868,6.28816966383217
-34.9044799804688,-0.446652307228672,8.2462344712
-34.7137451171875,1.18623731226496,6.23098776041265
-34.5230102539063,0.063996806417622,6.94022496512993
-34.332275390625,3.47450460153199,6.71302245598349
-34.1415405273438,2.31230471437128,7.16044811235323
-33.9508056640625,2.25735508935572,7.73668794172058
-33.7600708007813,1.10851762025782,8.88916122251157
-33.5693359375,0.0589320466434254,9.96368060289424
-33.3786010742188,-0.207916003796471,7.98045109892444
-33.1878662109375,1.34557339114043,7.83307891708318
-32.9971313476563,1.92412628408986,8.28440199756817
-32.806396484375,0.452749943024496,10.0848031136438
-32.6156616210938,1.87441723369146,8.05414147836429
-32.4249267578125,2.39524709540919,8.65226647019499
-32.2341918945313,1.13222414948651,7.52389307186557
-32.04345703125,3.04098397930083,9.13404522820077
-31.8527221679688,0.897195005061415,6.98722242662672
-31.6619873046875,0.639784081794909,8.36670542362293
-31.4712524414063,3.54708018834088,8.64414486854966
-31.280517578125,2.16564783927239,10.6619616271327
-31.0897827148438,-2.17686556630087,6.77328769273651
-30.8990478515625,-1.21423206344779,9.38407678516295
-30.7083129882813,2.04513334653358,10.8710058915365
-30.517578125,2.02488811856867,9.92304941515254
-30.3268432617188,1.79047189992957,8.80224550902731
-30.1361083984375,0.851775031224879,10.8986949568775
-29.9453735351563,2.43593338992865,8.91722602365269
-29.754638671875,0.698721035800189,8.56174933595443
-29.5639038085938,-0.466217590818603,8.67173207059628
-29.3731689453125,3.45654582509377,10.2153803006038
-29.1824340820313,2.53662270916988,10.1865653960733
-28.99169921875,0.254375579663912,11.3711743963285
-28.8009643554688,1.29632502378277,10.5263802336678
-28.6102294921875,2.44923464480004,10.9741012670946
-28.4194946289063,0.171214124096908,10.8207031164657
-28.228759765625,2.80962338347916,9.79862645169012
-28.0380249023438,-0.00853669649741035,12.0767371153098
-27.8472900390625,-0.989883894947822,10.1001684391919
-27.6565551757813,0.55489127132868,11.2765294523874
-27.4658203125,-0.321634785659505,14.0630579772232
-27.2750854492188,4.12997536790965,14.9161080845963
-27.0843505859375,4.95118025393434,13.2318955224673
-26.8936157226563,4.05889373728584,12.6735899658364
-26.702880859375,2.64725391997879,13.9907191780626
-26.5121459960938,1.93925327328231,15.1742237102279
-26.3214111328125,-0.0671320467100851,14.925942117381
-26.1306762695313,3.31288803878997,16.9653528539011
-25.93994140625,3.18904263645585,16.6208290802178
-25.7492065429688,6.76549241805603,18.3684778309108
-25.5584716796875,3.58537578476732,19.6112413592617
-25.3677368164063,2.99050891740222,16.6761116446315
-25.177001953125,4.8593288588263,16.7069981025278
-24.9862670898438,2.84118251071432,18.8040350908128
-24.7955322265625,7.76200054530103,19.3425922406507
-24.6047973632813,6.50286645317782,20.6646018957983
-24.4140625,7.60834637954447,20.6840423232421
-24.2233276367188,5.94964008641834,20.5310640659052
-24.0325927734375,7.23187769281827,21.5020189164612
-23.8418579101563,8.43169342021879,22.5634884751215
-23.651123046875,9.87791222514329,22.2220400353521
-23.4603881835938,10.5127608664441,23.0029640798928
-23.2696533203125,11.7678430714009,22.5122090508462
-23.0789184570313,11.7661659256802,25.0407267288306
-22.88818359375,12.0592826191961,26.048020979201
-22.6974487304688,14.5984795070581,23.1840517798439
-22.5067138671875,14.9388306981261,23.8844049097706
-22.3159790039063,17.5317811792881,26.0453186195039
-22.125244140625,18.5978327235206,22.7503597335816
-21.9345092773438,17.0599487633096,22.2329758230575
-21.7437744140625,21.2514493397361,22.054238556409
-21.5530395507813,21.8034011084816,20.3919439299826
-21.3623046875,23.2428476056026,21.2371449889857
-21.1715698242188,22.6124115561418,18.5073135187866
-20.9808349609375,23.8499401813875,18.442342115452
-20.7901000976563,26.3925624955435,21.2401063353256
-20.599365234375,26.5163587596138,17.243487427319
-20.4086303710938,30.4593064406657,18.1032133237017
-20.2178955078125,27.6251573762942,15.5081178722216
-20.0271606445313,28.7971666320416,16.2034213195001
-19.83642578125,29.0601251033487,14.9165407842832
-19.6456909179688,27.4351214360284,15.0962013934434
-19.4549560546875,29.6510111815194,12.9080313945048
-19.2642211914063,30.5184814796501,12.2692964871355
-19.073486328125,30.6972342042339,11.9483996034742
-18.8827514648438,32.0783553568944,11.4642309488002
-18.6920166015625,30.3956673197894,8.21734148413286
-18.5012817382813,32.506451284852,8.89341335706757
-18.310546875,32.8709289859204,8.02210250819311
-18.1198120117188,30.9434798271451,7.01016955716893
-17.9290771484375,32.7615197626497,5.62470653630151
-17.7383422851563,32.9447967535514,2.60946765692588
-17.547607421875,32.6821350679966,5.50579010577138
-17.3568725585938,32.975864104714,3.18319065045123
-17.1661376953125,31.0640234637149,1.99048204372825
-16.9754028320313,33.4343385231895,2.61465821752514
-16.78466796875,34.2171444241002,3.04955732781533
-16.5939331054688,32.9251062550662,1.92025619439657
-16.4031982421875,32.3165668609072,-2.41138952585425
-16.2124633789063,33.654972515507,-0.820775023051344
-16.021728515625,31.3382183129712,-3.42512352006022
-15.8309936523438,32.5247156526016,-2.11515894039901
-15.6402587890625,31.9593195468823,-4.57027079208387
-15.4495239257813,30.7810752038384,-4.37282407932198
-15.2587890625,32.7259754590486,-6.98664884797866
-15.0680541992188,33.8880499768181,-7.52733397563036
-14.8773193359375,31.0342747427965,-6.48993748018072
-14.6865844726563,31.5756393697064,-7.55921651933805
-14.495849609375,32.5388007781252,-9.96261257165696
-14.3051147460938,29.7150996420497,-10.3787568378488
-14.1143798828125,30.0449180393599,-10.0696178161193
-13.9236450195313,31.0747440753867,-11.829651437865
-13.73291015625,31.3096732189771,-12.6512496923183
-13.5421752929688,26.9716384948084,-13.7729132796214
-13.3514404296875,31.3518687137503,-13.5349617287037
-13.1607055664063,27.3279496982233,-14.6302500219948
-12.969970703125,27.2328968340818,-16.4311428076719
-12.7792358398438,27.010795066841,-15.9935487821344
-12.5885009765625,25.1899132275314,-17.0275427932673
-12.3977661132813,27.2320738366931,-17.2885300517743
-12.20703125,24.3570312349471,-19.1677250277908
-12.0162963867188,22.8243857041454,-20.5937184040336
-11.8255615234375,24.6764250492762,-18.7203822940315
-11.6348266601563,23.8057637464073,-21.3290290858532
-11.444091796875,21.4466659730402,-21.7670086775415
-11.2533569335938,20.5934043094816,-19.4387836602844
-11.0626220703125,20.3659883392952,-22.1451413585753
-10.8718872070313,17.7873686764494,-25.0994386072513
-10.68115234375,16.0986022032961,-22.4044747761225
-10.4904174804688,13.6521307869229,-25.6102478255188
-10.2996826171875,16.7717918888318,-21.4929294951177
-10.1089477539063,12.9718802510777,-23.4135072462568
-9.918212890625,12.3028266357605,-22.8054912193716
-9.72747802734375,11.8168273863536,-21.3778396659259
-9.5367431640625,12.9735301545351,-21.0486795787392
-9.34600830078125,9.79000543517457,-19.5124710535111
-9.1552734375,9.68596415078054,-21.5577954782189
-8.96453857421875,7.39449126811769,-20.1725073919777
-8.7738037109375,8.49476547180512,-19.4912482432294
-8.58306884765625,6.99208347655973,-19.6951770832756
-8.392333984375,6.23470553507817,-19.6277002569607
-8.20159912109375,6.10932663112596,-18.4408892087185
-8.0108642578125,5.96023650912168,-20.8984893061104
-7.82012939453125,4.73511530692581,-19.8534866557638
-7.62939453125,4.23135623927594,-16.7208229963813
-7.43865966796875,4.49917290253411,-15.7540939776465
-7.2479248046875,3.76005248606674,-16.8580631341487
-7.05718994140625,5.04502380683887,-18.0894488236067
-6.866455078125,6.81932320830284,-16.3426469082827
-6.67572021484375,4.07927380929938,-13.8450158371045
-6.4849853515625,4.76411105894993,-13.5502658358475
-6.29425048828125,1.93064197726263,-16.2621620149735
-6.103515625,5.24904462936417,-14.9937122270325
-5.91278076171875,1.1519580479289,-14.3206408803923
-5.7220458984375,2.56787323378343,-13.1818105763126
-5.53131103515625,4.21655246735337,-14.6947052838969
-5.340576171875,2.65138018441119,-14.0137961381141
-5.14984130859375,3.7028656813913,-15.3762447903008
-4.9591064453125,5.1159240227726,-13.3936609370402
-4.76837158203125,3.23165063661754,-12.3996084052226
-4.57763671875,2.43842041717692,-11.8188258793572
-4.38690185546875,1.7914879920253,-12.3980462743885
-4.1961669921875,2.91663555074733,-13.6646974322223
-4.00543212890625,1.71149273519009,-11.7644077612002
-3.814697265625,2.07123094215013,-9.76995759284855
-3.62396240234375,4.41260088968543,-10.64790582342
-3.4332275390625,3.11194907404472,-11.8410905698192
-3.24249267578125,2.89735957221053,-8.96559307108962
-3.0517578125,3.4852170181004,-13.1324261848554
-2.86102294921875,2.74890350739,-10.2077584209369
-2.6702880859375,3.35816598222527,-9.35307265409129
-2.47955322265625,0.558297055701915,-10.9200895214602
-2.288818359375,1.30199329536899,-11.8563624265709
-2.09808349609375,0.83765732902522,-10.0999776999234
-1.9073486328125,2.74886084444539,-9.04554357686838
-1.71661376953125,2.39879988732945,-8.76149159131956
-1.52587890625,4.18503938013272,-9.81664988295291
-1.33514404296875,0.862930456729471,-10.6472500586361
-1.1444091796875,2.17305038196365,-7.93035644611722
-0.95367431640625,2.93410255629932,-7.91828094068978
-0.762939453125,2.28504560779912,-9.77499708438255
-0.57220458984375,0.0709766864481167,-9.41016307452488
-0.3814697265625,2.40740647646911,-9.48028582973586
-0.19073486328125,1.98635787082653,-8.87202847398638
0,2.71826488916236,-9.28313726118757
0.19073486328125,1.21930443244391,-6.8479285256956
0.3814697265625,1.38078795793443,-10.2571102605082
0.57220458984375,1.13064567571201,-8.45681595472792
0.762939453125,3.01486803367366,-8.95539684734415
0.95367431640625,0.509295040548792,-7.5144944459741
1.1444091796875,-0.964338008066597,-8.38615423911009
1.33514404296875,2.0892503729083,-8.93999063495013
1.52587890625,2.02492797570266,-8.22445298848435
1.71661376953125,3.68036422150515,-8.45929595444585
1.9073486328125,2.04707623506586,-6.727647380159
2.09808349609375,-1.26768078503863,-7.75569955272384
2.288818359375,0.465239385261623,-6.4834248118603
2.47955322265625,-0.217976342861489,-6.5605443546489
2.6702880859375,0.881379888345261,-8.32608810213342
2.86102294921875,0.440155834339861,-7.89412572348445
3.0517578125,2.56732086837731,-9.48649097619038
3.24249267578125,1.79562968670417,-7.77239797017227
3.4332275390625,0.537446699178355,-7.54493917515616
3.62396240234375,3.41791482245127,-8.09652552828318
3.814697265625,0.183165872654191,-8.06168024731404
4.00543212890625,0.219195808832755,-7.12079791086532
4.1961669921875,3.70227668185815,-6.16547861427682
4.38690185546875,0.956895351802978,-7.34993892888316
4.57763671875,-0.0115611229108535,-5.51454042789923
4.76837158203125,0.299369498403657,-7.69866870804013
4.9591064453125,1.76113793656349,-7.75573754922257
5.14984130859375,1.55287877892841,-6.23362302391966
5.340576171875,1.68174581796378,-8.24936835899044
5.53131103515625,0.692309888499238,-5.15220250036626
5.7220458984375,0.329850779623705,-7.50580918864405
5.91278076171875,0.348781352674775,-6.28500407354758
6.103515625,1.60043012828595,-6.96154266845845
6.29425048828125,3.29839491190212,-4.84758773729757
6.4849853515625,1.1630030544285,-5.13076283654207
6.67572021484375,-0.143770306173427,-3.87273343330553
6.866455078125,-0.106387260267001,-5.9752501713633
7.05718994140625,2.24168510333923,-6.3696610237849
7.2479248046875,2.51833388788989,-5.02845145130773
7.43865966796875,1.70359011761548,-5.92726026314729
7.62939453125,2.80637687147026,-6.33379890144366
7.82012939453125,0.377510288343579,-5.22821549091959
8.0108642578125,2.02870312694771,-8.11494261543149
8.20159912109375,1.21966839089975,-6.77352482573749
8.392333984375,2.12929652357332,-6.119060254189
8.58306884765625,-0.286331779141196,-5.6102101814222
8.7738037109375,-0.163211903555629,-5.66272642698391
8.96453857421875,0.584004841647723,-7.88236568932127
9.1552734375,1.20328471688294,-8.51376970163798
9.34600830078125,0.0176096212675332,-4.88036715744967
9.5367431640625,-0.770974104418904,-5.92792811583034
9.72747802734375,-0.53992439370109,-5.72980272110409
9.918212890625,1.07713797005698,-5.00463824142939
10.1089477539063,0.734150698768539,-6.15101556715082
10.2996826171875,0.6599716992979,-7.07056516230355
10.4904174804688,1.08582133618943,-2.49005623711123
10.68115234375,1.88115388603688,-5.13081145753358
10.8718872070313,0.766719752074198,-5.10560300972022
11.0626220703125,0.133994402635543,-3.19220741200663
11.2533569335938,-0.212729166086524,-5.8635174755993
11.444091796875,1.72779077665211,-6.98323888856562
11.6348266601563,1.71064451233508,-4.81577789251048
11.8255615234375,3.01430773986347,-7.27270449541617
12.0162963867188,2.71669997197956,-7.01567203740475
12.20703125,0.716263302443826,-6.11111135930842
12.3977661132813,0.224828962918028,-5.23548542839257
12.5885009765625,0.0069986723725956,-4.5336385148763
12.7792358398438,-0.307529938377916,-4.60577425028195
12.969970703125,0.390971979922478,-5.80908401598633
13.1607055664063,-0.0306433107167145,-2.55616925632824
13.3514404296875,2.28208460433718,-5.65929575917031
13.5421752929688,0.200133520443351,-4.63934438587583
13.73291015625,2.49396441295646,-5.88058038011918
13.9236450195313,4.46424421982689,-5.50922112843257
14.1143798828125,1.18697618550105,-7.68820081857132
14.3051147460938,1.10787260967323,-4.43282668219784
14.495849609375,3.10899810809092,-2.83718216074667
14.6865844726563,0.145237132182763,-3.19651470852897
14.8773193359375,1.29945440083148,-4.83838896393598
15.0680541992188,-0.0977778046726037,-5.61511607310944
15.2587890625,0.316193157037355,-3.93467260927237
15.4495239257813,1.68662506624236,-6.86515457747334
15.6402587890625,2.1856730776052,-5.68239652084057
15.8309936523438,1.04940240378819,-4.76877078543304
16.021728515625,0.869184748495377,-4.95768429104991
16.2124633789063,1.71269298131406,-5.97519600579195
16.4031982421875,0.794270146211604,-3.23021779793455
16.5939331054688,-0.686832525989842,-7.12984169729675
16.78466796875,2.87143267374145,-5.98369836979136
16.9754028320313,1.15070802282588,-6.23942384281595
17.1661376953125,0.357565470719562,-3.27246648234284
17.3568725585938,1.01754724723014,-2.54932325365673
17.547607421875,1.28242808662613,-3.92708499033556
17.7383422851563,-0.101215797880563,-5.17647579323766
17.9290771484375,0.0643364013914361,-5.26321953570119
18.1198120117188,-0.460094639945801,-5.69336838430597
18.310546875,-2.87929890564915,-4.79263843980604
18.5012817382813,0.698371685401932,-3.30904066069259
18.6920166015625,0.620114237181236,-6.03438809245413
18.8827514648438,0.043820004332345,-4.29125246134619
19.073486328125,0.345762792079387,-6.51775203465905
19.2642211914063,-1.38733700100938,-4.49780665514901
19.4549560546875,2.04812720003972,-4.85163531563542
19.6456909179688,-1.53176479871557,-4.096922801138
19.83642578125,0.979074139663069,-4.05818141084341
20.0271606445313,1.89260249866189,-3.46543949699078
20.2178955078125,1.23713868614855,-4.44412270731004
20.4086303710938,0.638373016320877,-4.7536965709906
20.599365234375,-1.77678465899265,-3.58489968242209
20.7901000976563,-0.442225995086281,-3.53583105292801
20.9808349609375,3.41156436996603,-4.45743129072883
21.1715698242188,0.73899947649987,-4.47919362939132
21.3623046875,1.46328632056273,-3.83082627703422
21.5530395507813,2.81087659762907,-4.38388498781655
21.7437744140625,0.784984068482392,-4.9350138390985
21.9345092773438,0.303033577488525,-2.90189565727261
22.125244140625,1.76719687960899,-4.54561430704295
22.3159790039063,0.214094667235654,-5.13881079122178
22.5067138671875,0.68189298547788,-2.85632999879904
22.6974487304688,2.31483424896361,-3.60768759531658
22.88818359375,1.06544417507442,-2.59467057212111
23.0789184570313,1.60248486956087,-4.74404039987136
23.2696533203125,2.12954511153015,-0.727948797993393
23.4603881835938,0.946010455630314,-2.49887374676206
23.651123046875,1.28018176200974,-4.54127642304899
23.8418579101563,4.6174303983998,-3.70812509621032
24.0325927734375,1.51129940261433,-4.13607867474075
24.2233276367188,3.43487856528987,-4.05105652164451
24.4140625,1.91732076666808,-5.42431402640303
24.6047973632813,0.739885587268686,-3.61799717263628
24.7955322265625,-0.0113775529792306,-3.19832501492566
24.9862670898438,-0.184309896887688,-3.19348888938488
25.177001953125,2.84142007068594,-4.80889014163212
25.3677368164063,1.06112948585543,-3.59452100529019
25.5584716796875,-1.40451323512239,-4.98672621287464
25.7492065429688,1.28920122211935,-2.74103334347596
25.93994140625,0.764939831935866,-3.55315745811406
26.1306762695313,2.42467860939719,-4.28959896820982
26.3214111328125,0.418589601182082,-4.0923764381788
26.5121459960938,0.127605465889117,-3.90830146126013
26.702880859375,0.152046295746593,-3.80957004953866
26.8936157226563,1.18462680549162,-3.12955944742309
27.0843505859375,0.128588326184314,-3.96964777789309
27.2750854492188,-0.830905519353594,-3.11996416084847
27.4658203125,0.0946552553199184,-4.3099677372454
27.6565551757813,0.311649767881211,-4.21790500699366
27.8472900390625,-0.370757445207705,-3.63467013519797
28.0380249023438,1.79007194507604,-3.50873322551605
28.228759765625,0.554186661642965,-1.46287959041887
28.4194946289063,0.0344768775692149,-4.95610537037004
28.6102294921875,-0.803490113721867,-3.0441806853513
28.8009643554688,1.47042920184581,-5.68109606494949
28.99169921875,2.42949465386419,-6.06488992615692
29.1824340820313,-0.375963287564486,-2.23490915177977
29.3731689453125,2.60530662286936,-1.54476425920428
29.5639038085938,2.14617134442265,-2.68006643187601
29.754638671875,1.67992744388156,-5.16660647680349
29.9453735351563,0.680098359321286,-4.44907713400215
30.1361083984375,0.846914069872046,-3.46729455284248
30.3268432617188,1.80029260358431,-2.8819835803617
30.517578125,0.152152681718342,-3.85613641730626
30.7083129882813,0.612927375773964,-4.94457562588953
30.8990478515625,3.39355472532161,-5.67250272085433
31.0897827148438,0.197464404171191,-1.59868558893823
31.280517578125,2.34744363511249,-4.43650036748248
31.4712524414063,0.966425998482238,-3.6484372093798
31.6619873046875,-3.3543684096259,-3.72056344544379
31.8527221679688,0.406818355991475,-2.64906939475112
32.04345703125,1.23085539718605,-2.30790103714743
32.2341918945313,-1.18144017025265,-1.80176177839565
32.4249267578125,0.212888047208605,-3.30387287535402
32.6156616210938,0.506998916398297,-3.39197443501246
32.806396484375,0.988574701471999,-4.40746694121431
32.9971313476563,-0.589930309395865,-3.31397125054398
33.1878662109375,0.938748022381122,-3.64551375669517
33.3786010742188,0.0242890081532072,-3.73181415355451
33.5693359375,-0.579120158536147,-2.08818200625746
33.7600708007813,0.382199626447058,-2.98785057139683
33.9508056640625,0.786893972755184,-3.99878489177099
34.1415405273438,0.984972761249858,-2.21246577924253
34.332275390625,-0.59899043870583,-4.31439691735671
34.5230102539063,-0.0553300305725217,-3.41247644313334
34.7137451171875,1.07640949155926,-4.27619831118638
34.9044799804688,0.213943504555189,-3.65803096203356
35.09521484375,-0.694171133562786,-4.55695360621229
35.2859497070313,-0.939803404063821,-1.73695600080795
35.4766845703125,-1.45074554253309,-0.407514314006979
35.6674194335938,-1.55445503477324,-2.16688216902555
35.858154296875,0.684761234346472,-2.32439304731049
36.0488891601563,-0.152898731705674,-2.36688040047059
36.2396240234375,-0.0702503198242769,-3.86838869297284
36.4303588867188,1.96784639090902,-4.13295688379892
36.62109375,-0.348548455319921,-4.3013869137044
36.8118286132813,-0.520184253668641,-5.67210132608452
37.0025634765625,1.7212486309091,-2.36147002313369
37.1932983398438,-0.240120121557417,-2.79490817948158
37.384033203125,1.73666054188879,-2.94955605004041
37.5747680664063,-0.860456161523114,-1.99157781309196
37.7655029296875,1.28938009267002,-5.10175601333632
37.9562377929688,0.713903316310211,-2.32820155355777
38.14697265625,0.851564841447964,-3.20264466848233
38.3377075195313,-0.224725321530792,-4.08407543076193
38.5284423828125,-0.90768341424539,-2.51375777770744
38.7191772460938,0.538594185725956,-4.48831082430103
38.909912109375,-1.00659436195993,-3.47889554623157
39.1006469726563,-0.293395555204083,-2.78619355279992
39.2913818359375,0.893414693076011,-3.33203426118491
39.4821166992188,0.443597245071225,-3.32053129443548
39.6728515625,-1.34243043055539,-2.7457200998413
39.8635864257813,2.63703833802964,-4.84366366909489
40.0543212890625,-0.423439929105435,-5.18549657508779
40.2450561523438,2.09366645440243,-2.20974528901388
40.435791015625,0.634156256701869,-3.63311768263483
40.6265258789063,0.394138249935936,-0.427412134936101
40.8172607421875,-0.671318432242529,-4.92265847940083
41.0079956054688,-1.62057572209341,-2.60126528634895
41.19873046875,0.479300198991555,-2.67166775175459
41.3894653320313,-1.24654234444756,-1.17361617251032
41.5802001953125,-1.85839708232538,-1.84999770169891
41.7709350585938,1.20436379895962,-4.48936808738355
41.961669921875,-0.832838289117134,-2.91368557639412
42.1524047851563,-3.15555499560074,-5.1803029573993
42.3431396484375,-0.158353008791326,-4.08761994137848
42.5338745117188,1.36565780054717,-1.39065006181973
42.724609375,1.88283274457048,-1.63474279238304
42.9153442382813,0.825568897599963,-2.47605105227246
43.1060791015625,-0.387491036482439,-5.49924797943883
43.2968139648438,2.08728760166993,-1.39891779320789
43.487548828125,-0.652602967569762,-1.99659354257217
43.6782836914063,1.31930646575354,-2.22647440156656
43.8690185546875,0.361854097602093,-3.16474526639139
44.0597534179688,0.650337711536777,-2.10535343254048
44.25048828125,-0.122067198317381,-1.76795120324446
44.4412231445313,0.357662624541642,-4.38741538799366
44.6319580078125,0.620991180731665,-3.96894137129689
44.8226928710938,-1.58826685817455,-3.88508220457683
45.013427734375,0.354907291599321,-2.43026064385164
45.2041625976563,0.376401163559526,-2.6019972088255
45.3948974609375,0.720035838850755,-1.79553436782341
45.5856323242188,-0.561185806106502,-2.19873863261458
45.7763671875,0.162658199111696,-1.99769740931708
45.9671020507813,1.12818807697986,-0.448651407024547
46.1578369140625,0.258921852710709,0.010207018383376
46.3485717773438,-0.865911963301189,-0.510455029789542
46.539306640625,1.63749016471481,-3.11321882629068
46.7300415039063,-0.354749417817305,-2.86764356217422
46.9207763671875,-0.324560619280955,-1.60863919508593
47.1115112304688,-2.12745989943807,0.752058079835277
47.30224609375,0.388203056443934,-1.65709674046107
47.4929809570313,1.42568374466778,-3.07682183858079
47.6837158203125,0.695911492324411,-3.13162788369867
47.8744506835938,-0.204842077248834,-2.31758734912628
48.065185546875,-0.988760158599906,-1.96918783609276
48.2559204101563,0.162787940429922,0.0475225439400095
48.4466552734375,-1.57761558548202,-2.91674989690613
48.6373901367188,-0.443967636482798,-1.67282325278268
48.828125,2.8714592600565,-1.28212537794073
49.0188598632813,1.08236929169294,-4.2074419677655
49.2095947265625,0.331076063527239,-2.60074418391551
49.4003295898438,0.81158072637504,-2.4786712302714
49.591064453125,-0.780949253123933,-1.56473420932942
49.7817993164063,-0.902771250719182,-0.811375959444709
49.9725341796875,-0.323908028884935,-3.13982303520043
50.1632690429688,1.20110543208768,-1.91397532957899
50.35400390625,1.36375093955074,-2.7738446340133
50.5447387695313,-1.26242694021286,-2.9394837441086
50.7354736328125,1.03125436154046,-1.93695891772195
50.9262084960938,0.966546376409343,-1.76626789116719
51.116943359375,-0.490303199824304,-3.1132610455661
51.3076782226563,2.97632579924084,-1.2905181627957
51.4984130859375,-0.369010930656626,-2.19054146426779
51.6891479492188,-0.0452126881969363,0.450007090920114
51.8798828125,0.213015009973671,-3.67411134355366
52.0706176757813,-0.462349110040391,-1.20358238128209
52.2613525390625,1.21156955546949,-1.35357137451386
52.4520874023438,-0.273790227491995,-1.41314440954294
52.642822265625,-0.692700621014032,-2.65949419600734
52.8335571289063,1.74735507781418,0.0950615984983628
53.0242919921875,0.96420265367327,-2.26375662467775
53.2150268554688,1.30915124064043,-2.70418203123001
53.40576171875,0.519905873766959,-0.82571693680813
53.5964965820313,-1.00432727878654,-2.78611650128346
53.7872314453125,0.277742925263039,-2.8508369635873
53.9779663085938,-0.570835459760851,-2.78933174305439
54.168701171875,1.0937324510617,-3.1517299919461
54.3594360351563,-0.162721630950472,-2.1743599628306
54.5501708984375,-0.331220903876566,-0.0175107136656639
54.7409057617188,1.54084337193038,-1.75837807411852
54.931640625,1.222435546243,-2.3102143557495
55.1223754882813,1.74735456862364,-3.23212054416226
55.3131103515625,1.40784163160018,-0.764854181947413
55.5038452148438,1.81985567827048,-2.29450175746974
55.694580078125,1.4080045324185,-1.06263262528201
55.8853149414063,0.767635501657729,-2.47321326701101
56.0760498046875,1.11966009681954,-3.70221798650214
56.2667846679688,0.550192581348866,-2.09873986936365
56.45751953125,0.641802700396497,-1.1480711704996
56.6482543945313,1.32244055934773,-1.71537330412751
56.8389892578125,0.656952602313533,-2.06959961697347
57.0297241210938,0.220372414814882,-2.52348945849824
57.220458984375,1.73079009288686,-0.577903429057239
57.4111938476563,-0.138854374334728,-2.25236630408153
57.6019287109375,-1.07261870372043,-0.61974797184241
57.7926635742188,-1.07884230661246,-2.0534114171557
57.9833984375,-0.593951505186911,-3.52476101444411
58.1741333007813,-2.18528457196907,-1.97152326452804
58.3648681640625,3.02393571341396,-1.9001642729967
58.5556030273438,2.82686153817579,-2.59493795271672
58.746337890625,-2.78217450211441,-1.57794997934746
58.9370727539063,1.0379437987791,-1.94296346663828
59.1278076171875,0.109570393961742,-1.85580116584467
59.3185424804688,1.90104166079378,-1.30686350979627
59.50927734375,-1.56864363685043,-3.95160037109463
59.7000122070313,-1.35019551108512,-3.46385422288524
59.8907470703125,0.706007022091886,-4.96516317109796
60.0814819335938,0.268234889641069,-1.79638665735512
60.272216796875,-1.10181777689559,-1.59402497899907
60.4629516601563,1.9509875123395,-2.81727082623437
60.6536865234375,0.60187986559108,-1.68483761380578
60.8444213867188,0.441353669451834,-1.64861137019912
61.03515625,1.67439446702718,-0.677205182760865
61.2258911132813,-0.0369131952864625,-0.72501747683333
61.4166259765625,1.01089566012778,-3.66934609256622
61.6073608398438,0.123835679075057,-0.457095745219669
61.798095703125,0.1371030458136,-1.45730805371362
61.9888305664063,1.65443244827825,-2.59817605278096
62.1795654296875,0.451676761772433,-2.27015524027827
62.3703002929688,0.122164529367801,-1.69296689190508
62.56103515625,-0.711361273932431,-2.47128619711046
62.7517700195313,0.646862212723205,-3.61690490799808
62.9425048828125,-1.05222327255389,-3.11324480681844
63.1332397460938,-1.36222487647469,-3.1766464287244
63.323974609375,-0.497095862565451,-0.616196529617801
63.5147094726563,0.469088317189995,-1.79391327716376
63.7054443359375,-1.05025972182179,-2.10627363818216
63.8961791992188,-0.377583224162857,-3.44721262098312
64.0869140625,1.18837774802432,-2.21535232497104
64.2776489257813,-0.403522993560096,-1.84590526007198
64.4683837890625,0.42165566399842,-2.11208153748153
64.6591186523438,1.06831730968282,-5.12795165407129
64.849853515625,0.256020998845668,-2.43212537567295
65.0405883789063,-0.12398402665893,-2.24622524575736
65.2313232421875,2.46827464569056,-2.02368759619119
65.4220581054688,-0.459412601830872,-2.00951969787933
65.61279296875,-0.0675445980541963,-3.29935739686169
65.8035278320313,0.727472817501968,-3.71923295167517
65.9942626953125,0.34286778142132,-2.21071987416397
66.1849975585938,1.18541666032171,-3.21159553614797
66.375732421875,1.01451149060209,-0.808015060455663
66.5664672851563,1.84955490506707,-2.15707367582456
66.7572021484375,1.96860821436348,-1.59539196305353
66.9479370117188,-1.93345325080035,-3.6370923710216
67.138671875,-0.871326431971478,-0.145810673837655
67.3294067382813,-0.631256982862303,-2.35115490230245
67.5201416015625,-2.29701381388156,-0.993450972322594
67.7108764648438,0.487510777468194,-0.980480622444823
67.901611328125,0.371135716812965,0.461119718598244
68.0923461914063,-0.525494399346543,-2.2341583759617
68.2830810546875,-0.21929492485859,-2.28247610803991
68.4738159179688,0.5009927183609,-1.29972871124602
68.66455078125,0.23078530016493,-3.50128635348799
68.8552856445313,-1.50144873485614,-1.59394117007327
69.0460205078125,-0.188235349396056,-0.20962227829758
69.2367553710938,0.629014569383775,-1.56558535012149
69.427490234375,-0.439619313500097,-4.03691093190267
69.6182250976563,0.126614565862256,-1.11333316255509
69.8089599609375,1.95035514360478,-3.74992322357597
69.9996948242188,-0.191331023438684,-2.28694198342114
70.1904296875,1.47058284912881,-4.23402450748828
70.3811645507813,-0.408739694570305,-1.69189394921073
70.5718994140625,-1.15849137488037,-1.97924900738311
70.7626342773438,-1.56696272622371,-2.02264284422728
70.953369140625,1.26608072685324,-3.17704483919964
71.1441040039063,0.812203266047854,-0.295409325250315
71.3348388671875,0.863133680650168,-1.87915799955247
71.5255737304688,-0.439947670039164,-0.874452115704847
71.71630859375,-0.0935165916239584,-2.8621097838016
71.9070434570313,2.35331013223996,-0.470315955447089
72.0977783203125,-1.6171154154583,1.02327581884609
72.2885131835938,1.02483114098384,-2.16850365554174
72.479248046875,-0.0280982310893671,1.0637161548248
72.6699829101563,1.27279960562886,-0.24884855838372
72.8607177734375,2.23677330116761,-2.97026462649233
73.0514526367188,-0.158897291169376,-0.496992969592192
73.2421875,-1.46302786797276,-2.26823674895384
73.4329223632813,1.6483206796701,-3.56953823700685
73.6236572265625,1.40789173085169,-1.13743496311835
73.8143920898438,-1.06396351270651,-1.96469794869253
74.005126953125,-0.69322864104597,-3.7328758331651
74.1958618164063,-1.4235521193393,-1.29758442213544
74.3865966796875,-1.32618232815733,-2.16991913381174
74.5773315429688,1.02905005066786,-0.0896652116683182
74.76806640625,-1.68734046744446,-3.94437330974342
74.9588012695313,-1.6792020101553,-2.93429417179822
75.1495361328125,0.283871921420592,-3.46206583708618
75.3402709960938,1.88934884940525,-1.11724885790082
75.531005859375,1.7413425851163,-1.83128444248553
75.7217407226563,0.728239390425076,-1.1201308775183
75.9124755859375,0.715892827196388,-3.3246659027123
76.1032104492188,0.195505689254099,-3.48797410412425
76.2939453125,0.495198709377696,1.069211527671
76.4846801757813,-0.777196165978952,-2.5116088735413
76.6754150390625,-1.88535223718181,0.265349293832889
76.8661499023438,-1.10479800447927,-0.574965991947579
77.056884765625,0.367726274222129,1.40513233084443
77.2476196289063,-1.6857813376643,-1.91954894700357
77.4383544921875,-0.661237462501797,-1.98104358085318
77.6290893554688,0.639394121155686,-2.49182145229458
77.81982421875,0.454605383512822,-2.70084108376657
78.0105590820313,1.64354481026395,-0.18479616124751
78.2012939453125,2.38619667195864,-3.04653121948661
78.3920288085938,0.951454734725257,-1.38585478486364
78.582763671875,-0.402132725358608,-2.65083607355038
78.7734985351563,-0.961619657802663,-0.949929342433483
78.9642333984375,0.962979442444745,-1.57541241187108
79.1549682617188,0.0482279458299129,-2.41004367352509
79.345703125,0.600457577802098,-1.12279820338383
79.5364379882813,1.80841550940912,-2.15596976442604
79.7271728515625,0.929449495625895,-0.212241105267586
79.9179077148438,3.09235692866084,0.129148873908969
80.108642578125,0.870712033852812,-1.11440439800433
80.2993774414063,1.470357304257,-1.52193441167366
80.4901123046875,-0.938528444649038,-1.24524191119809
80.6808471679688,0.379634261523649,-0.14004348514336
80.87158203125,1.21687682827101,1.07057974943486
81.0623168945313,0.0387954034123067,0.18618834299336
81.2530517578125,2.3910609196416,-2.2008793670958
81.4437866210938,1.85736442495386,-1.96724883574759
81.634521484375,0.755760676267035,-0.568966863734958
81.8252563476563,-2.09044850483071,-1.68707680851575
82.0159912109375,0.345051360686469,0.0422679156669872
82.2067260742188,1.00622847625434,-1.40023791782809
82.3974609375,0.227923484652616,0.161757612602003
82.5881958007813,0.695965459220574,-1.85524637413221
82.7789306640625,2.14199165661484,-2.10679182262146
82.9696655273438,1.0104067813228,-0.645012308473159
83.160400390625,1.07604119187046,-3.72759841594771
83.3511352539063,-0.947881363573914,-0.448403248012002
83.5418701171875,-0.446811013866496,0.238105368272279
83.7326049804688,0.885174735701678,-3.39258643665105
83.92333984375,0.766456235129361,-2.97925944100944
84.1140747070313,0.205404017147575,0.308369269197889
84.3048095703125,0.365731111828616,-1.3362476471983
84.4955444335938,0.315624720228854,-2.17656419035438
84.686279296875,0.442341938719553,-0.502184181236163
84.8770141601563,2.86812837325097,-2.03045813548673
85.0677490234375,0.282121662331526,-2.17398748264854
85.2584838867188,0.824364392076571,-1.03801644043549
85.44921875,1.07192701572016,-0.952462431652376
85.6399536132813,-1.5127477757515,-0.930790412507557
85.8306884765625,-0.651180507077817,-2.08459668689878
86.0214233398438,0.584736103893155,-3.39482341554504
86.212158203125,-1.8002072384422,-0.893812777718862
86.4028930664063,0.125246614480998,-1.30019705644215
86.5936279296875,0.496890797198913,0.595049209023601
86.7843627929688,-0.321924719365983,-1.93143037822668
86.97509765625,1.85225101282901,-2.85868360780609
87.1658325195313,2.01180703871154,-2.47584529802524
87.3565673828125,-0.170685298339815,-2.15700958109268
87.5473022460938,1.28718007722912,-2.69571388561483
87.738037109375,-0.23896281942214,-1.63049632899168
87.9287719726563,0.329241088405178,-0.654810494116615
88.1195068359375,0.567109650499234,-3.63527989661971
88.3102416992188,0.253996040678046,-1.82204322730304
88.5009765625,-0.558192031475127,-0.624341760319933
88.6917114257813,0.0546424507519059,-3.60021269260357
88.8824462890625,-1.65158489713239,-0.819331281525402
89.0731811523438,0.924170054143262,-0.0452098377993436
89.263916015625,0.622797250816955,0.340509718391955
89.4546508789063,0.72983631876348,-2.49633112919448
89.6453857421875,0.0501959520745931,-1.32123203845365
89.8361206054688,0.79916839834293,-2.75750793547412
90.02685546875,2.11151960133498,-3.3149366755142
90.2175903320313,-1.52145539082734,-2.1806423180438
90.4083251953125,0.441186336712474,-1.51084210316623
90.5990600585938,-1.85060302376851,-1.23907013518135
90.789794921875,-0.0292492838085574,0.598872561286573
90.9805297851563,0.847676229988562,-3.73403339763337
91.1712646484375,-2.13475271132882,0.0506629729385363
91.3619995117188,-1.61716180212205,-1.83242760873892
91.552734375,1.04523017492157,-3.54386140018144
91.7434692382813,1.72196452895753,-0.117756076287303
91.9342041015625,0.743921232188006,-0.972832197934381
92.1249389648438,-0.0694178835479279,-1.38103295491466
92.315673828125,-0.771952028980087,-2.89502203184091
92.5064086914063,0.771170492951989,-2.26743839694326
92.6971435546875,1.02627307121176,-2.13429183470575
92.8878784179688,-0.854419666515066,-2.50568390427381
93.07861328125,0.13760040478981,-3.04182918151539
93.2693481445313,1.32354126237648,0.269017824242659
93.4600830078125,0.716348204080159,-0.0880499589307742
93.6508178710938,-0.658224173098913,-2.85428214384735
93.841552734375,0.478716067938238,-0.693425219950805
94.0322875976563,2.01325697961411,0.670240033958587
94.2230224609375,0.832270137287363,-2.5315489447446
94.4137573242188,0.148525599799839,-0.0725580489292948
94.6044921875,-0.490626877911219,0.107895252701823
94.7952270507813,0.0704903844396038,-1.40857280239771
94.9859619140625,1.0488951497239,-0.155776599078768
95.1766967773438,-0.270373965291569,-1.14098507538122
95.367431640625,0.767195355396696,-1.50089169739481
95.5581665039063,0.769776846946696,-4.67029742841056
95.7489013671875,0.554262324427098,-0.123329321236101
95.9396362304688,-0.257454319996643,-0.68708812326087
96.13037109375,0.721733849887893,-0.0455315863022976
96.3211059570313,0.703402797737152,-3.51434815043575
96.5118408203125,-1.20786373657722,0.897889300846701
96.7025756835938,0.331330196864998,-1.90088982001644
96.893310546875,-0.552296699716109,-0.451828578160331
97.0840454101563,-0.74459878695319,-0.150636837412293
97.2747802734375,1.2741400623164,-2.77983408144903
97.4655151367188,-0.516268128594519,-0.546747749945353
97.65625,2.03592435380982,-1.01299125342902
97.8469848632813,1.80076463228031,-0.73400968990671
98.0377197265625,1.41849682503679,-2.53105025739156
98.2284545898438,-0.490290374981188,-1.07925897675788
98.419189453125,0.937813964129724,0.108979680866329
98.6099243164063,-0.562570417892687,-2.61131266582647
98.8006591796875,0.973942396758975,-0.463605521799718
98.9913940429688,0.324527023797944,-3.38408171740015
99.18212890625,1.96318595105815,-0.0279412650051316
99.3728637695313,0.629638981373138,-2.41495728996196
99.5635986328125,1.47586457228645,-3.4839558401873
99.7543334960938,2.00081143988634,-1.92794926364092
99.945068359375,-0.419827186952575,0.27735425059729
