Fre(kHz),Re,Im
-99.945068359375,-0.531433983658477,0.63272634435123,ZeroPoint:Tj,62,0.1
-99.7543334960938,-2.25078507787644,2.59512221369157,Const.;stime,2.95309648,6.4E-07
-99.5635986328125,0.175061418844136,1.56760711724935,Fre.Range:Tau,-100:100,1.5E-05
-99.3728637695313,-0.603900805442972,0.123356545844166,FFTSize:DataSize:Firstpul,8192:8192,5E-07
-99.18212890625,-1.04238102496473,1.26155028219284,2p5msF100,Freq.=141410000
-98.9913940429688,0.808444108145382,1.15357719993397
-98.8006591796875,-1.13528356197402,0.641379824030655
-98.6099243164063,0.535702336593513,0.869873168408417
-98.419189453125,-0.0577353263526671,1.5449738408927
-98.2284545898438,-2.05810608267818,1.11719978476846
-98.0377197265625,-0.551747317283395,1.0633795411228
-97.8469848632813,-0.596702991669386,0.219486599727645
-97.65625,-0.143628188808121,0.674749825089176
-97.4655151367188,-0.142181844059268,1.85165762426637
-97.2747802734375,0.46543372413279,1.4272779219593
-97.0840454101563,-0.564184308826613,1.20008434070264
-96.893310546875,-0.0524631549000601,1.04614731978973
-96.7025756835938,-0.853496140932245,1.08054137830881
-96.5118408203125,-0.480227638801069,0.752324404124121
-96.3211059570313,0.0968856367990677,0.815815287126944
-96.13037109375,-0.27751666803441,0.893987758031357
-95.9396362304688,-0.804183026908616,0.896639511490366
-95.7489013671875,-1.50087354516579,0.395707310527316
-95.5581665039063,-2.03249765176277,0.803953660343834
-95.367431640625,-0.0094602891205585,1.62469470537058
-95.1766967773438,-1.45532331347183,1.55753925797866
-94.9859619140625,0.498797429922165,1.85052861133772
-94.7952270507813,-1.22862055905175,1.82320308949057
-94.6044921875,-1.23623051435567,1.38629649385498
-94.4137573242188,-0.283326899501102,1.43788022870542
-94.2230224609375,-0.2174333918005,0.515762975871798
-94.0322875976563,-0.219977280070963,1.83779912214431
-93.841552734375,-1.27640732403801,0.593645051133263
-93.6508178710938,-0.876662468724775,0.120078765109203
-93.4600830078125,-0.0833069382867703,0.216249166421978
-93.2693481445313,0.185153212894141,1.80126190660447
-93.07861328125,-1.12883636637846,0.0528014634091687
-92.8878784179688,-0.389381297252204,1.40831424924211
-92.6971435546875,-1.63440151192386,1.65993930065308
-92.5064086914063,-1.29297995866251,2.48438746383463
-92.315673828125,0.737941746455864,0.723338702756207
-92.1249389648438,0.126066384215051,1.23629887928814
-91.9342041015625,0.0148909456392565,0.423182222847944
-91.7434692382813,0.943290506590196,2.57373112778906
-91.552734375,-1.96513473015484,0.72046160658588
-91.3619995117188,-0.750812809728247,0.757521732114592
-91.1712646484375,-0.694062180654074,1.87043572251004
-90.9805297851563,-0.494262424825996,0.914207531937294
-90.789794921875,-0.454031000939788,2.32518614875939
-90.5990600585938,-0.616423445371566,1.58827745077635
-90.4083251953125,-1.22063659027168,2.0944435603442
-90.2175903320313,-0.197362635044174,0.322211157429096
-90.02685546875,0.020980881703794,0.974661442358782
-89.8361206054688,0.607942715926561,0.636737373982574
-89.6453857421875,-0.593356769429822,0.834804496032038
-89.4546508789063,-0.49401678897187,2.34795695364772
-89.263916015625,0.44238125165608,0.561417830611941
-89.0731811523438,0.076131021791039,1.77136114339827
-88.8824462890625,-0.135285811269192,1.20947931627562
-88.6917114257813,0.780330379895136,1.0243157826132
-88.5009765625,0.665655515478731,1.3597181113511
-88.3102416992188,-0.978043632432363,0.485418569086436
-88.1195068359375,-0.504585101934885,1.86524515232683
-87.9287719726563,-0.937476370580328,0.573889126265955
-87.738037109375,0.200854351693964,1.64847939388812
-87.5473022460938,-0.850380454509939,0.500990007078567
-87.3565673828125,0.0331205605628294,0.526913663108911
-87.1658325195313,-2.12529762177356,2.07862208915859
-86.97509765625,-1.00979841767219,2.47289462600942
-86.7843627929688,0.0471266019919086,-0.238457388910348
-86.5936279296875,-1.22960596684726,0.257436854877429
-86.4028930664063,-0.160144845568353,2.36258189043274
-86.212158203125,0.732255098395817,0.626976835870919
-86.0214233398438,-1.04810928438497,0.50481766634102
-85.8306884765625,-0.177101272712841,0.56791605380164
-85.6399536132813,-1.25798471722498,1.36818121993417
-85.44921875,-1.40157749804334,1.83261788733843
-85.2584838867188,-1.7020234949326,0.876077731466978
-85.0677490234375,-0.112128610111046,1.30632142719843
-84.8770141601563,-0.264629910248272,0.32877121667391
-84.686279296875,-1.01679561065881,0.534634151391408
-84.4955444335938,0.577879924191495,2.17960804287083
-84.3048095703125,0.283081034664415,1.7742447340763
-84.1140747070313,-0.997591681851755,0.701890459190504
-83.92333984375,-1.64607478430667,1.63244599825476
-83.7326049804688,0.454369821893955,1.09707620302628
-83.5418701171875,-0.630525939926159,2.35468560686199
-83.3511352539063,0.245408927549754,1.24815472019069
-83.160400390625,0.634147593605074,3.22131561427939
-82.9696655273438,0.443415708937474,0.603025384570051
-82.7789306640625,0.128719479153348,2.15747799490549
-82.5881958007813,-1.10331302922937,1.91203836238681
-82.3974609375,-0.0564077364998536,0.549002468875681
-82.2067260742188,-0.22766235257352,0.401810668736915
-82.0159912109375,-0.0535497154957069,0.926764475320801
-81.8252563476563,-2.0521727967918,-0.0324171924695119
-81.634521484375,-0.803733351405631,1.76298398926532
-81.4437866210938,-1.45269938894961,2.96477546200075
-81.2530517578125,0.873481978753697,2.88834166613219
-81.0623168945313,-0.259111511278061,1.10833720099953
-80.87158203125,0.246196071734454,1.30457385907533
-80.6808471679688,0.34053385463195,0.999205638452524
-80.4901123046875,-1.32767820754889,0.464739107708698
-80.2993774414063,-0.958642688432252,2.59504606887912
-80.108642578125,-1.31759816890486,1.09941636123718
-79.9179077148438,-0.64636725602314,0.425672940144722
-79.7271728515625,-0.366376051054392,2.28187961929583
-79.5364379882813,0.81391371672749,2.31446938941119
-79.345703125,-0.794524252574998,0.228648409708715
-79.1549682617188,-0.463480077248374,2.21784659923176
-78.9642333984375,0.707916898141743,0.840297867433933
-78.7734985351563,-0.506189778046861,1.7894000182992
-78.582763671875,0.326757485043143,1.04858458613982
-78.3920288085938,-0.297499095151021,2.55426757411255
-78.2012939453125,-0.471488716959961,2.45031787059153
-78.0105590820313,-0.475378139268275,1.38353508452098
-77.81982421875,0.327246772534334,1.52130001523579
-77.6290893554688,0.402828143500716,2.02797291657312
-77.4383544921875,0.453232018683396,1.39217853053032
-77.2476196289063,0.486117137375329,1.11706358269553
-77.056884765625,0.0778472124870777,1.19011881146772
-76.8661499023438,-1.71043972565615,0.260523176587449
-76.6754150390625,-0.28404940560406,1.24023015322873
-76.4846801757813,-2.43211198276538,2.40170294725538
-76.2939453125,-0.274248180589107,1.5771929072182
-76.1032104492188,-0.677728395714249,0.815033400060013
-75.9124755859375,-1.66299152997757,1.69155854470589
-75.7217407226563,-1.19727237062496,1.68495727096935
-75.531005859375,-0.534496936595321,1.79716308798711
-75.3402709960938,-0.845639165425381,2.34429116498809
-75.1495361328125,0.267792038516837,1.15114260478199
-74.9588012695313,-0.661172511213292,1.41101603687734
-74.76806640625,-0.289585117395281,0.821179733918793
-74.5773315429688,-0.91147254201979,0.88050425585407
-74.3865966796875,-0.745698235115483,0.606436584365035
-74.1958618164063,-0.14180090226694,2.37850980673177
-74.005126953125,-0.43025696715407,0.379054350330761
-73.8143920898438,-1.33705866268829,2.64146840475494
-73.6236572265625,0.692904238735142,3.01240300479817
-73.4329223632813,-0.0609471620092315,2.96871626369536
-73.2421875,0.412762917266266,0.989393468371822
-73.0514526367188,-0.42423469725408,3.91605964522982
-72.8607177734375,0.270803902663055,1.35861205520654
-72.6699829101563,-1.7323442096521,3.11145427767585
-72.479248046875,-0.442544086584442,1.86827286074644
-72.2885131835938,0.956064966888465,0.803586437644246
-72.0977783203125,-1.19064889284032,2.19447852543837
-71.9070434570313,-0.0169131255057045,1.31789223718455
-71.71630859375,-1.67205510304101,1.31255424663803
-71.5255737304688,-0.38499414241583,1.88958660980583
-71.3348388671875,-0.60339068421647,1.71783953020464
-71.1441040039063,-0.206555374065779,3.09977381423527
-70.953369140625,-0.413986868940749,0.31083219031221
-70.7626342773438,0.820454267436831,1.37806958837274
-70.5718994140625,0.836525304130845,2.14191724121384
-70.3811645507813,-1.84145261168331,1.85156542891223
-70.1904296875,-0.912982252631145,2.35221282344299
-69.9996948242188,-2.19332082596794,1.92538800971241
-69.8089599609375,-1.98415833169288,2.19143700549941
-69.6182250976563,-1.48761004544963,2.14812571940058
-69.427490234375,-1.42907567042127,1.29212653852806
-69.2367553710938,0.563218940575878,2.37227793440139
-69.0460205078125,-0.52130122786292,0.776281075670624
-68.8552856445313,0.401146761816939,2.53086001655484
-68.66455078125,-0.204112374807124,1.77801138849574
-68.4738159179688,-0.648248563182909,0.277821391898243
-68.2830810546875,0.167948855837363,0.13104372333769
-68.0923461914063,-0.607043677203365,2.28167883059153
-67.901611328125,0.342402841907486,1.91584693631384
-67.7108764648438,-1.72130356968026,1.29055119629715
-67.5201416015625,-0.639815660416243,0.908936236937109
-67.3294067382813,-0.204028377312424,1.46608810503949
-67.138671875,-1.42764719407698,2.63737541510608
-66.9479370117188,-0.818374366100021,2.18327146052756
-66.7572021484375,-0.629215282583702,-0.633488330902426
-66.5664672851563,0.158787808083151,2.20287983905674
-66.375732421875,0.684695352828002,2.62692209225773
-66.1849975585938,-0.890224841509361,1.58355476255589
-65.9942626953125,-0.137735986059556,2.02722346796679
-65.8035278320313,0.98898084436806,2.63766243470405
-65.61279296875,-1.52445740623941,0.765767921900259
-65.4220581054688,-0.14399451376367,2.44232009749766
-65.2313232421875,0.00932945183182567,1.17689947888899
-65.0405883789063,1.0031992659904,2.83243299683145
-64.849853515625,-0.481499925840281,1.69849318930352
-64.6591186523438,-0.870841762510256,1.58347612046274
-64.4683837890625,1.2835012754513,2.85414205766486
-64.2776489257813,-1.12996400217612,2.25395006952726
-64.0869140625,-0.140269954023497,1.5318140062248
-63.8961791992188,0.32542870723446,2.01051942929214
-63.7054443359375,-0.8752621376861,1.7717967103277
-63.5147094726563,0.103664723283621,2.4834455812418
-63.323974609375,-0.0427826865815121,2.51599582901668
-63.1332397460938,1.19348895976157,2.38949412151056
-62.9425048828125,-0.524863952594054,2.31426021509111
-62.7517700195313,0.331873891418876,1.05238734428094
-62.56103515625,0.237431340414991,2.67989375238574
-62.3703002929688,1.55374135115289,0.266940467578562
-62.1795654296875,-0.0868783669073124,0.951384435735263
-61.9888305664063,-0.330374956875924,1.7943875872487
-61.798095703125,-0.0572725557979988,2.71649095890939
-61.6073608398438,-1.02262518390074,2.47198425854572
-61.4166259765625,0.206411280297277,1.30776005589883
-61.2258911132813,-1.09635515196018,2.42809692061677
-61.03515625,0.0494867787638363,0.850111889548574
-60.8444213867188,-1.78462936698857,2.66748671391492
-60.6536865234375,-1.31584212855545,2.15295571071529
-60.4629516601563,0.428871128325599,0.771338227060849
-60.272216796875,-0.585145109885062,1.41756100156307
-60.0814819335938,0.189778901610755,3.45082864263196
-59.8907470703125,0.721813434803434,1.86970900562368
-59.7000122070313,-1.59989433757453,2.93694770816163
-59.50927734375,-1.11179770224409,1.60935051263576
-59.3185424804688,0.1421382179378,1.80197896894902
-59.1278076171875,-0.574933544515085,3.04954229026886
-58.9370727539063,-0.522004772187747,2.05677199861232
-58.746337890625,-1.76980130232399,3.37235183761286
-58.5556030273438,-0.132626680874411,3.4603662819811
-58.3648681640625,-0.783916128801085,1.87388355427062
-58.1741333007813,0.645185861542504,1.28518000635861
-57.9833984375,-0.104474589674148,2.8030795271951
-57.7926635742188,-0.902420448103991,1.93753049516096
-57.6019287109375,0.940401777293418,2.61622643879983
-57.4111938476563,-0.0691502974529276,2.4652122494309
-57.220458984375,-0.340146402207394,3.16763879476488
-57.0297241210938,0.281576362326751,2.19117338845426
-56.8389892578125,-1.486794702756,3.85977057867256
-56.6482543945313,0.632269886973303,1.52029548339974
-56.45751953125,-0.758386969434876,1.87428463583244
-56.2667846679688,-0.316012097826053,2.91112037324465
-56.0760498046875,-0.293232534495352,2.1435083040152
-55.8853149414063,-0.590391699921892,2.59377493242243
-55.694580078125,0.877507859189871,3.56034577158829
-55.5038452148438,-0.0330981634929106,0.873289512064302
-55.3131103515625,-0.719443849360998,2.8056839784752
-55.1223754882813,-0.145429636101106,1.8569314307752
-54.931640625,0.65832730330585,2.02447644491046
-54.7409057617188,-0.911798533170873,2.00034605023098
-54.5501708984375,-0.600781772847484,2.94849203904103
-54.3594360351563,0.571565854057417,3.41297771931488
-54.168701171875,-2.05231952225884,1.54278069995051
-53.9779663085938,-1.08731853240046,1.99907862327189
-53.7872314453125,0.746862446331879,1.68125691784756
-53.5964965820313,-0.682070963884316,2.25914843658726
-53.40576171875,0.561127284755666,2.39296825434066
-53.2150268554688,0.151443666032268,1.47501851988582
-53.0242919921875,-0.303292158702042,3.00667178578071
-52.8335571289063,0.440455699325215,1.76959832507033
-52.642822265625,-0.798603134401108,2.64706207775443
-52.4520874023438,-0.98927767211222,1.64010862893239
-52.2613525390625,-0.459234331206131,3.08875077712529
-52.0706176757813,0.09039467773718,-0.85696650064848
-51.8798828125,-1.05225358363278,1.68882808310677
-51.6891479492188,-1.004433534098,2.81486024194118
-51.4984130859375,0.882610469028309,1.70718841654546
-51.3076782226563,0.0670069684434379,1.56349609551761
-51.116943359375,1.08530619190368,2.40079284305557
-50.9262084960938,-1.23308779477219,2.12407197060725
-50.7354736328125,-0.0569015958037244,3.00468096748271
-50.5447387695313,-1.05589405013585,1.55662711838825
-50.35400390625,1.00160967009095,3.57299099639436
-50.1632690429688,-1.28294509951809,1.66725852629857
-49.9725341796875,0.808253256111383,2.65816457381288
-49.7817993164063,0.34713019217817,2.78407313770918
-49.591064453125,-0.644791478381397,2.16875243136428
-49.4003295898438,-0.435905755836223,2.87813330564238
-49.2095947265625,-1.10123541213064,1.99668360189416
-49.0188598632813,-0.702823810087638,2.32149589283697
-48.828125,-0.333016496311546,1.92287523277375
-48.6373901367188,0.535550500505546,1.56704981403643
-48.4466552734375,-1.08908904000778,3.30481828967075
-48.2559204101563,0.0962479384742901,1.86297911057084
-48.065185546875,-0.268934340706923,2.32650185055625
-47.8744506835938,-0.73378915600764,1.43816873070968
-47.6837158203125,0.88523956214732,2.60758897957227
-47.4929809570313,-0.3976285205855,2.55965418366924
-47.30224609375,-0.473259182715955,1.18795088888496
-47.1115112304688,-0.295728537040022,3.34811174167802
-46.9207763671875,-0.683979535458383,4.02932491885999
-46.7300415039063,-0.159615894982328,3.86052698882813
-46.539306640625,0.449580103570994,3.2542503895974
-46.3485717773438,-0.555684664592647,3.10714881156843
-46.1578369140625,0.034980984931916,1.56284690684126
-45.9671020507813,0.0546888827636412,2.85413097373033
-45.7763671875,-1.08047635589286,2.36115118576016
-45.5856323242188,-0.191825194515079,3.62074615592167
-45.3948974609375,-0.601834245634173,3.31510773875294
-45.2041625976563,-0.747912688395276,2.85165673477821
-45.013427734375,-0.489657334499074,2.68785589530693
-44.8226928710938,0.144405550980783,4.14697484440738
-44.6319580078125,1.14083966899913,2.34796789383659
-44.4412231445313,-0.134170462447726,1.63951582031169
-44.25048828125,0.690045451844817,1.20323917190692
-44.0597534179688,0.599582329863159,3.00586220157575
-43.8690185546875,-0.904636389324128,2.50148116723652
-43.6782836914063,-0.352624529100389,2.53075806982011
-43.487548828125,-0.686498827713711,3.45227261750275
-43.2968139648438,0.00030837065269676,2.19443078835957
-43.1060791015625,0.820476822501624,2.47674079397546
-42.9153442382813,1.07152228068505,2.63954239676097
-42.724609375,1.25478060858647,2.63650256447645
-42.5338745117188,-0.241866125828033,2.94678870217032
-42.3431396484375,-0.892214157222196,2.81220747842272
-42.1524047851563,-0.731846343802711,2.69250674321291
-41.961669921875,0.325990716076833,3.60970213537983
-41.7709350585938,0.261343892479854,2.37098749917388
-41.5802001953125,0.000747841854567222,3.36574832512147
-41.3894653320313,-0.986527729654776,1.55537052874715
-41.19873046875,-0.0359954572198271,3.8749656797684
-41.0079956054688,0.0207837533526369,2.05775494020498
-40.8172607421875,0.558764892295588,3.38718614256613
-40.6265258789063,0.668714948711628,4.47137000904938
-40.435791015625,-1.26210741288578,3.19563716316933
-40.2450561523438,-0.2119319378594,1.13434116870652
-40.0543212890625,-1.06390579239859,2.7353693274962
-39.8635864257813,0.415943640231576,2.99376725350373
-39.6728515625,-0.13896156740658,3.52422371198094
-39.4821166992188,-0.1841841503517,3.13533082314143
-39.2913818359375,0.745652895612388,2.07797385703525
-39.1006469726563,-0.140185858534696,1.99901562690718
-38.909912109375,-0.705835163851839,2.72788123990088
-38.7191772460938,-0.511295584632562,3.22670532829595
-38.5284423828125,0.595999666778702,2.96809729582569
-38.3377075195313,0.1316457149085,3.20012147493666
-38.14697265625,0.634285959732108,3.68382527240396
-37.9562377929688,0.120906539674435,3.02882870529622
-37.7655029296875,0.963073314845593,1.57554020047846
-37.5747680664063,-0.609296807671199,3.95233227523332
-37.384033203125,-1.3064459045625,3.31118093953913
-37.1932983398438,1.2577308111278,2.62409952568308
-37.0025634765625,0.0766428866199291,3.80421660942697
-36.8118286132813,-0.891101134394291,3.51986449267376
-36.62109375,-1.19153791478909,3.46766022724057
-36.4303588867188,-0.297269738917727,2.88147894945204
-36.2396240234375,-1.50491087639803,2.75353421459765
-36.0488891601563,0.0240738874044954,4.03215570407692
-35.858154296875,0.54805306412545,3.3191143002021
-35.6674194335938,-0.253371234537991,2.57302181711091
-35.4766845703125,1.37037146661894,3.92680582472285
-35.2859497070313,-0.887015928002082,4.02787210012364
-35.09521484375,-0.907330814406404,2.76501686717036
-34.9044799804688,-0.181124305040805,3.06607949576548
-34.7137451171875,0.282950582979173,3.75576406229513
-34.5230102539063,-0.0177080836073032,3.09874439885823
-34.332275390625,-0.529697006765607,3.80539205015437
-34.1415405273438,0.214964807112615,3.39151445701795
-33.9508056640625,0.705113400491634,3.04603379222975
-33.7600708007813,-0.265744454664997,4.47702698366851
-33.5693359375,-0.121300678475381,4.42895043963444
-33.3786010742188,0.494099696666621,3.68908279737286
-33.1878662109375,-1.13717895495081,2.361746130522
-32.9971313476563,-0.00636047365285675,3.91148273905689
-32.806396484375,-1.65600483691974,3.69989186554248
-32.6156616210938,-1.29263666032265,3.4743316362437
-32.4249267578125,0.589781987152474,2.93369594441009
-32.2341918945313,0.33528911504146,3.27780173703686
-32.04345703125,-0.123079969271162,3.86915732042345
-31.8527221679688,-0.463995193724448,2.94304112349698
-31.6619873046875,-0.335983028971024,3.51254625165992
-31.4712524414063,0.199616718873563,4.18884350507114
-31.280517578125,-0.476434783730628,3.79205133496058
-31.0897827148438,-0.840869251035471,4.71831585547472
-30.8990478515625,0.096389976050071,4.93251757917677
-30.7083129882813,0.301987444736253,3.45680850885117
-30.517578125,0.174317763158909,2.86980848585719
-30.3268432617188,-0.630200146690852,2.66869237827659
-30.1361083984375,0.581334683417101,3.54535218284563
-29.9453735351563,0.569971539961791,4.22188823908508
-29.754638671875,-1.1625505949947,3.59948005746904
-29.5639038085938,0.316101945873206,3.76805422057657
-29.3731689453125,-0.744748485419592,2.82321387913598
-29.1824340820313,-0.263465808737877,4.50772416516048
-28.99169921875,0.0358879816492779,5.27674227084927
-28.8009643554688,-0.495465172767421,3.55349294541495
-28.6102294921875,-0.284311674512386,3.37074270745405
-28.4194946289063,-0.431979454360882,4.11318839787922
-28.228759765625,-0.0764807079658754,4.71574749010756
-28.0380249023438,0.305149264770551,2.91542701307563
-27.8472900390625,-0.581384642243984,4.01969343103846
-27.6565551757813,1.3221879441678,4.26232479931102
-27.4658203125,-0.101236522030136,4.92737952764767
-27.2750854492188,0.570173789024464,3.48902667409933
-27.0843505859375,-0.320784739880062,4.52822439876402
-26.8936157226563,0.365248596610396,3.98022391948161
-26.702880859375,0.272772035405264,4.16460830993955
-26.5121459960938,1.81352957959078,4.89867886709118
-26.3214111328125,-0.380421593159373,4.27829409927076
-26.1306762695313,0.792317398195452,4.4468062366344
-25.93994140625,0.902744913027851,4.27506550490894
-25.7492065429688,-0.864921954047764,5.05572076112549
-25.5584716796875,0.384225008972835,4.26040794770975
-25.3677368164063,1.61685770516808,4.55436478999226
-25.177001953125,0.349645158718809,4.89420249524398
-24.9862670898438,-0.749475577711841,5.03011918197532
-24.7955322265625,1.16925580488617,4.77985387022794
-24.6047973632813,-1.16137536281646,6.4061562573225
-24.4140625,-0.288973269814155,5.29355814487276
-24.2233276367188,1.36750797731555,4.44651124999143
-24.0325927734375,-0.63495432568377,4.71167739784842
-23.8418579101563,-0.141953204114569,7.07244142310567
-23.651123046875,0.0417400176590809,5.79869970351599
-23.4603881835938,-0.333475792490262,5.01897568278605
-23.2696533203125,-0.3627881361692,6.32962630466346
-23.0789184570313,1.46469103941574,4.06858216304517
-22.88818359375,1.95229980224447,5.16782200828497
-22.6974487304688,-1.62610287883515,5.10115746230115
-22.5067138671875,1.11272798208971,5.84871325084109
-22.3159790039063,0.379502234695332,7.67045577204243
-22.125244140625,-0.149480318543907,7.41883299298525
-21.9345092773438,-2.39586291951233,6.88733917447996
-21.7437744140625,0.417151803400727,5.97176666061143
-21.5530395507813,1.12094455005381,7.2052243027877
-21.3623046875,1.36114384196272,7.35031923913961
-21.1715698242188,0.3363165165613,8.10306064487762
-20.9808349609375,1.12559898983791,7.64938894841028
-20.7901000976563,2.61705752957376,6.43901399085017
-20.599365234375,0.693602981901698,7.13195667061783
-20.4086303710938,1.38310908429162,6.85558981454301
-20.2178955078125,0.936477444689889,6.69239683410741
-20.0271606445313,2.25189282238013,7.15101777977268
-19.83642578125,2.37268793552331,7.42126431799327
-19.6456909179688,1.95908566913609,6.67432799648881
-19.4549560546875,2.46470290497584,7.12382119897646
-19.2642211914063,0.877940567506004,6.17037122261012
-19.073486328125,1.33807945508046,8.996464395828
-18.8827514648438,3.66531517960968,7.62980795422668
-18.6920166015625,1.75387970904491,6.60782975728959
-18.5012817382813,1.45245540139959,8.21822371371364
-18.310546875,3.14000847995064,7.49729029271251
-18.1198120117188,2.99457750899419,7.21267289273299
-17.9290771484375,2.73568338462904,8.03641947000725
-17.7383422851563,3.29819618586414,7.45061216592413
-17.547607421875,3.95935192276883,8.26123358124925
-17.3568725585938,3.51212751734248,7.63570218107737
-17.1661376953125,4.30056448535431,5.94536447480141
-16.9754028320313,3.73795907912432,7.95906893354587
-16.78466796875,3.65083210034012,5.8934245182355
-16.5939331054688,4.56055035791971,7.34675455159173
-16.4031982421875,3.61752705847226,6.53691012236643
-16.2124633789063,5.61669184863189,6.39706022743681
-16.021728515625,4.40614490502805,7.20838305364086
-15.8309936523438,5.13547857558796,8.36747033028059
-15.6402587890625,5.19913028890404,7.80851885586535
-15.4495239257813,4.78232254588752,6.31210399672695
-15.2587890625,5.39160123535904,6.37099179321167
-15.0680541992188,3.92508490588449,6.96416635391145
-14.8773193359375,6.73340269246136,7.782041528975
-14.6865844726563,5.23757869722652,8.17211955580527
-14.495849609375,5.43942297189901,6.23283370351181
-14.3051147460938,5.15195466683345,5.89712417256328
-14.1143798828125,4.22017202013177,6.11559119657864
-13.9236450195313,4.8784353946681,6.82815232018525
-13.73291015625,5.80158543644034,5.33002877320326
-13.5421752929688,5.83611849868551,5.56031826234319
-13.3514404296875,4.52163946305474,6.77623979825727
-13.1607055664063,5.09354228592276,5.75358955434949
-12.969970703125,5.25043100096028,5.15956672392637
-12.7792358398438,5.0021029739619,5.96321912282365
-12.5885009765625,7.05651558827107,5.75056415377837
-12.3977661132813,5.35236048644076,5.71558628317719
-12.20703125,8.02756451365959,5.54640343276275
-12.0162963867188,5.12277287275844,7.06527868499183
-11.8255615234375,7.02388718626494,6.29529359829347
-11.6348266601563,3.86965305039195,5.95350126311614
-11.444091796875,5.05577710575603,5.84782338071488
-11.2533569335938,7.51023461875078,5.94019546736968
-11.0626220703125,6.69019827657581,5.96803517124906
-10.8718872070313,7.07965517367512,7.00338087879328
-10.68115234375,6.53685483407386,6.11481920780429
-10.4904174804688,6.35370264941259,6.4879828671636
-10.2996826171875,7.94780456056529,6.15659663989126
-10.1089477539063,7.73749509011489,4.75449092084352
-9.918212890625,8.45675761997632,7.02286154666205
-9.72747802734375,8.46538322985111,6.85140597790613
-9.5367431640625,8.21922812884061,6.75511283797845
-9.34600830078125,8.64047507618738,6.24430363066651
-9.1552734375,7.40129552699653,5.30159608681209
-8.96453857421875,9.06736552462854,6.63287506703084
-8.7738037109375,10.2246872747276,7.89546819639447
-8.58306884765625,8.56491989318451,6.16976570938931
-8.392333984375,8.52747271809439,4.52354553235038
-8.20159912109375,10.3027227701524,4.39683616380007
-8.0108642578125,10.0076234972567,3.98586446144613
-7.82012939453125,10.1270336972826,3.14532524616056
-7.62939453125,9.47974409245617,4.927897839289
-7.43865966796875,10.4735327321468,5.18465108344015
-7.2479248046875,10.4971962940146,4.34924885276079
-7.05718994140625,12.3197825669735,3.7133674451353
-6.866455078125,10.3988894292475,1.76159191997382
-6.67572021484375,12.946115294034,0.816715453049043
-6.4849853515625,11.3646769504542,2.26013481150623
-6.29425048828125,9.01234994459306,0.251296666605414
-6.103515625,9.76344576683409,0.448060916559523
-5.91278076171875,10.6923299916018,1.90538908364767
-5.7220458984375,9.88020999082265,0.516744680066255
-5.53131103515625,10.9324762921976,0.850409432750116
-5.340576171875,10.7801858412597,0.350023533909124
-5.14984130859375,10.155143084869,0.969339033183406
-4.9591064453125,8.69658490838888,0.790301606768023
-4.76837158203125,9.9463227540414,-0.956366394982963
-4.57763671875,7.92942505369556,0.216078612391999
-4.38690185546875,7.24215226927175,0.86307695185606
-4.1961669921875,8.74444241771798,-0.504075238461702
-4.00543212890625,8.67581791854063,-0.319973982500386
-3.814697265625,9.16188589063973,-0.900850233191042
-3.62396240234375,6.55463507884869,-0.112000214134637
-3.4332275390625,6.53666043990014,-2.97711877688818
-3.24249267578125,8.09790882339621,-0.00215073212471256
-3.0517578125,6.84288584294302,0.354770502018128
-2.86102294921875,7.63727758008312,-0.222780944782464
-2.6702880859375,8.03446092710102,-1.66575542799437
-2.47955322265625,7.76601481386233,0.195340175056192
-2.288818359375,6.37509959538681,0.825736474908945
-2.09808349609375,8.27677885233132,-0.434792318550114
-1.9073486328125,7.4248579796479,-1.29860859280508
-1.71661376953125,9.08037435477222,-0.74486995233718
-1.52587890625,7.82577936477555,-1.06951728456943
-1.33514404296875,8.23070493458562,1.13718332122794
-1.1444091796875,7.70603085627279,-0.234629857574476
-0.95367431640625,8.08412688041133,-0.337011330541048
-0.762939453125,8.52553469376709,-1.16044553850306
-0.57220458984375,8.56660152609905,1.15539218102338
-0.3814697265625,9.31017103947856,-1.53557811671966
-0.19073486328125,8.34389777801233,1.72399383017368
0,9.99824251775711,-0.6811263633402
0.19073486328125,8.65513156645969,-1.46058989207421
0.3814697265625,9.09007869230413,-1.2856440706221
0.57220458984375,8.63448564105232,-1.82760253272266
0.762939453125,8.26059512915944,-2.91526736608819
0.95367431640625,9.54704847079059,-1.27352777809334
1.1444091796875,9.35600885507242,-1.63580904633925
1.33514404296875,9.58196007524151,-2.32672264123303
1.52587890625,7.64395937865216,-3.41176093398775
1.71661376953125,8.88727046665714,-3.23549887325628
1.9073486328125,8.37661789343388,-3.00871561394862
2.09808349609375,8.11810575805827,-3.29302436928638
2.288818359375,7.97029072743594,-3.7633309978806
2.47955322265625,8.52482803340736,-4.11753328136213
2.6702880859375,7.63141817643882,-4.4379716773949
2.86102294921875,5.6163214273799,-5.06190599161969
3.0517578125,6.74006066535699,-3.1477240968623
3.24249267578125,7.82149787434867,-5.09980753670943
3.4332275390625,5.6245718124302,-4.74682021696859
3.62396240234375,6.7267453840939,-3.64355834314868
3.814697265625,7.08747639122784,-5.00011077690391
4.00543212890625,6.30735882764536,-4.91681256389331
4.1961669921875,4.75913741174163,-4.79488887612683
4.38690185546875,5.12731556014986,-4.98175790349281
4.57763671875,5.56887837341951,-5.3343608183926
4.76837158203125,4.70209086437047,-5.97618110877021
4.9591064453125,5.7156966097707,-6.48739236526349
5.14984130859375,3.36465988392724,-6.69398985835727
5.340576171875,4.72956324695021,-5.55621800032245
5.53131103515625,4.92898000894672,-5.44565712426634
5.7220458984375,5.33499719616565,-4.54467445999525
5.91278076171875,4.07735372395034,-5.31330511843238
6.103515625,2.92238939551552,-5.3218791983957
6.29425048828125,3.82755494964005,-4.92869736030814
6.4849853515625,2.50484812911101,-2.70816245672631
6.67572021484375,3.50031262764361,-3.29451759445042
6.866455078125,3.13090033313613,-4.92579170682482
7.05718994140625,2.38981457308668,-4.94419520431149
7.2479248046875,1.56841208575514,-3.53774228370513
7.43865966796875,2.54802253934245,-4.15865095512255
7.62939453125,1.57566442302327,-2.68281090418804
7.82012939453125,0.606747181103129,-3.20644140321615
8.0108642578125,1.20143772502468,-3.92989855348871
8.20159912109375,1.16227481313874,-2.36961197132001
8.392333984375,1.47644376691853,-4.58180863145796
8.58306884765625,1.69760613094547,-2.8793885176224
8.7738037109375,1.37009364121724,-2.10454808149207
8.96453857421875,0.507962514843297,-3.78941022849839
9.1552734375,2.10907562853052,-1.94464649832956
9.34600830078125,1.25249581377875,-2.08127082576763
9.5367431640625,0.95506769911556,-3.11963444774176
9.72747802734375,1.92137932874266,-0.643016924060197
9.918212890625,1.12120803897093,-1.06938647592073
10.1089477539063,0.205093594594196,-0.921539764701701
10.2996826171875,0.424020977168548,-0.219829284092227
10.4904174804688,0.989916250926371,-0.778963594062631
10.68115234375,2.48440053458144,-0.576099852071779
10.8718872070313,2.4690747156558,-1.42392967607236
11.0626220703125,2.31348210380218,-0.140059165999914
11.2533569335938,1.93190066300222,-1.06149740625292
11.444091796875,2.05859032038105,0.819157943312692
11.6348266601563,3.10246623241102,0.315464589645652
11.8255615234375,1.59852761920906,-0.454423125537418
12.0162963867188,3.89328345588854,-0.0277962769645931
12.20703125,3.27345733660318,0.973513740081335
12.3977661132813,4.22576122827162,1.81901970205786
12.5885009765625,4.02456423681598,-0.0793037554371913
12.7792358398438,3.87150195087622,0.0517117927766015
12.969970703125,3.05685757340413,-1.3314344492135
13.1607055664063,2.99711459350772,-0.964271654664303
13.3514404296875,4.3601957823169,-0.386077478699537
13.5421752929688,4.26560073793423,-1.11318655630845
13.73291015625,6.25238397322753,-0.447352380822843
13.9236450195313,4.6626742284909,-1.93092105865478
14.1143798828125,3.20310282730617,0.228464857064428
14.3051147460938,4.99088996133172,-1.19813694430565
14.495849609375,5.35311060194532,-0.634719245482336
14.6865844726563,7.71759413952489,-0.548178458213862
14.8773193359375,5.57961858608818,-1.56456844210528
15.0680541992188,5.77045422239357,-2.08323693989954
15.2587890625,4.97373700219174,-3.40457469297923
15.4495239257813,7.1278117809523,-2.82248048776429
15.6402587890625,6.00904170499034,-2.82659495114544
15.8309936523438,5.48540012319705,-1.9302889128247
16.021728515625,4.57528818188123,-2.94890582945231
16.2124633789063,5.88276057469086,-2.57955089933366
16.4031982421875,5.69113726366443,-3.59963329718423
16.5939331054688,4.51812988256645,-3.25097177721723
16.78466796875,4.31719842002184,-3.69553907056626
16.9754028320313,4.55535385143319,-4.47759638949387
17.1661376953125,6.05634438290327,-3.95303266078363
17.3568725585938,4.99544716227299,-5.08966504278044
17.547607421875,4.89164293690091,-4.65173854236637
17.7383422851563,2.22846597744835,-4.33482387402551
17.9290771484375,4.66138452078078,-4.63309706513114
18.1198120117188,4.34740763214496,-4.73139585279455
18.310546875,4.55204671284033,-4.17694052490666
18.5012817382813,3.4689534230775,-6.13660369747855
18.6920166015625,2.86802929000005,-5.02262576097563
18.8827514648438,3.6290563948876,-4.9765291371433
19.073486328125,3.28050409102849,-3.90262599049598
19.2642211914063,2.54074404081489,-6.07459861717693
19.4549560546875,3.59509856504076,-5.82706835587035
19.6456909179688,1.65103662153951,-4.92669360520012
19.83642578125,2.89268420469485,-4.20355802407271
20.0271606445313,1.44317647156889,-6.2283948895685
20.2178955078125,0.484519056670893,-5.58785749918169
20.4086303710938,1.42506425421669,-4.26357827428072
20.599365234375,0.973027157475475,-3.50610883078164
20.7901000976563,0.94639346231311,-3.95348381130309
20.9808349609375,1.36088673524032,-4.64615492651494
21.1715698242188,1.37335760749487,-3.3343207731324
21.3623046875,0.514869354453224,-3.07643345888714
21.5530395507813,1.73825807614411,-4.09241252012088
21.7437744140625,-1.11024821162053,-3.1427581040229
21.9345092773438,-0.16967610779972,-3.23227174926742
22.125244140625,-0.788084301085354,-4.40806453645449
22.3159790039063,1.24915062613992,-2.50190677783267
22.5067138671875,0.233184228870024,-3.81872518496042
22.6974487304688,-0.136971160417425,-3.64272187617801
22.88818359375,0.68680301646313,-3.11167450317904
23.0789184570313,-0.44200075764045,-2.38480701877462
23.2696533203125,0.183266414324715,-3.72764301167564
23.4603881835938,0.426193962853153,-1.32302339581732
23.651123046875,1.69737845243526,-1.87643154305589
23.8418579101563,0.739799757316505,-3.05669112164223
24.0325927734375,0.481463816418413,-2.62301000197474
24.2233276367188,-0.291001669076428,-2.48242050470681
24.4140625,-0.862485612158748,-1.18716129126951
24.6047973632813,0.533269494304439,-1.94685611046638
24.7955322265625,-0.101655595669033,-3.78774076420839
24.9862670898438,-0.0103756254624963,-2.8612954427738
25.177001953125,0.438441294240646,-2.46195685048923
25.3677368164063,-0.834974337642796,-2.96803426712916
25.5584716796875,2.10120366856286,-2.05861735227654
25.7492065429688,-0.160248238185849,-2.19677790439555
25.93994140625,-0.677893674604508,-1.41978947852277
26.1306762695313,-1.41979461627183,-2.32978942385017
26.3214111328125,0.527593743205644,-1.38868461225953
26.5121459960938,-1.24995661611573,-1.5408856831864
26.702880859375,0.401618415271854,-1.04831743540322
26.8936157226563,0.0204619052966423,-1.64728339046189
27.0843505859375,0.63790778467142,-0.198213591944093
27.2750854492188,0.585845350948649,-0.221280140095238
27.4658203125,2.29423191627704,-1.72409794146662
27.6565551757813,-0.378099105026679,-0.0980730972275786
27.8472900390625,-1.96390938249058,-0.690804792832066
28.0380249023438,0.458187973820875,-1.26907701456673
28.228759765625,1.60564826261011,-1.50763037652216
28.4194946289063,1.068500564244,-0.718385417624022
28.6102294921875,-0.803526204344212,0.0233882634843382
28.8009643554688,1.79332584841567,-1.58941536283435
28.99169921875,1.52191317914482,0.227321695114193
29.1824340820313,1.014852476483,-0.123016899637799
29.3731689453125,0.707287518097062,-1.41637017738131
29.5639038085938,0.863424236887521,-1.42755728805597
29.754638671875,1.4818924694476,-1.85335370968199
29.9453735351563,2.31108486355554,-0.827810212411495
30.1361083984375,1.03562349384392,0.134607202767927
30.3268432617188,1.85400451571485,-1.13755537235479
30.517578125,2.47698910020637,-0.378896595950848
30.7083129882813,0.950783721239025,0.0483189541034833
30.8990478515625,2.39674598300415,-1.17142962996329
31.0897827148438,1.5936128690269,-1.80092497666345
31.280517578125,2.59447790488876,-0.808199231585431
31.4712524414063,1.43326331102486,-0.206587557510343
31.6619873046875,1.8488290777148,-0.372900063362219
31.8527221679688,3.78898315622747,-1.16601828128678
32.04345703125,1.74256721325807,-1.62469641306055
32.2341918945313,3.22423467996982,-2.42494113243431
32.4249267578125,1.54202285569355,-1.16698096197722
32.6156616210938,3.9613002009336,-2.65258069978488
32.806396484375,2.8518130646672,-2.83123707054317
32.9971313476563,2.81021577791188,-2.83222159821953
33.1878662109375,0.74800755070667,-1.2551690115735
33.3786010742188,3.43362130329912,-2.63096780381249
33.5693359375,1.65369979051203,-1.67287200724681
33.7600708007813,2.26186850017173,-2.08341998705177
33.9508056640625,2.10104101356378,-2.72298407036311
34.1415405273438,2.00632565779739,-2.20499478734262
34.332275390625,2.35505207146078,-2.41356353963675
34.5230102539063,2.51667416537145,-3.07828569940308
34.7137451171875,0.781761420170573,-3.29487291286454
34.9044799804688,2.09591186392656,-3.06404283360887
35.09521484375,2.20745756787529,-3.54516523993601
35.2859497070313,2.53335517294144,-2.96567903567018
35.4766845703125,0.449282685350574,-3.62866564036826
35.6674194335938,2.25451897821392,-2.94136403393667
35.858154296875,1.15942736737372,-3.68514894730415
36.0488891601563,0.066967496731429,-3.36710777526196
36.2396240234375,1.12686736994351,-4.41722195532034
36.4303588867188,1.53270543645728,-4.32316986945699
36.62109375,1.82778559916381,-3.85384083382168
36.8118286132813,1.6025248677771,-3.0680486311471
37.0025634765625,-0.564808436251685,-2.72236001138833
37.1932983398438,0.367370434459782,-0.739710667957866
37.384033203125,1.39673579666885,-4.5136740631175
37.5747680664063,1.37321571043683,-3.27029019630432
37.7655029296875,-0.437732487646197,-3.96997148373354
37.9562377929688,1.32194836875213,-2.82128458302695
38.14697265625,-0.193466222646306,-2.74860363137331
38.3377075195313,0.640442156483022,-4.20724435506339
38.5284423828125,-0.138358993488617,-2.68729595019075
38.7191772460938,-0.873887592169521,-2.09545814655868
38.909912109375,0.623951556437783,-2.46395463601464
39.1006469726563,0.618991549362941,-3.06495286453262
39.2913818359375,0.344347924677035,-2.05954554672237
39.4821166992188,0.114202124884591,-2.9644617140406
39.6728515625,-0.880008107708163,-3.54021893045169
39.8635864257813,-1.37714483400253,-0.411899647520737
40.0543212890625,-0.571410020298514,-1.89962314826463
40.2450561523438,-0.664464107307949,-3.72452453046577
40.435791015625,-0.415304373872039,-1.86339360925255
40.6265258789063,-1.10169358672415,-3.09906648422859
40.8172607421875,0.506986899784549,-1.36124656591701
41.0079956054688,-0.176454565769194,-1.71842314176285
41.19873046875,0.193506888965881,-1.2455819472759
41.3894653320313,-0.972677062870678,-2.76360655518827
41.5802001953125,-0.146051279346767,-1.39464242097679
41.7709350585938,-1.81937207981942,-1.21222834350492
41.961669921875,-1.28181628577417,-0.916994143566585
42.1524047851563,-1.07864749953542,-2.45276614628456
42.3431396484375,-0.57332364781524,-0.570551271108834
42.5338745117188,0.137277033569713,-2.0356700363326
42.724609375,-0.111579078608348,-0.639677883371866
42.9153442382813,-0.142158830668716,-3.8669162142005
43.1060791015625,-0.746492507069261,-1.42352766885101
43.2968139648438,0.282359601492825,-0.518444959824556
43.487548828125,0.0632535973873756,-1.78390677068813
43.6782836914063,-1.24237026876499,-0.0761376816298192
43.8690185546875,-1.33700179107828,-1.01360218273582
44.0597534179688,-0.452807615417975,-0.536042463401959
44.25048828125,-0.108889884978511,-0.81630251241818
44.4412231445313,-0.838149080139402,-2.18303516587784
44.6319580078125,-1.05156925150421,-0.549274783092421
44.8226928710938,0.0569922836418112,-2.09613484160313
45.013427734375,-1.17913496033498,-3.38684034277753
45.2041625976563,-1.33154717262918,-2.10739671286128
45.3948974609375,-0.752802585577552,-1.63036024966139
45.5856323242188,-1.03209039442603,-0.524257316723798
45.7763671875,-1.92729212897987,-2.06445007421672
45.9671020507813,-1.22263062758985,-1.48326014607165
46.1578369140625,0.0789126335720682,-0.63854654284909
46.3485717773438,-1.8912497841652,-2.54868773720134
46.539306640625,-0.208673257439908,-3.15568442669891
46.7300415039063,-0.0344737741015694,-1.94027176079634
46.9207763671875,-1.21685243690582,-1.35846329779766
47.1115112304688,-0.15279731180926,-1.41727941649006
47.30224609375,0.0240952892396564,-1.63251133361385
47.4929809570313,-0.794852874505193,-0.0408224495768763
47.6837158203125,-0.170063203190896,-2.31433045078397
47.8744506835938,0.0923568960457151,-0.789516346707251
48.065185546875,0.452721671597788,-1.1053577113155
48.2559204101563,-0.290718130045717,0.299136741243619
48.4466552734375,-0.687070379610648,-1.26172146894853
48.6373901367188,-1.08135844844893,-1.84713641616304
48.828125,-0.53380739089267,-0.36925225632723
49.0188598632813,0.0376113912925124,-1.24912060451352
49.2095947265625,0.67681820661527,-0.861437224613464
49.4003295898438,-1.21879925334964,-2.03158910364625
49.591064453125,1.65048161127563,0.192950168459935
49.7817993164063,-0.510196071743687,-0.464082788417725
49.9725341796875,-0.866277562004297,-1.36585063097092
50.1632690429688,-1.83299115908354,-0.881077872571082
50.35400390625,-0.156909179934915,-1.24961200638341
50.5447387695313,-1.12240563926222,-1.02407810376396
50.7354736328125,-0.165304790295684,-0.188461549590179
50.9262084960938,0.633581581826316,-1.90946245084145
51.116943359375,-0.450051278668247,-0.351518764514082
51.3076782226563,-2.19613965402667,-0.640428889614566
51.4984130859375,1.82395236512363,-2.16594681862409
51.6891479492188,-1.08445517765287,-2.46215780439256
51.8798828125,-1.02091025877376,-0.537782433879243
52.0706176757813,-0.888297070915667,-1.52936345611718
52.2613525390625,-0.145130775346369,-0.12214907412607
52.4520874023438,-1.52274113687547,0.741129076807439
52.642822265625,0.31189824919827,-1.61684373431605
52.8335571289063,0.305167766715439,0.532223399774106
53.0242919921875,-0.920825832179248,-0.799166660942118
53.2150268554688,0.128076329879571,-0.702603735138182
53.40576171875,0.380070481116797,0.899104845686835
53.5964965820313,-0.437595890311716,-0.120166332212276
53.7872314453125,-0.399297263183873,0.397885712928572
53.9779663085938,0.956481102373977,-0.593165813896815
54.168701171875,-1.6242868810214,-0.711796785476994
54.3594360351563,-0.879376292927722,-0.862163340183063
54.5501708984375,0.164041461163063,-0.129474170287895
54.7409057617188,-1.21591779630839,-1.9449396170778
54.931640625,-1.56552630541866,0.174089588169749
55.1223754882813,-0.406533450701103,-0.634502613838469
55.3131103515625,0.110635897020169,-0.939131813897356
55.5038452148438,-0.678702383138762,-0.874806185789009
55.694580078125,-1.07372533589584,-0.614347944234667
55.8853149414063,0.603775028665334,-0.397940808655203
56.0760498046875,-0.598116056293584,0.561672112083862
56.2667846679688,-1.62381371109518,0.854988860376401
56.45751953125,-1.41908257722467,-0.286327156609591
56.6482543945313,-1.80259777453457,-2.00074240674711
56.8389892578125,-0.0180504034692784,-0.557926693720237
57.0297241210938,-0.839694303246662,0.195038341521813
57.220458984375,-0.424956029516186,0.463233757430214
57.4111938476563,-0.683414403107731,-0.195683816637123
57.6019287109375,-0.429724367715088,-0.36710525430966
57.7926635742188,-0.897685069053127,-0.597149367793873
57.9833984375,-0.466044082527247,-0.0982001064683537
58.1741333007813,-1.55331190714747,0.187766294478611
58.3648681640625,0.0946026332994215,-1.12272215717192
58.5556030273438,-1.56434942813739,-0.537687417146264
58.746337890625,-1.10565343542729,-1.62417671830747
58.9370727539063,-0.0139675631697009,-0.657713470032601
59.1278076171875,-0.342898799489056,-0.869695301039511
59.3185424804688,-0.898324764983099,-0.589233784791953
59.50927734375,1.32792158303153,-1.15247349933904
59.7000122070313,0.235168710298363,0.410949005578551
59.8907470703125,-0.192137665173296,-1.96197539450356
60.0814819335938,-0.054503138984658,0.564932678242395
60.272216796875,0.0951396773997897,-0.19686043806753
60.4629516601563,-0.672656649638416,0.575015259171575
60.6536865234375,-0.168029970049444,0.137104044613404
60.8444213867188,0.451053690098311,1.39609291011449
61.03515625,-0.955469843615298,-0.00800987865940401
61.2258911132813,-0.69721691538642,-0.842043373928109
61.4166259765625,0.0978638854566117,-0.685584245215359
61.6073608398438,-0.94492540412444,-0.65559750088833
61.798095703125,-1.28892114756482,-1.0211607544646
61.9888305664063,-0.630137175650073,-0.996599068436882
62.1795654296875,-1.20515107024036,-0.661273995234782
62.3703002929688,-0.0527108208934711,1.12903349915772
62.56103515625,0.307584866587305,-1.8245244586987
62.7517700195313,-0.672173260594928,-0.622350877240157
62.9425048828125,0.0335351822919897,-0.19516101405571
63.1332397460938,-0.430215608058348,-0.498365708054158
63.323974609375,0.00487527992337654,-0.226166570233123
63.5147094726563,-1.36865438419407,-0.292738211132594
63.7054443359375,-0.262501215902437,-0.700896582512807
63.8961791992188,-0.898782945342903,-0.185436139064554
64.0869140625,-0.166690784048537,0.222911833850543
64.2776489257813,0.633319215866984,0.332437461006611
64.4683837890625,-0.0350202350454326,-0.0271732435676255
64.6591186523438,-0.429242903743236,-0.0974182509065036
64.849853515625,-1.74486938559745,0.132487034989804
65.0405883789063,-0.249179525650481,-0.868346120649814
65.2313232421875,-0.297163846248246,0.140309350194645
65.4220581054688,-0.679861014208358,0.578998066364438
65.61279296875,-0.105813661056802,-0.151034832077117
65.8035278320313,-1.15860825345802,0.801663203838437
65.9942626953125,-1.31070317406315,0.550746508709569
66.1849975585938,1.21999207488085,1.65880266105547
66.375732421875,-0.629596685104556,-0.277932126474385
66.5664672851563,0.290856653475913,-0.403689305154105
66.7572021484375,0.419264834404625,0.219282077998813
66.9479370117188,0.879883469676207,0.673039896242776
67.138671875,-1.1334039782468,-1.01029839471742
67.3294067382813,0.871139836201786,0.569110167224927
67.5201416015625,-0.109795356169978,0.325933461399074
67.7108764648438,0.0416132801045088,0.705875427650487
67.901611328125,0.0530642820460186,0.318781393293151
68.0923461914063,0.350873181232419,-1.19784163679666
68.2830810546875,-1.19171192004238,-0.314078592483923
68.4738159179688,-0.902208197194681,0.266693556675021
68.66455078125,0.476519975754346,0.589331993629096
68.8552856445313,1.03826487678954,-1.25189944768147
69.0460205078125,-0.916585250571696,-0.58994401326524
69.2367553710938,-1.48581947799868,-0.526587462022184
69.427490234375,-1.04562393350815,-0.384625755309383
69.6182250976563,-0.799436638849462,-0.950032857867183
69.8089599609375,-0.930240794658139,0.356723415383009
69.9996948242188,-0.223849765625023,-0.81948709184079
70.1904296875,1.04213183731235,0.762824780041186
70.3811645507813,0.323168053443647,1.34682430455059
70.5718994140625,-0.720188564504992,-1.11479476667995
70.7626342773438,-0.738144724441563,1.09630130036685
70.953369140625,-0.461566039976229,0.600456587076733
71.1441040039063,-0.0612125909166626,0.721092807983343
71.3348388671875,-0.438176977090128,0.29460149403021
71.5255737304688,-0.706967821906491,0.840847489304306
71.71630859375,-0.814865374106328,-0.560299816867729
71.9070434570313,0.930878703349307,0.167474750970201
72.0977783203125,-1.49490508831651,0.454155238514879
72.2885131835938,0.0970244539646148,0.741385885823507
72.479248046875,-1.12659420677016,0.405627267758452
72.6699829101563,-0.0792227493042737,2.45756124912105
72.8607177734375,-1.7637092236904,1.58136034857725
73.0514526367188,-0.211113446953041,-0.772544021082967
73.2421875,-0.528579732478461,0.70746306014675
73.4329223632813,-0.963628139050346,-0.0656543601773011
73.6236572265625,0.297128209279917,-0.293044056398631
73.8143920898438,-1.26577953405509,0.259164515211974
74.005126953125,-0.00461420810515024,-1.16157961012498
74.1958618164063,-0.737050018051182,-0.241541729290038
74.3865966796875,-0.481646873828987,0.565193691231244
74.5773315429688,-0.390596796494075,-0.583552191585524
74.76806640625,0.355160801518702,-0.166931345079743
74.9588012695313,-0.748775111543524,-1.1699724464612
75.1495361328125,0.351822517120255,-1.01454048278988
75.3402709960938,-0.990482125706458,0.910732666248931
75.531005859375,-0.276574534183201,0.352280246911513
75.7217407226563,-0.826532292875938,1.35285102446838
75.9124755859375,-0.0101051467948634,-0.075066201491331
76.1032104492188,0.322230208996175,-0.0109141816654563
76.2939453125,-0.540691292178674,0.175552934828986
76.4846801757813,1.33729063496188,0.0465734209064574
76.6754150390625,0.757324497671808,1.713881645413
76.8661499023438,0.153138952946368,-0.320637892377296
77.056884765625,0.166762640041975,0.0226238077175667
77.2476196289063,-1.10468498715943,-1.11270918916324
77.4383544921875,-0.394388665232582,2.41210938167463
77.6290893554688,-1.67092945522014,1.10335290067084
77.81982421875,0.803490491603446,0.0643625515441225
78.0105590820313,-0.971354469010484,1.42330894378064
78.2012939453125,-0.932354792069575,0.582933236535099
78.3920288085938,-1.01249765148242,-0.0214421510433248
78.582763671875,0.101471392183233,0.280737094562628
78.7734985351563,-0.0229070597039023,0.743998282150336
78.9642333984375,-0.165289200635232,1.08372993118719
79.1549682617188,1.21347750218659,-0.176365196122066
79.345703125,-0.496501637672542,1.87566014451451
79.5364379882813,1.14997448559203,0.442591549687922
79.7271728515625,0.0212321217365466,0.481609906717551
79.9179077148438,1.26349595018419,0.585734075412813
80.108642578125,-2.13017427913143,0.401363409263028
80.2993774414063,-0.658179887739054,0.211483482143466
80.4901123046875,-0.467108519407967,0.41020634887384
80.6808471679688,-1.74109520233107,1.41580411619107
80.87158203125,-0.652539592427687,-0.692700048093889
81.0623168945313,0.470420305578404,0.378805624476986
81.2530517578125,-1.29737955131316,0.550792328830785
81.4437866210938,1.12218929700297,0.177611231117947
81.634521484375,0.643443664352724,0.694881714944224
81.8252563476563,-0.384352738323384,-1.25448131423021
82.0159912109375,1.24479463452087,0.478923403051185
82.2067260742188,-1.16920681291556,0.219316345709651
82.3974609375,-1.65925440411345,0.0100493528484894
82.5881958007813,0.530237002446429,1.23118618915987
82.7789306640625,0.623416842509042,0.416115537419629
82.9696655273438,-0.323205106876717,0.477852124783483
83.160400390625,1.50312426720353,1.17427871934727
83.3511352539063,-1.49922551314932,0.708012955854785
83.5418701171875,-0.313661146153117,0.72558580298714
83.7326049804688,-0.233922621104889,-0.65181440854668
83.92333984375,1.08649624389483,-0.0507671558566453
84.1140747070313,0.264540017082808,-0.496981164212523
84.3048095703125,-0.276586724263679,-0.716550214905214
84.4955444335938,0.304267514788135,1.08452624833644
84.686279296875,-0.854243502393429,-0.636129442419791
84.8770141601563,-0.450683328665697,0.147204148927259
85.0677490234375,-1.18093173190366,1.65841895711911
85.2584838867188,0.998688186723649,0.299962759291511
85.44921875,-0.551434734585385,1.75339228597187
85.6399536132813,-0.61718293300066,0.598473274055148
85.8306884765625,0.257768114615375,-0.469474719282797
86.0214233398438,-1.18563270245106,1.16915323751709
86.212158203125,-0.0843511555183926,0.0724273891093678
86.4028930664063,-1.0788867973554,0.679905228710706
86.5936279296875,0.266435052556632,1.2622933485993
86.7843627929688,0.59128524669953,1.61529019775441
86.97509765625,0.733375455641695,0.134937068730003
87.1658325195313,0.351420565725267,1.17429808808633
87.3565673828125,0.396805013713147,0.73959109041133
87.5473022460938,-0.37169399983834,0.361546818886996
87.738037109375,0.0193120161397433,0.987512822571303
87.9287719726563,0.836095299425454,0.671083081676983
88.1195068359375,-0.566835984671674,-0.42979466953362
88.3102416992188,-0.681761715182316,0.851965776941533
88.5009765625,0.0669931964696489,-0.404076962851983
88.6917114257813,-0.551055217177741,0.439561031521245
88.8824462890625,-0.97878813544418,0.939974773060092
89.0731811523438,-0.203727912496182,0.0575871912910192
89.263916015625,0.125181222492124,0.0610336043210086
89.4546508789063,1.40043394049893,1.25790073821543
89.6453857421875,1.16027811974168,-0.317015712189603
89.8361206054688,-0.0172830509265137,0.677607088389487
90.02685546875,0.0335816189511951,1.73417764030677
90.2175903320313,-0.889201961453517,0.59654159061621
90.4083251953125,-0.188455133715893,-0.202236994556194
90.5990600585938,1.05552151608771,0.0801945894406264
90.789794921875,0.0465699111748339,2.42223329905802
90.9805297851563,1.49773245629757,0.58546074410809
91.1712646484375,0.1609385886051,0.817703629274808
91.3619995117188,1.12573757767027,1.33749973337876
91.552734375,-0.272480143023642,0.546262341637831
91.7434692382813,-0.294270365760855,-0.24567955607005
91.9342041015625,1.15641739191516,0.899937021699199
92.1249389648438,0.347898628895822,0.225186180019117
92.315673828125,0.570096053778484,1.24974098172599
92.5064086914063,-0.10793987994135,1.19506181593053
92.6971435546875,1.0977184962814,0.439049180275842
92.8878784179688,0.657217057451063,0.469920720257529
93.07861328125,-1.5487404203024,0.345652295429414
93.2693481445313,-2.02471106212045,0.884205216963521
93.4600830078125,-0.379854724273646,0.467900681735603
93.6508178710938,-0.22845560963474,-0.335198195725242
93.841552734375,-0.345739312163499,0.456294943236836
94.0322875976563,-0.334523227815114,1.1724378720722
94.2230224609375,-2.03273068503995,0.829214608531401
94.4137573242188,0.430410894619689,-0.0140907719614497
94.6044921875,0.865265123627274,0.579537712424821
94.7952270507813,-0.981863505314926,1.07295585804953
94.9859619140625,-0.751555427119744,0.794387890530076
95.1766967773438,-1.35266086486468,1.8196199130861
95.367431640625,-0.321544024022717,-0.699490370982778
95.5581665039063,-0.106448827501749,0.322941042238107
95.7489013671875,-1.31623233737202,0.112394378131437
95.9396362304688,0.650209417656376,0.672222913788677
96.13037109375,0.571641608043337,1.41530230320854
96.3211059570313,0.150583113664093,0.758935452160781
96.5118408203125,0.674848785978097,-0.175708707919021
96.7025756835938,-1.03814079259351,0.170543874637765
96.893310546875,1.07323654118938,1.1110009387777
97.0840454101563,-0.373579341438732,2.19053301215715
97.2747802734375,0.590339350390128,0.393619800344338
97.4655151367188,-0.12223517325634,-1.22207020008184
97.65625,0.187963090728285,0.847014333380437
97.8469848632813,-0.0466271864163288,0.742874737348991
98.0377197265625,-0.624616772695388,1.77583989354751
98.2284545898438,1.3861137566447,-0.38359241419921
98.419189453125,-0.967262977860528,0.13540031483846
98.6099243164063,0.288175045303953,0.467338913336942
98.8006591796875,-0.668144039847085,0.371228905370683
98.9913940429688,-0.139868942748405,1.32007432424403
99.18212890625,0.169784334074545,1.28672862720773
99.3728637695313,0.0546659724785025,0.329199749322165
99.5635986328125,0.651102791098292,2.04262368646555
99.7543334960938,0.211281965301145,1.45086619032554
99.945068359375,1.06289183548841,0.67328161459182
