Fre(kHz),Re,Im
-99.945068359375,0.728427707618288,1.69385497555601,ZeroPoint:Tj,62,0.002
-99.7543334960938,0.386306677180627,0.594858925547164,Const.;stime,2.95309648,6.4E-07
-99.5635986328125,0.59227040860396,0.032975565642963,Fre.Range:Tau,-100:100,1.5E-05
-99.3728637695313,-0.167285329926864,0.807479173884103,FFTSize:DataSize:Firstpul,8192:8192,5E-07
-99.18212890625,0.23520054730622,-0.210916841801747,2p5msF002,Freq.=141410000
-98.9913940429688,0.471781026545535,0.987670336387026
-98.8006591796875,0.478918115891215,0.551235830437192
-98.6099243164063,-0.388930012771863,0.520501504548941
-98.419189453125,1.21697035259618,1.53302405598649
-98.2284545898438,0.572686670076421,0.915669864917777
-98.0377197265625,0.517657184096405,0.708272781256742
-97.8469848632813,0.932697298476839,-0.764854939006772
-97.65625,0.893241296041564,1.33088961462205
-97.4655151367188,-0.26191575229122,1.06692761919865
-97.2747802734375,0.769198447432307,0.763413653002887
-97.0840454101563,0.166237257062996,-0.254408069793642
-96.893310546875,0.708706681476839,-0.138630237728676
-96.7025756835938,0.562867483725539,0.0294448994070695
-96.5118408203125,0.53850562280031,0.891285382671281
-96.3211059570313,1.23967139345194,1.92430025315886
-96.13037109375,0.133229181370724,0.0114375489163212
-95.9396362304688,0.685598965996115,0.213264662120162
-95.7489013671875,0.210536468221894,1.51045203549509
-95.5581665039063,0.781763231187789,0.836273370625332
-95.367431640625,1.1128224889563,-0.067691697174239
-95.1766967773438,0.381281127803596,0.6118932834407
-94.9859619140625,1.05868164674694,-0.0295146535667129
-94.7952270507813,-1.20384281498514,1.43262840604046
-94.6044921875,0.0674099443676932,-0.210490935236283
-94.4137573242188,0.295808946526758,1.40140175896009
-94.2230224609375,0.846342583421616,0.616906830277317
-94.0322875976563,0.993038019281485,0.366561677445876
-93.841552734375,1.59194326973421,0.221901291784048
-93.6508178710938,-0.214570183397469,1.05193048272122
-93.4600830078125,-0.336807896479325,1.46520731876225
-93.2693481445313,0.538401405075694,1.32585132431162
-93.07861328125,2.50006484993972,1.2192447876462
-92.8878784179688,-0.694175531591169,0.801262817458078
-92.6971435546875,1.11563534752761,0.321084967655586
-92.5064086914063,-0.0523745340931471,2.34981873925741
-92.315673828125,0.782751834489957,0.660615870410495
-92.1249389648438,1.79934970094448,0.868694198993599
-91.9342041015625,0.395452031859824,2.73059919170832
-91.7434692382813,0.819335210907408,-0.135511871297198
-91.552734375,0.294394885318401,0.0484116106237106
-91.3619995117188,-0.184084393426622,2.37862424268621
-91.1712646484375,0.474148037878699,1.09194686775186
-90.9805297851563,1.32231398767959,1.98803789356547
-90.789794921875,0.144715164196655,0.803691982493162
-90.5990600585938,0.00141999979207938,-0.74301088848822
-90.4083251953125,1.10165836069043,0.260619682672854
-90.2175903320313,0.365760459657042,0.812083112545079
-90.02685546875,0.355594188094369,0.200970217408628
-89.8361206054688,-0.42467256505832,0.130539512120506
-89.6453857421875,-0.216489097103017,-0.340813643080488
-89.4546508789063,0.8603990601045,0.813797300643161
-89.263916015625,0.859798579552989,-0.410406205020889
-89.0731811523438,0.926214128806248,0.76577599784805
-88.8824462890625,1.18818499074164,-0.398468986627647
-88.6917114257813,0.182628884400499,1.73353690453048
-88.5009765625,0.723380773339557,-0.532745783304586
-88.3102416992188,0.881099347460533,0.68449243887321
-88.1195068359375,1.69845238951554,0.962290823929841
-87.9287719726563,0.680709820650982,0.488973912339603
-87.738037109375,-0.367859575765593,-0.0220590656346301
-87.5473022460938,1.5666491747087,2.03943767145232
-87.3565673828125,0.582048296768176,-0.753888245992224
-87.1658325195313,1.05774856471469,0.962221663968675
-86.97509765625,1.32807729600745,1.11325801372919
-86.7843627929688,1.15248114834018,1.10628470741603
-86.5936279296875,0.863718167534879,0.162627131909776
-86.4028930664063,1.77906607315448,1.24305581702798
-86.212158203125,1.33626297147419,0.37590342403954
-86.0214233398438,0.65395954801611,-0.0872841459115989
-85.8306884765625,0.775117169183692,-0.340429743608888
-85.6399536132813,-0.307260932320004,2.31455313551853
-85.44921875,0.738780118399332,-0.348492994100177
-85.2584838867188,0.589068051503154,0.811970512665808
-85.0677490234375,0.752156859268941,0.055387937033387
-84.8770141601563,0.199512187852562,0.0290387419679257
-84.686279296875,1.01807530779005,0.938131846373289
-84.4955444335938,0.915059251023799,0.478757874477435
-84.3048095703125,1.37432892106014,-0.136706795032801
-84.1140747070313,-0.578456963295768,1.05464171053825
-83.92333984375,1.04667479686861,-0.617268682469331
-83.7326049804688,0.899000188020987,-0.239655143486845
-83.5418701171875,0.763996522950745,1.14828497156582
-83.3511352539063,1.11658628247073,1.79225270414502
-83.160400390625,1.22782448684285,1.09836760511299
-82.9696655273438,1.48008850488703,1.81879366171602
-82.7789306640625,0.505403854752283,-0.334987986350666
-82.5881958007813,0.0570032224003828,1.2518099974932
-82.3974609375,-0.173468457573028,-0.244033668364145
-82.2067260742188,1.93775634844075,0.558491854657191
-82.0159912109375,0.366629827396311,0.992425554265207
-81.8252563476563,0.381592389188434,-0.342064624797273
-81.634521484375,1.12932148618488,-0.665334543591356
-81.4437866210938,-0.0539829134528365,1.47145155032902
-81.2530517578125,-0.589928304825348,0.409213997354629
-81.0623168945313,0.198572691283604,0.283810976603065
-80.87158203125,1.73982137344109,0.376003395664174
-80.6808471679688,0.0444242710825045,2.18064108890419
-80.4901123046875,-1.6979648867227,0.858922233194249
-80.2993774414063,-0.0446989892491888,-0.831201505700027
-80.108642578125,1.72345039571592,0.378812184097888
-79.9179077148438,0.992952310010472,0.0770743455814887
-79.7271728515625,-1.69790216979067,0.363856590703172
-79.5364379882813,0.440363905741253,1.4613965154439
-79.345703125,1.62243449362502,1.16628441617818
-79.1549682617188,1.30619787477102,1.56547855893883
-78.9642333984375,0.417012919505143,0.948728698183105
-78.7734985351563,1.31624150445546,0.479152509876006
-78.582763671875,-0.360564689669389,0.495923008572311
-78.3920288085938,0.175931163584971,-0.535682235551837
-78.2012939453125,0.548290432194282,0.433556760279205
-78.0105590820313,0.551640917957235,1.56150220140263
-77.81982421875,0.690224880613198,0.72730733995777
-77.6290893554688,0.723809810794756,-0.0878483185999458
-77.4383544921875,1.30584408512437,-0.864298717101231
-77.2476196289063,1.25587040821322,0.898094571352063
-77.056884765625,0.779398124803517,0.828589643509648
-76.8661499023438,0.173482650640097,0.713400303984794
-76.6754150390625,0.383106698404685,0.228045510944145
-76.4846801757813,0.804857438469827,1.12619654728703
-76.2939453125,-0.677307036353695,1.63678491303097
-76.1032104492188,0.593782153998388,-0.298887734281697
-75.9124755859375,0.273420778634632,0.663371094929052
-75.7217407226563,0.253050234903036,0.018234315499584
-75.531005859375,1.25750252637206,-0.00949637048536815
-75.3402709960938,1.60594188578479,-0.564823586619011
-75.1495361328125,0.711937648175718,-0.597612887764093
-74.9588012695313,0.425404802774677,0.31508624645955
-74.76806640625,-0.161299874138154,-0.474505570649816
-74.5773315429688,2.21639391812072,0.555003847408326
-74.3865966796875,0.29584297011904,0.518289477445229
-74.1958618164063,-0.220568926852526,0.197729670624543
-74.005126953125,1.57010523384205,1.46843902682456
-73.8143920898438,0.0570997863924392,-0.536091429717456
-73.6236572265625,-0.196694998744019,-0.503062969583212
-73.4329223632813,-1.51608581766104,-0.291281379052095
-73.2421875,0.602461083630243,1.1032190932025
-73.0514526367188,0.204145727687457,-0.314501985880311
-72.8607177734375,-0.0569104832365323,2.43005077377908
-72.6699829101563,1.50876699488546,-0.356739890453138
-72.479248046875,1.15502426364544,1.89029489723676
-72.2885131835938,1.34804689893196,1.75964556462935
-72.0977783203125,1.37191451246437,0.779068537424132
-71.9070434570313,1.43535011186991,1.07794844898062
-71.71630859375,0.661521671393441,1.74970023175245
-71.5255737304688,-0.282421300999303,-0.318045625379674
-71.3348388671875,1.02826266219718,0.836255087946452
-71.1441040039063,1.43985142285275,1.74011494524913
-70.953369140625,0.810748102563774,0.376023017845624
-70.7626342773438,0.297902382774309,-0.323640997666074
-70.5718994140625,1.84525407233881,0.318782227353323
-70.3811645507813,0.139115264336822,1.33820259970866
-70.1904296875,1.69460284407069,-0.510108726916755
-69.9996948242188,-0.159611178716836,0.774730286434819
-69.8089599609375,1.85209923241195,1.89600396572919
-69.6182250976563,0.113415343387881,1.52191465585251
-69.427490234375,1.03461213205887,2.24213480063917
-69.2367553710938,-0.159274189333512,-0.598728314843548
-69.0460205078125,1.02957574467491,0.35220168468781
-68.8552856445313,0.122234268209263,0.0241075018430556
-68.66455078125,-0.208219976195816,0.883825840609039
-68.4738159179688,0.801082523850794,0.793041764489727
-68.2830810546875,0.475319082926531,-0.426560865485382
-68.0923461914063,1.30734734407997,-0.416565818319436
-67.901611328125,0.0589588227785948,0.638559420790093
-67.7108764648438,1.73553576075738,0.0632089388184153
-67.5201416015625,-0.497457368396486,0.813504448843419
-67.3294067382813,1.48826911992426,0.396860535957211
-67.138671875,0.145016966078152,1.5315888104381
-66.9479370117188,1.1342635461716,-0.0236060158273241
-66.7572021484375,-0.482875795039158,1.09322970806094
-66.5664672851563,0.217669659445422,0.485832341468218
-66.375732421875,0.749526159667824,1.01120718178923
-66.1849975585938,0.561418895206243,1.5092452860231
-65.9942626953125,0.590619954249208,1.33419639894039
-65.8035278320313,-0.545309248489689,0.791910845571777
-65.61279296875,0.30434299889909,1.50646313475672
-65.4220581054688,-0.246969415625529,-0.886243402889317
-65.2313232421875,1.18368862428063,0.199744004873905
-65.0405883789063,0.0719406949360858,1.09892141992711
-64.849853515625,-0.0762610133199554,1.52217550804619
-64.6591186523438,1.40397510185835,0.868433124774903
-64.4683837890625,-0.433407752704659,-0.769829211235824
-64.2776489257813,0.625173335972256,1.28775038591464
-64.0869140625,0.369523742049972,-0.364061224601036
-63.8961791992188,0.085697626089726,0.618699360784039
-63.7054443359375,-0.132938189140342,1.82905822606891
-63.5147094726563,1.01356848078365,1.08228416413766
-63.323974609375,0.517167209720579,1.46788901325889
-63.1332397460938,0.112822849844701,1.44273208983148
-62.9425048828125,0.895121784518498,-0.400517797413778
-62.7517700195313,1.86514894474939,1.61193327389203
-62.56103515625,1.02660688822949,1.16377546268062
-62.3703002929688,-0.657861217892885,-0.575400177938414
-62.1795654296875,-1.00264467009331,1.13747587241097
-61.9888305664063,-0.45790192861788,0.0758617369707653
-61.798095703125,0.984723819625316,0.451495537172607
-61.6073608398438,1.99906615325556,-0.111195078516872
-61.4166259765625,1.89360872980841,-0.103503100950815
-61.2258911132813,0.132270338814128,-0.53964811570178
-61.03515625,1.39248972084453,-0.269265244517384
-60.8444213867188,1.51340799157972,0.744239871782425
-60.6536865234375,1.68724378704257,-0.814484995615514
-60.4629516601563,0.699815390165022,-0.767394323487389
-60.272216796875,1.93634115044766,-0.381060769101012
-60.0814819335938,-0.744784814009325,1.64442641843473
-59.8907470703125,1.6045256185372,1.19647378022702
-59.7000122070313,0.735958767150542,1.54644917361921
-59.50927734375,1.65382208546108,1.54449127144357
-59.3185424804688,1.42652275678386,1.10297560061718
-59.1278076171875,0.628976054888671,0.354309899712821
-58.9370727539063,0.993700933405605,2.11991504479149
-58.746337890625,1.17783558845943,0.477910799239426
-58.5556030273438,0.61623183100284,1.19489197464314
-58.3648681640625,0.173000272630262,-0.171576632816832
-58.1741333007813,-0.259873470928013,1.07137831898528
-57.9833984375,1.34209451873222,0.457504690239092
-57.7926635742188,0.483378143849212,-0.30981049618337
-57.6019287109375,0.936341523125741,1.66462437344674
-57.4111938476563,0.961577214928015,1.50698322510966
-57.220458984375,1.72434906448043,-0.69452468309465
-57.0297241210938,0.362150224119329,-0.406733577942163
-56.8389892578125,0.371609638412635,0.493496067157289
-56.6482543945313,0.935538370949873,-0.299543505899877
-56.45751953125,1.81207460025787,1.4827172911523
-56.2667846679688,0.576479307607461,0.373161111262995
-56.0760498046875,0.306218018404659,0.521465396535949
-55.8853149414063,0.738375118274357,1.85495644174562
-55.694580078125,0.510868684461757,0.337045605882622
-55.5038452148438,-0.678891374379576,0.0133719193288185
-55.3131103515625,0.45887125209567,0.0706452890481285
-55.1223754882813,0.660568236402528,0.733848000855499
-54.931640625,-0.242087714698254,-0.283034852357247
-54.7409057617188,1.47416323066355,0.431426151596174
-54.5501708984375,0.441284682976267,1.73362172950951
-54.3594360351563,-0.854569866756291,0.844978054214806
-54.168701171875,0.713649149613039,1.65768043034413
-53.9779663085938,-0.549993446286243,-1.04324826357188
-53.7872314453125,-1.04669338387062,0.00299252558079131
-53.5964965820313,-0.392112653079349,1.07919319842771
-53.40576171875,-0.417835713213916,0.81537289534578
-53.2150268554688,1.2352601015395,1.80030775644679
-53.0242919921875,0.722860065488562,0.863420863707999
-52.8335571289063,1.34671126351157,-0.783154240586678
-52.642822265625,0.188584208382772,-0.253805943448044
-52.4520874023438,1.02610948811619,0.489544212625994
-52.2613525390625,-0.64055549104105,1.01327205574385
-52.0706176757813,1.39911953099555,0.4204279561159
-51.8798828125,1.49750066265068,-0.94137067701437
-51.6891479492188,1.30135587830509,1.0007996479894
-51.4984130859375,1.82119672297983,0.2614074157125
-51.3076782226563,0.312505837452594,0.0784933739550779
-51.116943359375,0.582762035064389,0.772148577980964
-50.9262084960938,0.691378587869492,0.976048206611981
-50.7354736328125,-0.11880694502801,0.432730753927215
-50.5447387695313,0.592593639370833,-0.0894219364769715
-50.35400390625,1.93714395550293,-1.14359421264215
-50.1632690429688,0.230274356869948,1.99912460052634
-49.9725341796875,1.16308202514018,0.421896932896149
-49.7817993164063,0.34819856864104,1.00658671494273
-49.591064453125,0.641273373417454,1.02679134913667
-49.4003295898438,0.170170161141351,-0.227970682919526
-49.2095947265625,1.05779325723546,1.43585340917325
-49.0188598632813,-0.143402591003784,1.72094354870817
-48.828125,0.605562163391523,0.30398784771348
-48.6373901367188,0.324527624785217,-0.17691627848178
-48.4466552734375,0.908030820079534,1.11454089424072
-48.2559204101563,-0.107902807755665,0.218991743197381
-48.065185546875,2.23269240823572,1.37693232569994
-47.8744506835938,0.197110952649168,0.52990665751787
-47.6837158203125,1.07161220187027,1.1863482926595
-47.4929809570313,1.88177284365404,0.286930266492382
-47.30224609375,0.642436795343294,-0.266522082467329
-47.1115112304688,1.66433546569551,0.0380455663628151
-46.9207763671875,1.14324290612792,-0.920903210652616
-46.7300415039063,0.55059068168088,0.714415932207328
-46.539306640625,0.123838514917786,1.7652710583922
-46.3485717773438,0.265821822171899,1.44738396850474
-46.1578369140625,0.0288250446722902,0.711476054236701
-45.9671020507813,1.99522780428884,-0.52025718605443
-45.7763671875,0.77152041231788,-0.725162190881694
-45.5856323242188,2.00414800136559,1.16241338779335
-45.3948974609375,0.156858463998169,1.27158458972826
-45.2041625976563,0.681458717431233,0.890423560472508
-45.013427734375,1.09195162390993,1.80891704970787
-44.8226928710938,0.0640204767548896,1.71564940211854
-44.6319580078125,1.47935080353887,0.970854969985078
-44.4412231445313,0.577102001564205,0.148277071758194
-44.25048828125,0.269554378361466,0.0216776280088705
-44.0597534179688,0.549840848955029,0.882602742347235
-43.8690185546875,1.23608234557569,0.143881877620596
-43.6782836914063,0.656217945945789,0.262027968353993
-43.487548828125,0.763338039727155,-0.0601689992809316
-43.2968139648438,1.554362003564,0.610430970924653
-43.1060791015625,-0.45248957621867,-0.0230769485476004
-42.9153442382813,0.485888513715063,0.291774753101004
-42.724609375,0.783237190020083,1.12977928642822
-42.5338745117188,1.2967010431449,0.297669464724578
-42.3431396484375,-0.116233428718463,0.704675301298653
-42.1524047851563,0.477024201067562,-0.119846424750976
-41.961669921875,-0.0760227899573853,1.77033840780951
-41.7709350585938,-0.465884198863848,0.465267413662193
-41.5802001953125,0.332473859441575,0.192822903728905
-41.3894653320313,0.0176836103460377,-0.325999464786253
-41.19873046875,0.762516746717203,-0.095321631798265
-41.0079956054688,0.860933655446144,0.48616610816423
-40.8172607421875,0.213461777972826,-0.228136310397675
-40.6265258789063,0.931691534307734,-0.44300964610708
-40.435791015625,0.978746377844885,0.50480940757877
-40.2450561523438,0.860955360199779,1.65979294724524
-40.0543212890625,1.47346128209671,-0.557399595255775
-39.8635864257813,-0.203179839316367,0.302063081543006
-39.6728515625,0.292255054000481,-0.202737361122554
-39.4821166992188,0.897241637058169,0.115407942389133
-39.2913818359375,0.735728667966604,-0.280118184414924
-39.1006469726563,0.303386903389025,0.0664624297714781
-38.909912109375,1.10073183127261,1.56219092515665
-38.7191772460938,1.022426499417,0.89180231169598
-38.5284423828125,0.286719207639477,0.135682567714293
-38.3377075195313,-0.145085207795343,0.151700469644244
-38.14697265625,0.162613220324312,-0.131646666522327
-37.9562377929688,0.323384514054178,0.763455709591383
-37.7655029296875,-0.901092455997971,2.77674443726766
-37.5747680664063,0.968813749502101,0.85032688944316
-37.384033203125,0.475851048210136,0.927807918719936
-37.1932983398438,1.19932333771831,0.476726578449434
-37.0025634765625,1.03595052001302,0.706384409163955
-36.8118286132813,-0.303257483201789,2.03395013123718
-36.62109375,0.190678372765637,0.949609526806295
-36.4303588867188,0.0773224562390937,1.40050547744492
-36.2396240234375,0.49756151730644,0.746515420947924
-36.0488891601563,-0.0352045227570814,1.80420892106343
-35.858154296875,-0.371905686441069,0.372729718787302
-35.6674194335938,0.816094550933689,0.893172916393263
-35.4766845703125,0.791964933012645,0.573956042445933
-35.2859497070313,0.268514052085824,-1.39546662714972
-35.09521484375,-0.272878661105962,1.02974392559684
-34.9044799804688,0.75035322754536,-0.287129583255637
-34.7137451171875,-0.456042033410169,1.08472203936534
-34.5230102539063,0.862192372948561,1.67838287494068
-34.332275390625,0.38920073334555,1.21130231233342
-34.1415405273438,0.206660974587843,0.880635186781293
-33.9508056640625,-0.12182174435927,1.27678483607771
-33.7600708007813,1.31207980444554,0.8293717224334
-33.5693359375,1.06256379410102,-0.0240309889066069
-33.3786010742188,0.781879100489456,0.108554848169842
-33.1878662109375,1.55778251290162,-0.319921402754355
-32.9971313476563,-0.357497798245399,1.45949270283397
-32.806396484375,0.702673886591174,-0.489001105870944
-32.6156616210938,1.9902385877318,0.945685473368026
-32.4249267578125,1.112443937033,1.09322777742084
-32.2341918945313,1.13785457035486,-0.244290628599893
-32.04345703125,1.3052410601658,0.564172824991143
-31.8527221679688,0.388024264818571,1.0790894150471
-31.6619873046875,-0.272280088912365,0.322051265229035
-31.4712524414063,1.28085145954281,1.62969192730472
-31.280517578125,1.48094710751811,0.697876932772706
-31.0897827148438,0.0920931699998103,1.06683753257344
-30.8990478515625,-0.559702470474718,-0.240796013284988
-30.7083129882813,1.48603098310607,-0.353407645746584
-30.517578125,1.62438533944818,0.59203352426841
-30.3268432617188,0.84342195173345,1.12026187668809
-30.1361083984375,0.642228332056911,0.245585437100975
-29.9453735351563,0.823713809701431,0.263416820106359
-29.754638671875,0.498276139840409,1.17362366065978
-29.5639038085938,0.169909839174896,0.250602320228002
-29.3731689453125,1.22035102847307,0.0142260252362001
-29.1824340820313,0.553597503219709,-0.0295531901624019
-28.99169921875,2.42834775868652,0.105162934716029
-28.8009643554688,-0.222811387557923,1.19421628964847
-28.6102294921875,0.658668660534495,1.25945002168853
-28.4194946289063,-0.188042098943413,0.375910428542348
-28.228759765625,-0.16170538681096,0.96675929389312
-28.0380249023438,-0.232402769576347,0.389377904317562
-27.8472900390625,0.233847341410066,-0.765757972114862
-27.6565551757813,0.759162207711611,0.936755151627919
-27.4658203125,-0.15320688934201,1.18992221197577
-27.2750854492188,1.55622685830226,-0.486689429799466
-27.0843505859375,0.220465499753265,-0.0458519053941292
-26.8936157226563,-0.364677596817346,0.344515678924483
-26.702880859375,0.667433045009289,1.86727261675874
-26.5121459960938,1.13280903619963,0.875611647603232
-26.3214111328125,-0.184418610824527,0.274619179158519
-26.1306762695313,0.993439557218798,-0.0181791803932819
-25.93994140625,-0.348402513019954,-0.607301105505142
-25.7492065429688,1.53430099364328,0.944036481303927
-25.5584716796875,-0.0807050131785316,1.76154470950092
-25.3677368164063,-0.223600877276122,0.220015169097337
-25.177001953125,1.02870488184294,1.64139528964805
-24.9862670898438,1.23093069596228,1.16856235352241
-24.7955322265625,0.809389200457512,1.00025864847471
-24.6047973632813,1.37771529485258,-0.171581668217527
-24.4140625,1.10867970146259,1.60870300994679
-24.2233276367188,0.0422001994942602,1.5145322372887
-24.0325927734375,0.822659447808472,0.659224899220386
-23.8418579101563,-0.295217382360651,-0.260255740146093
-23.651123046875,-0.455563219207294,0.871649384749268
-23.4603881835938,1.24565398746746,0.924784611622222
-23.2696533203125,1.30516019537704,1.54478889115415
-23.0789184570313,0.129799463032567,0.261568452461987
-22.88818359375,-0.213658170078095,1.62355037780549
-22.6974487304688,1.38541637798764,1.50545293199704
-22.5067138671875,0.722649683459222,-0.0936432322293601
-22.3159790039063,0.608275115175249,1.25935727752382
-22.125244140625,1.46457587111399,-0.256803743857636
-21.9345092773438,0.767476270624083,1.0032710491446
-21.7437744140625,1.38773019951994,-0.140945621365848
-21.5530395507813,0.638719341566452,1.21252246886499
-21.3623046875,1.50544990962244,1.19168141568801
-21.1715698242188,0.174051342242766,0.658574447397562
-20.9808349609375,0.108986568530357,1.01102717681111
-20.7901000976563,-0.731410474504878,0.0781798961912986
-20.599365234375,2.18022328038067,2.79555352924054
-20.4086303710938,1.58007635259803,0.427320887333695
-20.2178955078125,1.26391119778606,0.182992245819417
-20.0271606445313,1.02833007760006,0.860904295180426
-19.83642578125,0.646625711665146,1.84602773761811
-19.6456909179688,-0.205493349690541,0.475690170024669
-19.4549560546875,-0.394287165695495,1.28587109112003
-19.2642211914063,0.930443958158177,0.399641869159908
-19.073486328125,1.76819139164409,1.44675389847026
-18.8827514648438,0.954368793569577,0.771257095056373
-18.6920166015625,0.189714829845118,1.68105167938836
-18.5012817382813,0.929556914030401,1.61870148244168
-18.310546875,1.4732520846336,1.57709785304267
-18.1198120117188,1.14328364192187,2.07883371950712
-17.9290771484375,1.004586767196,0.757248280111027
-17.7383422851563,0.521718694771186,1.36639861951058
-17.547607421875,1.02088908600029,0.443997312479191
-17.3568725585938,1.5747416943916,0.372460681820345
-17.1661376953125,0.504193143337712,0.546872652003366
-16.9754028320313,-0.314131985778834,1.58905859117891
-16.78466796875,-0.130657016358118,0.821072369686703
-16.5939331054688,1.06860167647264,1.42910730566745
-16.4031982421875,1.60945930209674,2.22365035835678
-16.2124633789063,0.275448939570894,-0.0568914807984334
-16.021728515625,0.785838384398335,0.931995473821349
-15.8309936523438,0.857534258845252,-0.168316149144479
-15.6402587890625,-0.00761035020321701,-0.584069559978109
-15.4495239257813,1.23602331716379,0.225577370210622
-15.2587890625,0.62273624291448,1.09823205040902
-15.0680541992188,0.639904284580058,0.335997954894075
-14.8773193359375,2.44697955690365,0.65773495665325
-14.6865844726563,0.813581218330193,1.44184139605882
-14.495849609375,0.900690531523632,0.571857278239192
-14.3051147460938,1.94175780141017,0.314140309109411
-14.1143798828125,0.317570467783847,2.75181942633738
-13.9236450195313,0.113814394018749,1.67747931891263
-13.73291015625,0.169606349841264,0.221160910006292
-13.5421752929688,0.332071541108629,1.67583025775901
-13.3514404296875,0.7646777436136,1.26397149538013
-13.1607055664063,0.744244306571091,1.27803004049672
-12.969970703125,0.552879630973825,-1.32972284854688
-12.7792358398438,2.06328071915939,1.04842391127276
-12.5885009765625,1.9395647700552,-0.536388007518316
-12.3977661132813,1.4892055512728,1.99244206910721
-12.20703125,1.63619411575693,0.140440077745323
-12.0162963867188,0.554205703046486,0.0541479090097368
-11.8255615234375,1.29187481661457,1.37723480254833
-11.6348266601563,1.48498927933003,0.417419362049341
-11.444091796875,1.69049461013559,0.0551232597728795
-11.2533569335938,1.5660626357106,-0.194182194494366
-11.0626220703125,2.08229957371299,0.890353220775454
-10.8718872070313,0.441215095372029,1.09155402856566
-10.68115234375,2.08220886171128,-0.850718724383929
-10.4904174804688,0.390503268213567,-0.257395962173705
-10.2996826171875,1.15274863011784,0.635073813379605
-10.1089477539063,1.32750684793717,0.15561036910709
-9.918212890625,-0.511120994185273,0.697129821518498
-9.72747802734375,1.9727655912998,0.732286771961962
-9.5367431640625,1.56842173614082,0.39126815938511
-9.34600830078125,0.0931700731436041,-0.238754115739977
-9.1552734375,0.596555400453526,0.677710115983466
-8.96453857421875,1.19559736068408,1.02042981133434
-8.7738037109375,0.406361021526026,0.637740731038297
-8.58306884765625,0.552212176990163,1.56553381319197
-8.392333984375,2.49327904159817,0.298839360903472
-8.20159912109375,0.361990445739905,1.18126376488209
-8.0108642578125,0.880486686771988,0.967253681960119
-7.82012939453125,2.60865446488179,1.72122607152849
-7.62939453125,1.85616871395199,1.31575976513927
-7.43865966796875,2.24217043173913,-0.696362201839668
-7.2479248046875,1.6863420308889,-1.28181262567096
-7.05718994140625,0.589396768700951,0.565100954162965
-6.866455078125,0.404477410400604,0.653486687366977
-6.67572021484375,1.72751042741907,0.505704934077
-6.4849853515625,2.25658589133885,-0.44740397991677
-6.29425048828125,0.180817581910249,1.37438300711358
-6.103515625,1.74435159858304,0.362448906903378
-5.91278076171875,1.68436387355823,-0.107896747731402
-5.7220458984375,1.22354948851352,0.0359944689402756
-5.53131103515625,0.666040319018171,-0.0293542641489885
-5.340576171875,2.80990150623854,0.580523233549288
-5.14984130859375,0.276084346467466,-1.23712670624351
-4.9591064453125,1.38832427067011,-0.844114863120092
-4.76837158203125,-0.764973818621193,-1.68061271732809
-4.57763671875,2.51236378550839,0.793707144784806
-4.38690185546875,1.4065215409846,0.687669258705713
-4.1961669921875,2.04664524382372,-0.656031839715115
-4.00543212890625,0.375596211608806,1.30084429662691
-3.814697265625,0.632876953054755,-0.500629257620933
-3.62396240234375,-0.269481137857957,-0.421338428405162
-3.4332275390625,1.25191121143637,-0.897819993227442
-3.24249267578125,1.28178235803697,0.430513886552717
-3.0517578125,0.212717184403072,0.130864246192157
-2.86102294921875,-0.178610415860401,0.753272415515672
-2.6702880859375,1.34441094755068,0.853657696061827
-2.47955322265625,1.1097407310672,1.02882382049218
-2.288818359375,1.18582550142261,0.390488984517119
-2.09808349609375,2.07298712260237,0.758816873065674
-1.9073486328125,2.26803418190328,1.1133359544603
-1.71661376953125,1.63101121570296,0.559353941212696
-1.52587890625,0.933755877826563,-0.22721145415441
-1.33514404296875,1.44828569348973,1.03197952654359
-1.1444091796875,-0.0483531437127924,-1.24465129109869
-0.95367431640625,1.05653851629511,-0.208619624750487
-0.762939453125,1.35224424974345,-0.0514150933296826
-0.57220458984375,-0.472862656805672,-0.0309259803515896
-0.3814697265625,1.04537521877058,0.464310473939419
-0.19073486328125,0.583701621676774,0.689682146920102
0,0.692522435864311,1.44926928163463
0.19073486328125,0.355469872253141,0.593151390372654
0.3814697265625,-0.0474743974997257,1.26673033000304
0.57220458984375,1.12402565582271,1.13837316250746
0.762939453125,1.59237214475644,-0.612857147588737
0.95367431640625,1.41747454017933,0.268716952604981
1.1444091796875,0.558297097850295,-0.0242882206574243
1.33514404296875,1.79843003179219,-0.329920376052845
1.52587890625,0.253158091477,-0.439345236072549
1.71661376953125,0.424967960324327,-0.189595208450488
1.9073486328125,1.47906448526143,-0.0316571343651397
2.09808349609375,0.666144179176435,-1.17836167825896
2.288818359375,-0.0368773509125769,0.116412293484483
2.47955322265625,0.947392250262836,1.36214408106274
2.6702880859375,1.34451573710382,-0.431434563289702
2.86102294921875,0.804121588871485,0.634929620732711
3.0517578125,2.29459304160613,-0.474882004256489
3.24249267578125,1.2461383535797,-0.232450130947246
3.4332275390625,-0.995837618028533,0.20704233474695
3.62396240234375,0.744871178089229,0.653405359460567
3.814697265625,0.0734741195709352,0.5631721351592
4.00543212890625,2.29532070675529,-0.446100748628113
4.1961669921875,-0.640323567049897,-1.21481779124001
4.38690185546875,0.386710531690964,-0.0421521422498728
4.57763671875,0.400481102152847,0.532316081825416
4.76837158203125,0.964250397961893,-0.424844196516431
4.9591064453125,-1.34009202841483,0.773049121285925
5.14984130859375,1.51390590910442,-0.448160780375227
5.340576171875,1.15087461434073,1.15015706575348
5.53131103515625,-1.2807601197637,-0.318080693816339
5.7220458984375,0.474151256246821,0.223092948656185
5.91278076171875,-1.16147886454847,-0.765928759252899
6.103515625,1.23659272203775,1.57171943109031
6.29425048828125,0.395746005734101,-0.681641846515765
6.4849853515625,0.323549621111956,-0.470484094840513
6.67572021484375,0.428920455905987,0.347423821216313
6.866455078125,-0.269303432896628,0.625176893140229
7.05718994140625,-0.0658590509039378,0.159501727832684
7.2479248046875,1.72349996277036,-0.774034904561059
7.43865966796875,1.6060880873518,0.850489245957598
7.62939453125,-0.0189587914579453,0.584699215770299
7.82012939453125,-0.293980440881574,1.34873939170914
8.0108642578125,1.05189198638308,-0.312933367376313
8.20159912109375,0.591823330155995,1.39986612560689
8.392333984375,0.535288342314882,-1.34425007121261
8.58306884765625,0.140515812794314,-0.415294594186086
8.7738037109375,-0.67560391508234,0.888344437799433
8.96453857421875,-0.0929317424393124,1.31893614806782
9.1552734375,0.848408813663612,-0.146076047017649
9.34600830078125,0.408491961885141,0.286948312105913
9.5367431640625,0.236910684488807,3.03035235777748
9.72747802734375,-0.198369438886215,1.27955235406927
9.918212890625,1.65566345272195,-0.31197959908926
10.1089477539063,2.34899078805188,-0.0876442753010543
10.2996826171875,0.999098802341029,1.96211086030967
10.4904174804688,-0.401061663684777,0.673480094525566
10.68115234375,1.20908660100994,1.46943582821254
10.8718872070313,1.09683504361236,0.228907965843229
11.0626220703125,0.568678574583986,-0.312802257720151
11.2533569335938,1.89566048740149,0.082222816297459
11.444091796875,0.7658218259892,0.158701099309894
11.6348266601563,-0.141975802977416,0.299086572875384
11.8255615234375,0.999390179695208,1.42621954141321
12.0162963867188,1.75652041885006,-0.491803384308869
12.20703125,1.03293973655489,0.953465849691163
12.3977661132813,-0.383237089232873,1.08573875586719
12.5885009765625,-0.0243833224012944,0.654031659218532
12.7792358398438,1.06126216052352,0.623907651068498
12.969970703125,-0.355793950717691,-1.66075602400554
13.1607055664063,2.53516550223696,-0.139902560724571
13.3514404296875,0.658054322673818,1.42462911855693
13.5421752929688,1.43522470901946,1.74370400991968
13.73291015625,0.283850723223803,-0.0332718672233481
13.9236450195313,0.210090195939194,0.694006980763762
14.1143798828125,0.429639958638709,-0.508292969472873
14.3051147460938,2.66511794644187,-0.352407069310922
14.495849609375,1.47847519498949,0.977979429256367
14.6865844726563,-0.034935564104651,1.02531088337126
14.8773193359375,-0.459145870801542,0.758015651098955
15.0680541992188,0.612501879053353,0.731124999463653
15.2587890625,1.16216553866226,0.434776531470605
15.4495239257813,-0.249265676773253,-0.192788956554005
15.6402587890625,0.694070439743774,0.60273802975569
15.8309936523438,1.1920182482247,-0.204683967149288
16.021728515625,0.794540771183711,-0.761982002527746
16.2124633789063,1.98081171459129,1.04566514267009
16.4031982421875,0.273704865676084,0.0756709607571644
16.5939331054688,0.174325201796539,0.0366041100222188
16.78466796875,2.38597423858561,-0.0384429936694733
16.9754028320313,0.0775081869532528,0.980152680536765
17.1661376953125,1.86436906059793,0.831193630598064
17.3568725585938,0.0292863852870544,1.54938810872291
17.547607421875,1.3766768069992,-0.531271481819095
17.7383422851563,0.644967848893193,-0.348134657325453
17.9290771484375,0.532247841283382,-0.3367553463009
18.1198120117188,0.0823352491008045,0.18014345476291
18.310546875,1.32474494439451,-0.445138904863604
18.5012817382813,0.782559393863824,-0.855884249459207
18.6920166015625,0.956626239712633,0.62562240851612
18.8827514648438,2.12039882745557,0.823713165652189
19.073486328125,1.24900160431901,0.369621998742942
19.2642211914063,0.177674793873943,-0.188697335418075
19.4549560546875,0.383209793301791,-0.558704211605485
19.6456909179688,-0.0570518171653881,1.1951260180792
19.83642578125,0.354237637459893,-0.1517669627937
20.0271606445313,1.74096462224323,-0.389889125601227
20.2178955078125,1.06568303460128,0.882518847409034
20.4086303710938,0.107829371839182,0.405469281953924
20.599365234375,0.623124728902978,0.062997728861664
20.7901000976563,0.524066923565121,-0.291032574070676
20.9808349609375,1.06811724093078,0.683852528160775
21.1715698242188,-0.273913887523893,-0.215001692110851
21.3623046875,0.193541809264537,1.15024394487816
21.5530395507813,0.168549411662409,0.422194996986383
21.7437744140625,0.164907455855411,0.779324037176983
21.9345092773438,-1.11998376101252,0.133677136033485
22.125244140625,1.40838819686561,0.00836680261754012
22.3159790039063,1.35629210866946,-1.75714499627393
22.5067138671875,0.205847895649232,0.216531877872992
22.6974487304688,0.693803352982322,0.84000899790084
22.88818359375,1.07773033772963,0.00895040793616134
23.0789184570313,-0.14185644364489,-1.33349712652921
23.2696533203125,1.93356728430335,1.02181678045087
23.4603881835938,1.1340584142089,-0.690557340259162
23.651123046875,-0.657461941047498,0.823309697988853
23.8418579101563,-0.174752989622603,0.936824410639006
24.0325927734375,0.191963903545504,1.22589673137189
24.2233276367188,-0.0224424317014575,-0.396262021976401
24.4140625,0.650768706472658,0.36323119962709
24.6047973632813,0.509647383029937,2.01372340928728
24.7955322265625,0.451980538526614,0.878136682907716
24.9862670898438,0.145943609168571,-0.502550929486662
25.177001953125,0.436998564940615,0.333466790499014
25.3677368164063,0.155191567126398,1.35286949926844
25.5584716796875,0.680773540621919,0.227490327677432
25.7492065429688,0.954668077807208,0.154080015713875
25.93994140625,0.721125004695721,0.404722276416011
26.1306762695313,-0.372601774946162,0.265307580421968
26.3214111328125,0.444736300130785,1.16136543338676
26.5121459960938,1.02810729385707,-0.0654596897408816
26.702880859375,0.697069621973345,-0.405663953199158
26.8936157226563,0.149220494905154,1.07605895327519
27.0843505859375,0.398178103066279,0.70309370132394
27.2750854492188,0.720179835255476,0.412849563677304
27.4658203125,1.45261377646618,0.846918959941726
27.6565551757813,-0.0694731793675751,1.38705729054611
27.8472900390625,0.908609637888076,1.40250075852948
28.0380249023438,-0.692072121059993,2.05461003020229
28.228759765625,1.3998550388424,0.121462508876093
28.4194946289063,1.33625136295922,-0.652301797090451
28.6102294921875,0.77454065043294,0.340404025128747
28.8009643554688,0.475531102002899,-0.467966298227073
28.99169921875,0.431713014947395,0.805500926999689
29.1824340820313,-0.491700410024527,0.239036970735308
29.3731689453125,1.17129996539641,0.426453393856043
29.5639038085938,1.04283501494113,0.483662561704205
29.754638671875,0.0303058578170917,1.61336029803513
29.9453735351563,0.531136299444132,0.73496597927736
30.1361083984375,1.30143607515968,0.24685581881638
30.3268432617188,1.6967175823523,1.49951107148105
30.517578125,1.84975880583832,1.1185312141397
30.7083129882813,0.832048710092131,1.08022067426892
30.8990478515625,2.0830795664277,-0.361860105694185
31.0897827148438,0.312553924984386,-0.741886574359441
31.280517578125,1.41288748987885,0.0209377362670935
31.4712524414063,0.76058111309301,-0.250192087788743
31.6619873046875,0.243422146495776,1.89220487305586
31.8527221679688,0.687380662599775,0.537919247132861
32.04345703125,1.41606348646902,0.0230740953215465
32.2341918945313,-0.699633415148952,0.768042007780859
32.4249267578125,0.459415078668708,0.285813232222065
32.6156616210938,-0.0501029353205596,0.078921197575108
32.806396484375,-0.587307560435196,-0.203709902847665
32.9971313476563,-0.610960431715166,0.502376170259202
33.1878662109375,1.60767064661241,0.974154234958997
33.3786010742188,0.889366937688046,0.508056907823562
33.5693359375,0.943540633641128,0.204814807980665
33.7600708007813,1.77797078026778,1.7608022682696
33.9508056640625,-0.204651898315778,0.465615743904286
34.1415405273438,0.684715843271523,-0.106850492814507
34.332275390625,0.920636790798176,0.485277855323427
34.5230102539063,1.04094565514126,1.31367545874511
34.7137451171875,-0.398114653493106,-0.228813729847811
34.9044799804688,0.37271506714109,0.536781080838266
35.09521484375,0.954708576714581,1.0017358610416
35.2859497070313,0.419681547355719,1.31712284793086
35.4766845703125,-0.324920110348549,-0.601147812948609
35.6674194335938,0.517174341124285,0.238801915953512
35.858154296875,1.25915015239123,0.404619426337337
36.0488891601563,-0.00527508993816546,0.505879477276921
36.2396240234375,1.71676405548078,0.598323088984292
36.4303588867188,2.60054802012098,-0.270204242817354
36.62109375,-0.166319354654822,-1.05088329553443
36.8118286132813,1.12392937756597,0.624020952194406
37.0025634765625,1.42628760224532,0.634107590890729
37.1932983398438,0.358247750776654,1.5725688356568
37.384033203125,0.508717799902206,-0.107919639736862
37.5747680664063,0.87236408597169,-0.329557653589006
37.7655029296875,1.08030221276001,1.34039165905849
37.9562377929688,0.365471330467509,0.623194834345784
38.14697265625,0.177216114434828,0.52963163517001
38.3377075195313,1.99939874159009,-0.126291436331441
38.5284423828125,1.33192614452108,-0.299070558341302
38.7191772460938,0.46263004505753,0.102753268726097
38.909912109375,0.561660829134617,0.341856068988496
39.1006469726563,1.03199624224017,-0.227206883474034
39.2913818359375,0.301207262417444,1.36231926437995
39.4821166992188,-0.243529290346151,0.314221244770819
39.6728515625,0.470523076181048,1.02881705967685
39.8635864257813,0.919264532635573,0.341201326640602
40.0543212890625,-0.112758999834935,-0.52492088797949
40.2450561523438,1.85288904272402,0.719743839407256
40.435791015625,2.19768776708028,-0.693968166033677
40.6265258789063,-0.106803827087717,-1.3029995524313
40.8172607421875,0.987059025278275,0.757160519308999
41.0079956054688,-1.11865729888852,1.42142706365008
41.19873046875,-0.073275957166179,-0.5688629925431
41.3894653320313,1.44057617237791,0.0259598600837558
41.5802001953125,1.38231061043672,-0.564294924064364
41.7709350585938,0.330979609371479,0.584232336200734
41.961669921875,-1.6779183239819,0.729673062439349
42.1524047851563,1.52259841001492,0.871818539893118
42.3431396484375,0.665995257346462,-0.394515545389144
42.5338745117188,1.66358339169642,0.125610070091503
42.724609375,0.556273439346096,1.02102979650405
42.9153442382813,2.26684091172279,0.106709987845893
43.1060791015625,2.70357739284885,0.0737118180769309
43.2968139648438,1.66852035417831,0.154516296600018
43.487548828125,0.536882128358981,0.223791166183739
43.6782836914063,1.42765046678357,-0.510040748861967
43.8690185546875,0.163654283406411,0.100408039871966
44.0597534179688,-0.212203138072302,1.17951722570231
44.25048828125,2.36830419151483,0.555582443075808
44.4412231445313,1.50553631856346,0.401460082010972
44.6319580078125,1.36870828286249,0.71602072676416
44.8226928710938,0.441085263557331,0.058181046600588
45.013427734375,0.350212488675554,0.697579228966347
45.2041625976563,0.322480443974655,0.0482834723937574
45.3948974609375,0.86449792079027,-0.270138335077218
45.5856323242188,-1.11311784722151,-0.770874400828614
45.7763671875,0.54037314138541,0.0640761955964654
45.9671020507813,1.33436225248639,0.0392685060738293
46.1578369140625,0.1609368229592,-0.000631877771727916
46.3485717773438,0.83849377272571,1.57260566048152
46.539306640625,-0.412894092655714,0.467296898127889
46.7300415039063,-0.42923767168333,-0.323058102679355
46.9207763671875,-0.119190798070596,-0.352564803358039
47.1115112304688,1.15494387056687,-0.438222653253395
47.30224609375,0.556454996089436,0.701376566833992
47.4929809570313,-0.81904758373126,1.48148560087356
47.6837158203125,-0.00668179319391756,-0.0494857605583103
47.8744506835938,1.41763395568605,0.324971501264575
48.065185546875,0.781406443530071,-0.264681437008283
48.2559204101563,-0.209698152416493,1.85752585616029
48.4466552734375,0.864586789569862,0.356080200962117
48.6373901367188,1.04796511201018,-0.183624339503306
48.828125,0.390902517114043,-0.296432969541407
49.0188598632813,0.368736923339045,1.58077988334766
49.2095947265625,0.548775433575334,0.48493269930283
49.4003295898438,0.423179544355414,0.324518173075458
49.591064453125,1.03599918035214,-1.53053186313667
49.7817993164063,0.484269014596904,-0.39341515378211
49.9725341796875,0.245537838612418,0.358303822338045
50.1632690429688,1.76826823020315,0.465871726409078
50.35400390625,-0.944060639628496,0.156708451332034
50.5447387695313,1.20814205545997,0.645284060267705
50.7354736328125,-0.106967867392617,1.19146108045596
50.9262084960938,0.159971536748318,0.490461064949801
51.116943359375,-0.449617881183534,1.28987009002333
51.3076782226563,0.554475712033377,1.51258524744573
51.4984130859375,0.868853722082832,-0.155270160907645
51.6891479492188,1.00931133657725,0.980152497325946
51.8798828125,0.788019054570296,1.67353302018001
52.0706176757813,0.0694373181393593,0.441320263480205
52.2613525390625,1.08373507896394,0.696726267094173
52.4520874023438,-1.21125093696636,-0.580183666503988
52.642822265625,1.4945212491812,0.693405823360341
52.8335571289063,0.254592403954293,0.121564018209548
53.0242919921875,1.63477439603842,1.17549601505016
53.2150268554688,1.2206872796629,-0.236673637459168
53.40576171875,0.702304087429515,1.35288451722113
53.5964965820313,1.11949321034495,-0.771625538435476
53.7872314453125,-1.19762346425001,-0.802660567013837
53.9779663085938,1.13404978195508,-0.0447458951686147
54.168701171875,-0.338766485862968,2.03036182516588
54.3594360351563,0.185509286293132,1.14853017695221
54.5501708984375,0.792741376391732,-0.428606504104609
54.7409057617188,0.091951761467848,0.916948916462268
54.931640625,-0.180193134514684,0.751839082464167
55.1223754882813,0.692019648461868,0.934527770540445
55.3131103515625,1.2901644425073,0.933902909818652
55.5038452148438,1.4842434222348,-0.403628646182643
55.694580078125,1.38882723978109,0.841629463482565
55.8853149414063,1.67508896438997,1.84723160719484
56.0760498046875,-0.137184277729307,0.463493647040915
56.2667846679688,0.694318115211382,-0.699911883856807
56.45751953125,0.107909606944905,0.218205149646563
56.6482543945313,0.355554143259188,0.388557446481684
56.8389892578125,0.421328955342989,1.3885792362381
57.0297241210938,-0.159630406491316,0.677255447079979
57.220458984375,-0.0396473794685712,-0.196594384804812
57.4111938476563,1.74898779728192,0.344732953100467
57.6019287109375,1.68846919985208,0.128489160623285
57.7926635742188,0.469028682208691,0.700831759119225
57.9833984375,0.352070214555285,0.563657743831971
58.1741333007813,1.42693424598616,-1.04020173755967
58.3648681640625,1.36694790642473,1.78719021282905
58.5556030273438,-0.418115314396131,-0.154182659490756
58.746337890625,0.603151546114981,-0.897575822179336
58.9370727539063,1.36182916249528,-0.523147972541623
59.1278076171875,-0.838136679777282,-0.775777077579438
59.3185424804688,1.39120259066391,1.37554615221806
59.50927734375,0.751563034964842,-0.600343308592445
59.7000122070313,0.173729631906256,0.759193050865338
59.8907470703125,-0.0769133737904364,1.24809655152252
60.0814819335938,0.311689731382151,-0.0474283387585584
60.272216796875,0.303315673372611,-0.116128456590533
60.4629516601563,1.02579290359693,0.120156585861125
60.6536865234375,-2.27721712405166,0.884264528202245
60.8444213867188,1.36300226023042,-0.199596258247746
61.03515625,0.405302803030798,0.80187761179818
61.2258911132813,1.65397104094526,-0.698178105118086
61.4166259765625,2.06303645755796,1.85564920713907
61.6073608398438,-0.353607748271413,0.179584655349753
61.798095703125,0.312208057758868,0.815125358629104
61.9888305664063,1.48070656392999,0.432127409228267
62.1795654296875,-0.171175234167099,-0.373708740189299
62.3703002929688,1.31652261364336,1.70897957343262
62.56103515625,-0.867056874877618,-0.319506376422305
62.7517700195313,0.959666958010736,0.854820079310096
62.9425048828125,-0.207782026555211,1.26649185339652
63.1332397460938,2.5321752167199,0.586615934037283
63.323974609375,0.394222710394442,-0.643847339661115
63.5147094726563,1.12480660631812,0.213541149358449
63.7054443359375,-0.134460943415058,0.298587990062297
63.8961791992188,-0.0414581496080876,0.599387350909345
64.0869140625,1.46985259465355,0.381043716001858
64.2776489257813,-0.231458912768554,0.340180601325049
64.4683837890625,0.362632063333881,1.18522182082411
64.6591186523438,2.05453393583779,0.635282573237716
64.849853515625,1.21624916748145,2.12782924361041
65.0405883789063,1.15155970297679,-0.74434645878497
65.2313232421875,0.714965227642835,-1.14678965035149
65.4220581054688,-0.364687183061401,0.866061881385251
65.61279296875,0.989629417348235,-0.202984567335586
65.8035278320313,1.33621867576016,1.22341366785831
65.9942626953125,-0.310338155322816,1.33400059798261
66.1849975585938,0.375627022405071,0.039446497863495
66.375732421875,1.13794738509412,-0.160240293641713
66.5664672851563,0.0524463120237891,1.08942654062255
66.7572021484375,-0.587231169317482,0.449031331296084
66.9479370117188,-0.235195377574742,0.991893934920062
67.138671875,-0.257990443942827,-0.527223891682506
67.3294067382813,0.810289326784783,-0.166262403475006
67.5201416015625,0.100396518437291,0.888470608962585
67.7108764648438,0.382505394158217,-0.537414316068349
67.901611328125,0.235968486208498,-0.389420979391748
68.0923461914063,1.16199442326164,2.18712786556216
68.2830810546875,1.50644155610982,-0.618528020973291
68.4738159179688,1.4488180982167,0.251409096430064
68.66455078125,0.153078613886797,0.827130313656131
68.8552856445313,1.26370796961308,0.339292181498426
69.0460205078125,2.19286167314353,1.61858851646368
69.2367553710938,0.666472101467819,0.315889608982015
69.427490234375,0.0359276997144835,0.649054115903823
69.6182250976563,-0.0411457410157077,0.138658844348892
69.8089599609375,0.567090858371917,0.786131033797483
69.9996948242188,1.08457900941744,0.0747949673799179
70.1904296875,1.714163679144,0.411409702435053
70.3811645507813,1.77308624294412,0.312044604519763
70.5718994140625,1.49215519924608,0.26820053952815
70.7626342773438,1.20217210423544,1.20047485870308
70.953369140625,0.177360333691032,0.852937143499492
71.1441040039063,1.14049229385466,0.63629477350902
71.3348388671875,1.46032869088632,0.172013764730568
71.5255737304688,1.49835925631027,-0.322424226704075
71.71630859375,0.251195036336542,1.66236630488556
71.9070434570313,1.23776286062483,0.346651430269938
72.0977783203125,0.278050830842404,1.99352269431116
72.2885131835938,0.102008595350673,0.570344283024677
72.479248046875,-0.966568925446562,-0.129745739082011
72.6699829101563,-0.53938076432295,0.0499139601243154
72.8607177734375,0.357775081665286,1.72879416122992
73.0514526367188,0.67421906787672,-0.894742856756069
73.2421875,0.804500802414476,1.19496801831119
73.4329223632813,-0.682493937815394,0.827900472365222
73.6236572265625,1.07537838822617,0.102229191992394
73.8143920898438,0.310826546950757,0.551952384109684
74.005126953125,-0.724709045538267,0.16416086182124
74.1958618164063,0.655460986131462,0.554768391647605
74.3865966796875,0.879410184925333,-0.731745747034296
74.5773315429688,1.13308689288991,0.318066286408477
74.76806640625,0.607500147561914,-0.620061544750541
74.9588012695313,0.601845416405469,-1.25867258445071
75.1495361328125,1.43896963017516,1.51134063452939
75.3402709960938,1.39540285038754,0.108235441838044
75.531005859375,-0.630098335762999,-0.288971408358862
75.7217407226563,0.663839477018394,0.775176052695906
75.9124755859375,0.6706641543666,0.320770971535771
76.1032104492188,1.04775153088855,0.986754423135478
76.2939453125,0.931202979367718,1.27491927083261
76.4846801757813,-1.32371296177732,0.33083312148467
76.6754150390625,1.18106006360357,0.0452044594599948
76.8661499023438,1.16105647615798,0.293793200015652
77.056884765625,1.20807406848858,-0.0541594684147768
77.2476196289063,1.25274396792597,-1.03950180538519
77.4383544921875,-0.607625065437141,-0.306158876534328
77.6290893554688,1.88134121708272,0.241990098211168
77.81982421875,1.60214022977404,0.111684780759995
78.0105590820313,-0.233087091973405,-1.22847972623127
78.2012939453125,1.16834053552031,0.103128839697516
78.3920288085938,0.11707469926457,0.989404112591197
78.582763671875,1.24143457712242,1.62117613019875
78.7734985351563,-0.70682531648739,1.70025390768527
78.9642333984375,0.829591885065367,1.27460914406562
79.1549682617188,-0.44045137371531,1.46669728711446
79.345703125,1.48713880267982,-0.619308208024772
79.5364379882813,-0.0246928569870617,-0.172828770875485
79.7271728515625,-0.239228026920979,0.530336002675007
79.9179077148438,0.787369722215298,0.9468654885456
80.108642578125,-0.318309258539988,0.522355996592633
80.2993774414063,0.0923359695780318,0.90239117462528
80.4901123046875,0.1576470346356,-0.727696552477276
80.6808471679688,0.251876897304019,1.00030332117782
80.87158203125,0.310155357415057,1.33095621930416
81.0623168945313,-1.72187564678964,-0.721683126844063
81.2530517578125,0.232484337037857,-0.603728621097247
81.4437866210938,1.70720442459705,0.221486866457633
81.634521484375,-0.0515928779189303,0.539485517931116
81.8252563476563,0.562838165680459,0.777170549544171
82.0159912109375,0.323290764624037,1.23973807830659
82.2067260742188,0.83799584401627,0.608400790919643
82.3974609375,0.29972636395151,0.856281168600505
82.5881958007813,1.2181233600365,0.415755948801924
82.7789306640625,-0.294521655485326,0.595611538543668
82.9696655273438,0.132331182791549,-0.0116522311377246
83.160400390625,-0.594071992030756,0.977155179468073
83.3511352539063,1.59155593828545,0.676104888097508
83.5418701171875,0.975929969631909,0.999163756681425
83.7326049804688,-0.880375821018625,-0.286830862521045
83.92333984375,1.29137492549445,0.124597000121911
84.1140747070313,1.81040249735444,0.651874106505776
84.3048095703125,0.45947533301623,0.10354479587436
84.4955444335938,1.07849333099178,0.290845573540611
84.686279296875,1.66779982605878,0.46672272802919
84.8770141601563,1.73243020860722,-1.27452880868094
85.0677490234375,0.733340474803856,0.321583564652249
85.2584838867188,0.077399379867881,2.46393723630572
85.44921875,-1.004016616075,0.491701723970194
85.6399536132813,0.205591627027737,1.86988154036357
85.8306884765625,1.91197491784982,1.32508279353894
86.0214233398438,0.603023342274046,1.22234160537623
86.212158203125,1.34973934050757,-0.0421127856159985
86.4028930664063,1.24476039328325,0.703802834949254
86.5936279296875,1.52923980138231,0.492622904711548
86.7843627929688,1.25041059922719,-0.31443972360751
86.97509765625,1.35579361597628,-0.169890938830144
87.1658325195313,0.478426647340218,2.07960058862413
87.3565673828125,0.432491953884521,-0.0652145315823482
87.5473022460938,0.69214234445363,-0.162891410198674
87.738037109375,0.627524224734452,-0.626799937280202
87.9287719726563,0.189081699241688,1.6332046487812
88.1195068359375,0.540022225304865,0.427430380356711
88.3102416992188,2.42777203001998,1.43663711269449
88.5009765625,0.189998069261834,1.61151648563333
88.6917114257813,0.522809605585242,0.370431135055336
88.8824462890625,0.449235589628755,0.777821663841741
89.0731811523438,-0.492041140068407,-0.0111020223727316
89.263916015625,0.0519630891074242,0.473972682490927
89.4546508789063,-0.0356995371930175,0.129754729974893
89.6453857421875,0.17978895078531,1.1447713779329
89.8361206054688,-0.343548668450846,-0.0799042231439312
90.02685546875,0.170345514130807,-0.515917975177819
90.2175903320313,0.136132363323015,-0.451374221775545
90.4083251953125,0.962863570090623,0.310776806942341
90.5990600585938,-0.170751358979065,0.730394028442502
90.789794921875,-0.0921860057006152,1.34508535148843
90.9805297851563,0.756537352134217,-0.114790663683948
91.1712646484375,0.31157497499098,-0.842778044146774
91.3619995117188,0.368195167371507,1.35567320366827
91.552734375,0.872014188813837,1.50911540320125
91.7434692382813,-0.0986651330783355,-1.36646121403929
91.9342041015625,-0.353023217335341,-0.00880347839133275
92.1249389648438,-0.455873751890051,1.19404185635383
92.315673828125,0.333887624143832,0.385831082652761
92.5064086914063,0.65493554325515,-0.16081104503956
92.6971435546875,1.5954892807263,0.726601385673007
92.8878784179688,1.63268865336583,0.219277118026535
93.07861328125,-0.340388591314528,0.720638192595043
93.2693481445313,0.306898907264224,-0.150697462605354
93.4600830078125,1.62326386203304,1.15382542632696
93.6508178710938,1.5068608494298,0.224562037327501
93.841552734375,0.344543215424112,0.326897069598264
94.0322875976563,2.18919272575083,-0.929086643246677
94.2230224609375,1.3617144216434,1.92660091368029
94.4137573242188,2.2770775314695,0.906673495050911
94.6044921875,1.38753008470598,0.1630341118422
94.7952270507813,1.22728231228221,0.914550944077122
94.9859619140625,1.49908051016525,1.17908926745943
95.1766967773438,0.410344299710763,0.767915457872949
95.367431640625,1.54199023881513,0.639142443001126
95.5581665039063,-0.285058453651828,0.599671533662559
95.7489013671875,-0.538001686506725,1.16912633218653
95.9396362304688,-0.332321680432978,-0.934695587379859
96.13037109375,-0.776590200227756,1.77457860517055
96.3211059570313,0.579266951225853,0.424750262549351
96.5118408203125,1.46138729927364,-0.125473064816281
96.7025756835938,-0.084857423226169,0.398229379013675
96.893310546875,1.25255429323806,0.776418538327544
97.0840454101563,0.146262270838437,1.3899674675176
97.2747802734375,0.559744583834357,1.22488200465784
97.4655151367188,0.385137823245301,-0.360258238217741
97.65625,1.37095721163375,1.05282310783848
97.8469848632813,0.308964482792647,0.85607025114653
98.0377197265625,0.880844622875294,1.93436304432227
98.2284545898438,-0.349101582740243,0.52985331252611
98.419189453125,2.1445705626975,-0.619733352393288
98.6099243164063,0.50225509441413,1.80569594230399
98.8006591796875,1.05810464851065,1.50212676137346
98.9913940429688,0.714916100137642,-0.517307773442934
99.18212890625,0.633069173953882,-1.84927260670841
99.3728637695313,2.03532001059097,0.905149039370602
99.5635986328125,-0.25698898872399,0.328804839331606
99.7543334960938,-0.0837234364765616,-0.67763174203284
99.945068359375,0.0482471257294427,1.92007154148395
