Fre(kHz),Re,Im
-99.945068359375,-1.32723747453284,1.44497144541433,ZeroPoint:Tj,62,5
-99.7543334960938,-1.04341783408571,0.784799326488019,Const.;stime,3.11017608,6.4E-07
-99.5635986328125,-0.426756551441637,1.23693771995925,Fre.Range:Tau,-100:100,1.5E-05
-99.3728637695313,-1.14093050988961,1.21691334006297,FFTSize:DataSize:Firstpul,8192:8192,5E-07
-99.18212890625,-0.528193001309429,0.0817961013015546,2p5msF6666,Freq.=141410000
-98.9913940429688,-1.64443811903664,0.812492695491824
-98.8006591796875,-1.07721954084945,-0.637598153597224
-98.6099243164063,0.72450971164602,1.43938755837545
-98.419189453125,-1.67485733768856,1.14591948062168
-98.2284545898438,-0.876078491951004,0.585595579942799
-98.0377197265625,1.01440780277694,1.67629487850486
-97.8469848632813,-0.836415754691603,2.17560578113999
-97.65625,-2.38304602622285,1.05827555204295
-97.4655151367188,-1.14012855427346,-0.142052035525659
-97.2747802734375,-0.989731294967623,-0.281402484407505
-97.0840454101563,-2.27469184562019,1.14030264578282
-96.893310546875,-0.123601071548506,0.276754592159423
-96.7025756835938,-1.36142749047101,-0.537271215222459
-96.5118408203125,0.484421458154979,-0.280560612728746
-96.3211059570313,-1.00106768249833,1.83841805564972
-96.13037109375,-1.95424505814267,-0.589172080771736
-95.9396362304688,-0.444974437367105,0.120752632781544
-95.7489013671875,-0.415981624871757,0.903068223118452
-95.5581665039063,-1.7413745392553,0.623971740629882
-95.367431640625,0.0541822527073773,1.20518433258055
-95.1766967773438,-1.57240581023301,1.19007370236755
-94.9859619140625,-2.18004884247925,0.82273450298327
-94.7952270507813,-1.42364454447611,1.51025618111218
-94.6044921875,-0.385307125738673,0.533380676665685
-94.4137573242188,0.825593018425684,0.508742610783627
-94.2230224609375,-0.901000364945592,2.33850958152544
-94.0322875976563,-2.55788009535149,0.482867230254412
-93.841552734375,-1.56429893769249,-0.277013316753382
-93.6508178710938,-0.243087663333713,1.23377145534874
-93.4600830078125,-1.23469266686176,2.06156054967753
-93.2693481445313,-0.761478067946335,1.04145200316307
-93.07861328125,-0.870959476933006,0.623248426355746
-92.8878784179688,-0.160707334753673,0.535410708882178
-92.6971435546875,-0.562893102079277,0.584773276748319
-92.5064086914063,-3.12874098710918,0.604176380209146
-92.315673828125,-0.546312763400082,0.721529549095901
-92.1249389648438,-1.44855308102431,0.42901752848814
-91.9342041015625,0.00662377665004885,2.20918168796934
-91.7434692382813,-0.0406812752441799,0.263383662993134
-91.552734375,0.34365947450589,2.07314885629093
-91.3619995117188,-1.48423922002865,0.769957445832309
-91.1712646484375,-0.837867248383143,1.37868820724661
-90.9805297851563,-0.681377737389308,0.34831855433797
-90.789794921875,-1.39390522891,0.982212821846553
-90.5990600585938,-2.52766447704761,1.00612026686978
-90.4083251953125,-0.544222873995818,0.97261404796367
-90.2175903320313,-1.34231054773721,1.03892119064987
-90.02685546875,-0.508562043297933,1.46103649820709
-89.8361206054688,-0.755002602297778,2.97706175343719
-89.6453857421875,-0.735108860724108,1.90021673021656
-89.4546508789063,-1.83322052861679,1.66494064343895
-89.263916015625,-0.443768840478558,0.883598922473113
-89.0731811523438,-0.649749914193681,0.927103323443605
-88.8824462890625,-0.790203233627088,1.572423033875
-88.6917114257813,-0.671571750949973,0.0294217391034504
-88.5009765625,-0.631670397343734,1.46511904299862
-88.3102416992188,-0.677488892653718,1.44362325628548
-88.1195068359375,-2.03024922293076,0.623226952066499
-87.9287719726563,-0.10470255301075,-0.494556201500738
-87.738037109375,-1.52125194401508,1.83423177649183
-87.5473022460938,-0.721875028668735,0.470017296910158
-87.3565673828125,-2.80967596528988,1.33521833931173
-87.1658325195313,-0.884792691864386,1.88357649065399
-86.97509765625,-0.44670352270505,2.28144890629912
-86.7843627929688,-1.81250137346314,0.297900115376409
-86.5936279296875,-3.33555432143713,1.34751862889188
-86.4028930664063,0.442950766670088,1.89409496881784
-86.212158203125,-0.288391655035323,2.16314477823427
-86.0214233398438,-0.820285458767742,1.25344060519369
-85.8306884765625,1.16624232657708,1.87645638938424
-85.6399536132813,-0.57226402371644,1.51669130080844
-85.44921875,-1.49584379232338,-0.155194921917963
-85.2584838867188,-1.65617889268151,0.118477896034371
-85.0677490234375,-0.0412230910873873,0.299370325894347
-84.8770141601563,-2.18210628276007,2.42098721879226
-84.686279296875,-1.97356831728739,0.417828221591373
-84.4955444335938,-1.04695777621244,1.15496918497705
-84.3048095703125,-2.06400372821481,1.24547736699074
-84.1140747070313,-0.547845113442665,1.53979286209865
-83.92333984375,-1.56539914450428,1.09290702223076
-83.7326049804688,-0.809994416372197,0.436957301020509
-83.5418701171875,-3.57400004068158,0.393184450993619
-83.3511352539063,-3.13017658194524,0.216729168300611
-83.160400390625,-0.798776628845374,2.22112249087565
-82.9696655273438,-0.288515144168257,1.61888585409919
-82.7789306640625,-1.40436005638029,1.42699094454622
-82.5881958007813,-1.26433542823147,1.30320335702654
-82.3974609375,-2.49115915490745,1.54073994034174
-82.2067260742188,-0.889807723409049,0.573944999444281
-82.0159912109375,-1.01408280094761,1.34444156294458
-81.8252563476563,-0.329376573800616,2.11651475233889
-81.634521484375,-0.799596803367652,1.58223234572303
-81.4437866210938,-1.63694629695461,1.57504144887419
-81.2530517578125,-1.04782841764779,-0.196235352530525
-81.0623168945313,0.252896770027575,1.50241363543295
-80.87158203125,-2.25998499192355,2.41431363861818
-80.6808471679688,-1.01749930996207,1.43274840399197
-80.4901123046875,-0.952584865000739,2.28083484577449
-80.2993774414063,-2.05339466014244,2.39233125605563
-80.108642578125,-3.3444411123059,2.08516806693818
-79.9179077148438,-1.25349123546403,0.805251872090164
-79.7271728515625,-0.757303215040667,1.76043498810418
-79.5364379882813,-0.506719252817257,1.91511236230228
-79.345703125,-0.321238557469076,1.46734028118358
-79.1549682617188,-1.60862268492684,2.08650544125078
-78.9642333984375,-1.20159187135756,1.3456558393648
-78.7734985351563,-0.304974609344493,1.17266986743841
-78.582763671875,-0.781239681608267,3.39645641684185
-78.3920288085938,-1.32059465595351,1.09874897372587
-78.2012939453125,-0.639112039610581,0.650219101229671
-78.0105590820313,-0.65289035277597,1.72771978310813
-77.81982421875,-1.00469440227905,2.14397990415902
-77.6290893554688,-1.01140600738531,0.742821315685284
-77.4383544921875,-0.833032032327305,1.13835705658435
-77.2476196289063,-1.2234663102676,1.09425831316096
-77.056884765625,-1.20508897938197,0.726468466339912
-76.8661499023438,-1.01222636116045,2.53434094320009
-76.6754150390625,-1.67509484568522,1.21928868611534
-76.4846801757813,-1.29817363252378,1.74755570035764
-76.2939453125,-1.68153020545791,1.45761911494679
-76.1032104492188,0.295804210225289,0.846882754168376
-75.9124755859375,-0.293203091703208,1.05007157403715
-75.7217407226563,-1.15290550950462,0.884389555761492
-75.531005859375,-0.546554887520913,1.61123828103026
-75.3402709960938,-0.337249291898018,1.67633314013131
-75.1495361328125,-1.87293133397098,2.04393495900557
-74.9588012695313,-1.01779011022784,2.4447083678063
-74.76806640625,0.26766194566419,2.20620957809732
-74.5773315429688,-0.317338716598544,0.371192382352079
-74.3865966796875,-0.907771049891917,1.94058995438149
-74.1958618164063,-2.00433589616569,1.93660280292628
-74.005126953125,-0.541721520454559,2.20111794527251
-73.8143920898438,-1.24630234093198,1.9728888519677
-73.6236572265625,-1.47846132660587,2.14577315087602
-73.4329223632813,-0.451680574797426,1.20681467139824
-73.2421875,-1.12319012753077,1.56745393425618
-73.0514526367188,0.219818174811058,2.43453125721267
-72.8607177734375,-0.305697191134571,1.51865036035844
-72.6699829101563,-2.15081715460994,0.646266042920759
-72.479248046875,-1.38915877453198,2.32716103852343
-72.2885131835938,-2.53773010943932,1.33887145269197
-72.0977783203125,-1.85194300767331,3.55122925485539
-71.9070434570313,-1.10156533785425,1.46729382503484
-71.71630859375,-1.51037550614733,1.97522667754445
-71.5255737304688,-1.44308162019852,1.22003458133829
-71.3348388671875,-0.931968715930284,1.96524846792151
-71.1441040039063,-0.40592501953979,3.00924180977812
-70.953369140625,-1.21711875594951,1.1789921616149
-70.7626342773438,-0.69503617703378,2.13511604730825
-70.5718994140625,-1.23265217816235,1.90024843520239
-70.3811645507813,-0.657749598959149,1.89298588112529
-70.1904296875,-0.72530051373656,1.42182206675626
-69.9996948242188,-2.8237989284223,1.52501654620315
-69.8089599609375,-0.86199551265254,1.03518823591196
-69.6182250976563,0.0724137412914164,2.11139930097943
-69.427490234375,-1.57135120068085,2.11111837161617
-69.2367553710938,-1.81184524966078,2.04344316747686
-69.0460205078125,-0.771306210086274,1.4132073918206
-68.8552856445313,-0.313324179307477,1.24318504546744
-68.66455078125,-2.15229402873287,1.85774650540693
-68.4738159179688,-0.276025132004551,2.11598829790902
-68.2830810546875,-0.838907944781025,1.56834314545889
-68.0923461914063,1.40010525347656,1.79552377572806
-67.901611328125,-2.27912257767251,2.46262411246692
-67.7108764648438,-0.36525970396188,2.01437628288902
-67.5201416015625,-0.910436178112443,-0.0725556045898586
-67.3294067382813,-0.814334898276679,1.40280720407708
-67.138671875,-1.06853300925173,2.01866423710962
-66.9479370117188,-2.06447285135617,1.76879279696376
-66.7572021484375,-1.51751663373797,2.34447005670386
-66.5664672851563,-0.474246765407053,3.05780486090829
-66.375732421875,-2.84421039712814,2.07039586460174
-66.1849975585938,-2.31340561465688,2.35985844457629
-65.9942626953125,-0.211920874007646,2.45742796674442
-65.8035278320313,0.149642272683642,2.40701269274114
-65.61279296875,-0.854277970054219,2.08855646578808
-65.4220581054688,-1.57600175250926,0.703844907163874
-65.2313232421875,-1.86095533886351,0.922996039623798
-65.0405883789063,-1.71990400402866,2.03016092200582
-64.849853515625,-0.29575065571851,1.89405512302398
-64.6591186523438,-2.03208578331706,1.96026510829895
-64.4683837890625,-2.57492506136031,2.41441130412409
-64.2776489257813,-1.15918550875863,1.34545129672826
-64.0869140625,-0.453469592203714,2.89811930811237
-63.8961791992188,-0.580765522337597,3.41155657251488
-63.7054443359375,-1.22491694823764,2.72986041810279
-63.5147094726563,-0.355227425011406,1.77286200041443
-63.323974609375,0.0406733391838084,3.24710752189254
-63.1332397460938,-1.47421919152438,1.8971760951818
-62.9425048828125,-3.05478653333468,2.55757586715076
-62.7517700195313,-1.20466140909341,2.19694928847742
-62.56103515625,-2.29777511612478,2.49095551615599
-62.3703002929688,-1.35797456523988,1.34806668688891
-62.1795654296875,-1.43047727522455,2.76271125208606
-61.9888305664063,-0.470907281302118,3.46689339746888
-61.798095703125,-1.08610638051708,2.57870767142484
-61.6073608398438,-1.05346204123038,1.98888221571034
-61.4166259765625,-0.696313449800541,0.950552751796819
-61.2258911132813,-1.51800268932316,1.06127358906481
-61.03515625,-1.73604774534315,2.2778980730241
-60.8444213867188,0.522522131794616,2.06610244346472
-60.6536865234375,-2.89694079501974,2.44713240315001
-60.4629516601563,-0.729077051602933,1.16808659089476
-60.272216796875,-1.76561013804312,2.78018689972914
-60.0814819335938,-1.18139713823672,1.50782769075299
-59.8907470703125,-1.6067321915681,3.60214479516954
-59.7000122070313,-1.671687671632,2.12969742930513
-59.50927734375,0.356851357533696,1.88400199878905
-59.3185424804688,-0.880095053628655,3.79750093447457
-59.1278076171875,-2.23280307479809,1.19601039419023
-58.9370727539063,-1.98739552315056,1.50611982369589
-58.746337890625,-0.983434273705569,2.12237519801127
-58.5556030273438,-1.140890939691,1.16875440144146
-58.3648681640625,-1.25231188147649,1.33797189221647
-58.1741333007813,-0.98977384222513,2.33099756133174
-57.9833984375,-1.76169339347576,3.24685456592555
-57.7926635742188,-1.86230525537767,1.14271920403409
-57.6019287109375,-1.13857271345463,1.88106290549265
-57.4111938476563,-1.81912745782209,2.45122547190395
-57.220458984375,-2.19850472857585,2.94302701864229
-57.0297241210938,-1.12510891230184,3.41059370156783
-56.8389892578125,-1.60633226317345,1.75397569757411
-56.6482543945313,-0.0376149139109176,3.38130381557191
-56.45751953125,-0.13778203983472,2.25711211763285
-56.2667846679688,0.575816143488411,3.22086884020527
-56.0760498046875,-1.43678359542076,2.99301484964597
-55.8853149414063,-0.299439859483179,2.67165773552403
-55.694580078125,-1.64419996862494,1.72526074197814
-55.5038452148438,-1.66656713975505,2.68506528409565
-55.3131103515625,-1.27132305841601,2.31901379724415
-55.1223754882813,-1.93748004600235,2.98702505976787
-54.931640625,-0.378332661986224,3.52877812883367
-54.7409057617188,-2.0268824131619,3.19652237102069
-54.5501708984375,-1.11164906022345,2.99728704716242
-54.3594360351563,-1.06453584577574,3.03580897935393
-54.168701171875,-0.861973168969386,2.43581208037755
-53.9779663085938,-0.516848455687035,3.48219397500611
-53.7872314453125,-1.80094435703725,2.69728084000803
-53.5964965820313,-1.2044537132544,4.13204728884083
-53.40576171875,-1.4748448617168,2.06102852544469
-53.2150268554688,0.2710678489495,2.65133060243399
-53.0242919921875,-0.754711850583786,3.33548106405709
-52.8335571289063,-1.28882888076084,4.33496931497653
-52.642822265625,-1.86114945694085,3.73083753356315
-52.4520874023438,-1.33288982309419,1.98852582831375
-52.2613525390625,-0.69906473346444,3.10717676920629
-52.0706176757813,-0.699452062097321,3.04774818663762
-51.8798828125,-2.70479027114093,3.17576708671903
-51.6891479492188,-0.74581938126216,2.11597527903037
-51.4984130859375,0.304860134733494,1.89293067313708
-51.3076782226563,-2.48165759846913,4.20794945532083
-51.116943359375,-0.620485721697802,4.09693602615097
-50.9262084960938,-1.16857970728436,1.44447315550492
-50.7354736328125,-2.26370367085221,4.13536870032598
-50.5447387695313,-1.39039304995781,3.52865127857212
-50.35400390625,-0.0133374442636055,4.52630890273835
-50.1632690429688,0.597657245078668,2.15501142578612
-49.9725341796875,-0.429529457145115,3.87805950251158
-49.7817993164063,-1.66371736267553,2.52105475053872
-49.591064453125,-0.679790791004983,2.65024423605507
-49.4003295898438,-0.855248313909856,2.7268831137339
-49.2095947265625,0.00665444407320373,2.27895027418065
-49.0188598632813,0.50603654769724,3.9642003459107
-48.828125,-1.45973459196786,3.44288449896001
-48.6373901367188,-0.317998584416179,3.09760140346525
-48.4466552734375,-1.48729590468914,3.43589067513902
-48.2559204101563,-1.1966700520738,2.99316575840384
-48.065185546875,-1.14777845170938,1.80131392796422
-47.8744506835938,-1.42010500114225,3.37887616303009
-47.6837158203125,-0.102934840403695,2.83585005315501
-47.4929809570313,-0.392269652838824,4.30492393837141
-47.30224609375,-2.45913506318416,2.99956167799031
-47.1115112304688,-1.59507674992554,3.15947388516886
-46.9207763671875,-1.1745076097783,1.50203912000209
-46.7300415039063,-0.978214189897977,2.54798162217638
-46.539306640625,-1.02605854457933,3.28021495775296
-46.3485717773438,-2.15753712331952,3.09575412181807
-46.1578369140625,-2.32550169273138,3.15207793180812
-45.9671020507813,1.25773939306043,2.28374412966185
-45.7763671875,-1.46934856725216,2.00370836940723
-45.5856323242188,-0.179972082923327,4.04916870589254
-45.3948974609375,-0.89149899648089,2.48045844540524
-45.2041625976563,-0.445461516328326,4.63379911083652
-45.013427734375,-1.04032171894022,4.05228336432448
-44.8226928710938,-0.0300883260392367,2.36514416898715
-44.6319580078125,-0.533384117363765,3.96205159219096
-44.4412231445313,-0.83513610781174,3.82371361579042
-44.25048828125,-0.808679366706799,4.30366427494488
-44.0597534179688,-0.50358995556144,2.86685207566144
-43.8690185546875,-0.324530561845105,3.71452896409106
-43.6782836914063,-0.947353351132916,2.4271933834524
-43.487548828125,0.935840238683933,3.54916260692478
-43.2968139648438,-0.946725546849811,3.78136253302054
-43.1060791015625,-1.39235231304425,4.36889627546478
-42.9153442382813,-1.46598870613562,3.97220238065792
-42.724609375,-0.224234336969907,3.30531969837739
-42.5338745117188,-1.11651528420658,2.92087975226708
-42.3431396484375,0.000868223363650888,3.43664499087127
-42.1524047851563,-0.972195364734405,1.76505811554112
-41.961669921875,-2.26382926379595,3.79911345998156
-41.7709350585938,0.406930934805521,4.00174504397882
-41.5802001953125,0.23824702327119,4.24059235484834
-41.3894653320313,-1.40927569419094,3.03495995118843
-41.19873046875,-0.790507784070717,3.99756724353158
-41.0079956054688,-1.07729942355914,4.26676523511739
-40.8172607421875,-1.47479181288869,4.4406956359665
-40.6265258789063,-1.60290493588409,4.51721999094278
-40.435791015625,-0.285475131169254,4.13454942646599
-40.2450561523438,-1.8708699318308,4.21606856870827
-40.0543212890625,-0.17660021340334,3.52517040310621
-39.8635864257813,-1.01659797985386,2.86341682041685
-39.6728515625,-0.731859803282568,1.93913259812321
-39.4821166992188,0.6724730925743,3.81308594303958
-39.2913818359375,-0.838925961425557,2.17197690178265
-39.1006469726563,-1.76155374516858,2.70513412657281
-38.909912109375,-1.22534250640471,2.71752570977247
-38.7191772460938,-1.79008544736338,2.99979540159227
-38.5284423828125,-0.600164988488711,2.38848931970225
-38.3377075195313,0.41984071183526,4.26479962468617
-38.14697265625,-1.23764094499935,5.85719426128702
-37.9562377929688,-0.944212631055161,3.60689115660879
-37.7655029296875,-0.400262776427449,4.30927843140741
-37.5747680664063,-0.0416035510399938,4.56073057273793
-37.384033203125,0.0905754585247893,3.13567048377866
-37.1932983398438,-0.203148499530722,4.2673520887344
-37.0025634765625,-1.00449877032947,3.75096926887463
-36.8118286132813,-2.12412210015135,4.21954905278175
-36.62109375,-0.31908192364439,2.04990694413246
-36.4303588867188,-0.578611604810852,4.25160546464344
-36.2396240234375,-0.838191471044612,2.62183110067933
-36.0488891601563,-1.63785500716298,2.91472428293983
-35.858154296875,0.8506670581192,3.56293512621721
-35.6674194335938,-1.39803508568045,3.64923164954316
-35.4766845703125,-0.690619245350785,3.28038063191564
-35.2859497070313,-1.70381807224711,3.53232574637397
-35.09521484375,-2.26585709565921,2.77034840551505
-34.9044799804688,0.210441551958725,4.46420550982893
-34.7137451171875,0.356412378785673,4.31279079980336
-34.5230102539063,0.0647963329313449,4.488070209619
-34.332275390625,-1.93443297657739,4.1100427960304
-34.1415405273438,-0.867987991298164,4.36395049557923
-33.9508056640625,-1.46244538395094,3.92294637624757
-33.7600708007813,-1.56502994537432,4.56799148788118
-33.5693359375,-1.22099851470801,2.51111070878859
-33.3786010742188,-0.0361932426513029,3.12888302600275
-33.1878662109375,-0.825127634190794,4.25404695834651
-32.9971313476563,-0.471480400451343,4.45703929935078
-32.806396484375,-0.703034214307372,4.38580652524242
-32.6156616210938,-0.497956615503675,5.45412127185292
-32.4249267578125,-0.529529637331325,6.04385845342442
-32.2341918945313,-2.67646437721726,4.4984999745195
-32.04345703125,-1.72387064994254,4.00274478335971
-31.8527221679688,-1.08714484621947,5.21544620054788
-31.6619873046875,-0.563561634774838,3.76303103330577
-31.4712524414063,-0.387080113203315,4.80668395691963
-31.280517578125,-2.10486784521122,4.90723415797988
-31.0897827148438,-0.75620434272138,4.52698059303709
-30.8990478515625,-1.55401994680873,4.78571321469786
-30.7083129882813,0.149522222278217,4.35927643417781
-30.517578125,-0.116526556121369,6.06747657408801
-30.3268432617188,-1.38043739164099,4.35608134714442
-30.1361083984375,-1.25238618324017,5.4114759740231
-29.9453735351563,-0.0868872018839369,6.12399861680555
-29.754638671875,-0.768795782789863,4.54727325531608
-29.5639038085938,-1.65110260129015,4.27559657637363
-29.3731689453125,-0.69583926371473,5.67420050619748
-29.1824340820313,-1.95367339014988,4.98010848700191
-28.99169921875,0.59279430466583,5.24027938521872
-28.8009643554688,-0.473109473208949,5.14214117521293
-28.6102294921875,-0.939587763688615,5.50357945114772
-28.4194946289063,-0.645737248352373,5.2332195074089
-28.228759765625,-0.419048723967868,5.42405385811987
-28.0380249023438,-0.630862965832648,5.31443035088447
-27.8472900390625,-1.05785187316666,4.42821654966403
-27.6565551757813,-3.25812587814211,5.74076344474859
-27.4658203125,-0.726023650418752,5.03235898594549
-27.2750854492188,-0.870985697483273,4.30001602110257
-27.0843505859375,-0.173908767472825,5.90529274184889
-26.8936157226563,-1.70651473754986,5.11102074284128
-26.702880859375,-1.15457732886376,6.31504099062493
-26.5121459960938,-0.340250155309003,4.02185649522564
-26.3214111328125,-0.998710205820683,5.66880631181479
-26.1306762695313,-1.12324264117126,5.55307956013815
-25.93994140625,0.110982555521349,6.7071935643955
-25.7492065429688,-0.0810261059869072,4.90730133407171
-25.5584716796875,-1.68729859436443,6.42679211425988
-25.3677368164063,-1.68287569481953,6.68395568355155
-25.177001953125,-0.277792230231208,5.9054320903091
-24.9862670898438,0.470825704053076,6.14776648085441
-24.7955322265625,-0.760646436775406,6.07809738072235
-24.6047973632813,-1.50522767943514,6.22651891746829
-24.4140625,-1.81435904641272,6.60256798597641
-24.2233276367188,-0.243630345785201,7.64221016539797
-24.0325927734375,-1.22491166067599,6.55432264910965
-23.8418579101563,-0.324199465511393,5.04800577486275
-23.651123046875,-0.202878682275943,7.71278741639033
-23.4603881835938,-1.2836826384098,8.00371151305179
-23.2696533203125,-1.46981965753753,8.37196158434354
-23.0789184570313,-2.09513391620029,7.97945423741644
-22.88818359375,-1.19055595865085,7.96051219857255
-22.6974487304688,-0.196229728359372,8.27504836367701
-22.5067138671875,0.0889283675244355,8.1223937203378
-22.3159790039063,0.157575004129297,8.50128470644147
-22.125244140625,-1.06378284641312,8.00055636709014
-21.9345092773438,0.339887606084874,7.73956100935361
-21.7437744140625,-0.0480581396688891,6.84603505353648
-21.5530395507813,-1.23104229077172,8.14296444006692
-21.3623046875,-0.859072117308553,8.01609699575311
-21.1715698242188,-0.172887264658879,10.3591628249606
-20.9808349609375,0.293599651154004,7.84537438586846
-20.7901000976563,0.742789423970251,8.05815963884062
-20.599365234375,1.08225062508803,8.58529033416819
-20.4086303710938,1.37756951500281,9.75468361970539
-20.2178955078125,-0.365537131891037,9.1484580168799
-20.0271606445313,1.9073840866806,10.2657891019894
-19.83642578125,-0.173917833196734,8.07288779157251
-19.6456909179688,2.80896899445641,9.89586750680182
-19.4549560546875,1.16969047306963,8.8902345672601
-19.2642211914063,1.67948771871889,8.06293918548439
-19.073486328125,3.43050035434038,8.59005145618999
-18.8827514648438,2.79741071745114,9.00509046943658
-18.6920166015625,2.03349930609587,8.83275213749856
-18.5012817382813,1.25252874882261,9.53788114827505
-18.310546875,1.9592754767507,7.77142070617468
-18.1198120117188,3.18021539856164,9.83208266529803
-17.9290771484375,4.51967408732925,10.0763498951816
-17.7383422851563,3.29038768864288,10.1155172059778
-17.547607421875,2.32019639514444,9.02574822148475
-17.3568725585938,3.43612333502581,9.26909399855411
-17.1661376953125,5.8667743667987,8.31370879227526
-16.9754028320313,4.5610995016344,7.59013996507295
-16.78466796875,4.77177070572491,7.72153221731454
-16.5939331054688,3.83232851568398,6.86379345556041
-16.4031982421875,4.54085260248461,7.76810214052893
-16.2124633789063,4.76754335567012,8.97814777129829
-16.021728515625,4.35569658128228,9.36667811401497
-15.8309936523438,4.09844480782362,7.93270875963612
-15.6402587890625,6.35835035563792,8.20399099253494
-15.4495239257813,4.95928563805037,9.0391886382811
-15.2587890625,4.5632325154202,8.2571538392421
-15.0680541992188,4.87579485721086,8.34508368384976
-14.8773193359375,4.75166554247589,8.93717054695179
-14.6865844726563,5.01777193073783,7.73586427759289
-14.495849609375,4.81229905335407,8.86937125475735
-14.3051147460938,6.05971446735777,8.94734850067814
-14.1143798828125,3.73718068984019,8.16813086291942
-13.9236450195313,5.95046348815101,8.78752161975547
-13.73291015625,5.5565173280189,9.49110724167657
-13.5421752929688,4.76932102770026,6.70774036028788
-13.3514404296875,5.89006164636939,7.93204302905399
-13.1607055664063,4.0421499795185,8.06876292737602
-12.969970703125,5.85234741282566,8.62151191380877
-12.7792358398438,4.49029697127972,9.19539520570763
-12.5885009765625,4.45857231307083,9.16260067554316
-12.3977661132813,4.85271886858061,8.80515596635812
-12.20703125,6.11915876592924,9.3002094222376
-12.0162963867188,3.8848271681252,10.4128495178722
-11.8255615234375,5.29599675932447,9.74102365929207
-11.6348266601563,6.71332988971454,7.68550852680528
-11.444091796875,6.14305519167606,10.0779523817421
-11.2533569335938,5.85583662345631,8.57938562213563
-11.0626220703125,6.57945812696563,9.37604271136764
-10.8718872070313,5.73077942795899,10.010660374598
-10.68115234375,7.19026436234827,8.60703715196004
-10.4904174804688,8.39040617025135,9.40394413523415
-10.2996826171875,7.01810310910986,9.25194200253918
-10.1089477539063,8.44773935563982,9.46752642422098
-9.918212890625,8.62081179782511,8.70146266885138
-9.72747802734375,9.32106448749655,8.69274695864414
-9.5367431640625,10.3179607569958,9.21841300805498
-9.34600830078125,8.92831626408435,9.46966350649475
-9.1552734375,10.3251980997579,8.53580562558172
-8.96453857421875,10.0523679597827,8.1570442889664
-8.7738037109375,11.2548544901012,7.91507719981867
-8.58306884765625,9.32311496905677,8.29295731436334
-8.392333984375,11.1257510459939,7.17787294224781
-8.20159912109375,11.5865857868553,7.01639491091919
-8.0108642578125,11.7567092549918,7.25044726089267
-7.82012939453125,12.1868784196799,6.29519330881385
-7.62939453125,11.6192883274428,6.53408392600035
-7.43865966796875,11.4118079552278,6.39821727318468
-7.2479248046875,11.7418382488138,4.81898288509026
-7.05718994140625,11.0534368393208,5.9630144123051
-6.866455078125,11.9552190106238,4.57076030924831
-6.67572021484375,12.3930076490228,3.06200766256542
-6.4849853515625,13.4130264107219,4.21406172627808
-6.29425048828125,11.5840606129393,2.34217943178127
-6.103515625,11.834627253414,4.32882803634193
-5.91278076171875,11.5998248088787,2.91755715092325
-5.7220458984375,11.4464782986546,0.769637554928477
-5.53131103515625,11.0598981401128,1.51412749644165
-5.340576171875,8.02668706899512,1.24304157447629
-5.14984130859375,11.6252743621665,2.80440854869524
-4.9591064453125,9.59141328524276,1.17869097899729
-4.76837158203125,9.0992782632523,0.174676190754131
-4.57763671875,9.08789593561303,2.20694135688565
-4.38690185546875,10.6404253208005,2.00777179542266
-4.1961669921875,10.4210423008249,2.64318232307395
-4.00543212890625,10.0046203956354,0.961250908548469
-3.814697265625,9.08668330792261,2.38571780223646
-3.62396240234375,7.73612565124211,2.37973216132822
-3.4332275390625,8.97505293240454,1.59016121407376
-3.24249267578125,9.26711989211974,2.21804411123931
-3.0517578125,9.61204788141512,2.61400717827255
-2.86102294921875,9.05962040914636,2.19179317719329
-2.6702880859375,10.0926990362581,2.37338309116609
-2.47955322265625,9.59188832075504,2.33349052178683
-2.288818359375,9.78333519237755,1.67775058040439
-2.09808349609375,9.4624288327855,3.70934013887605
-1.9073486328125,10.6199367005124,2.53464159056973
-1.71661376953125,9.12516389186683,0.986339252508546
-1.52587890625,8.84528410204311,2.17830736001498
-1.33514404296875,9.45390081635941,3.12539509952849
-1.1444091796875,9.91322745006307,3.10711527149154
-0.95367431640625,10.8815030722024,3.15837528675097
-0.762939453125,11.1563793279409,3.30410603526626
-0.57220458984375,11.1193795422998,2.71183462090492
-0.3814697265625,12.9702888137876,1.53707337509476
-0.19073486328125,11.522275275054,1.03059946704748
0,11.7360951267175,0.833511475306142
0.19073486328125,12.8156975306789,0.773698432677771
0.3814697265625,13.2897213910536,-0.902357433951376
0.57220458984375,12.5204738944835,-0.213044343790717
0.762939453125,12.870111412146,-0.92561287110414
0.95367431640625,11.5741650311014,1.21895215738619
1.1444091796875,12.75706230604,-0.806710111153742
1.33514404296875,11.8668091066902,0.339114624902031
1.52587890625,11.4309340764939,-0.434766976126958
1.71661376953125,11.7860810855096,-2.69554808872879
1.9073486328125,11.4625772163822,-2.57787076888798
2.09808349609375,10.9926321217916,-1.76575689123508
2.288818359375,12.0843178866354,-3.42266329784698
2.47955322265625,12.5129641614777,-2.84420815848394
2.6702880859375,11.8825497204242,-2.80738525951843
2.86102294921875,11.0240170584529,-3.58747758636887
3.0517578125,11.2938599986119,-4.54314173878163
3.24249267578125,12.5326802321515,-3.60256380603475
3.4332275390625,11.4425314016836,-4.64010566804643
3.62396240234375,9.5932649966383,-4.75435633648463
3.814697265625,10.1038752142929,-5.90592254185319
4.00543212890625,10.578456081925,-6.28439586605851
4.1961669921875,9.03687650370062,-5.99501934099143
4.38690185546875,8.67154343802284,-7.15941885247914
4.57763671875,9.02958851053652,-6.04561017388932
4.76837158203125,8.4377087120897,-6.45046068464731
4.9591064453125,8.62796946383514,-6.36221668819505
5.14984130859375,8.41688207322247,-6.30985579263059
5.340576171875,8.16406217115883,-6.37314541802471
5.53131103515625,6.96062425549073,-7.34170040205335
5.7220458984375,7.67563779872958,-7.52298008216415
5.91278076171875,5.93949707088458,-7.75828041531259
6.103515625,6.45960280945057,-5.80687211084368
6.29425048828125,6.05657208077708,-6.60227136568138
6.4849853515625,5.44514031105467,-7.7691402880669
6.67572021484375,5.21553652762759,-7.60090212687257
6.866455078125,6.24197453757481,-7.03367151714472
7.05718994140625,4.80741741842597,-7.9171379792404
7.2479248046875,4.06188504890161,-6.70535616656956
7.43865966796875,2.58800188956915,-6.76764743052808
7.62939453125,3.81801713928551,-5.86636403906119
7.82012939453125,3.63715435961242,-6.35372926391005
8.0108642578125,3.15851263487267,-4.85741573404708
8.20159912109375,0.66793193859782,-5.4246939076551
8.392333984375,2.90350663621079,-4.66104545502735
8.58306884765625,1.80130620798849,-3.96763001245296
8.7738037109375,4.21975439664477,-3.68372101115651
8.96453857421875,3.212166960348,-4.89706092311408
9.1552734375,1.78684232420052,-4.2515111289403
9.34600830078125,2.83950132126382,-2.98305684042851
9.5367431640625,2.34141528531368,-3.66407755079711
9.72747802734375,1.35452241688953,-2.59379397449697
9.918212890625,3.08741093988177,-3.91733702772914
10.1089477539063,3.41969821867479,-3.50631730162724
10.2996826171875,1.09462451329262,-2.26337576978834
10.4904174804688,1.638562671666,-3.26478391013643
10.68115234375,1.33269110468676,-1.79520009770331
10.8718872070313,1.92409222106347,0.138434847733344
11.0626220703125,3.32150437134197,-1.95721427786822
11.2533569335938,2.27254044685375,-0.090060970613058
11.444091796875,2.22614737577071,-0.696980863190383
11.6348266601563,3.21592858400082,-0.964646491311306
11.8255615234375,2.64713209866975,-0.362213058774703
12.0162963867188,1.94582989439816,-0.00592055259220157
12.20703125,2.80721428439839,-0.660114692512835
12.3977661132813,2.97172006208667,-1.66981032856651
12.5885009765625,4.3181084906302,-0.0268068626492642
12.7792358398438,2.43531457605475,-0.261014764136321
12.969970703125,3.99926351480004,-1.8279390375259
13.1607055664063,4.04949263606237,-0.97794857729685
13.3514404296875,3.75540174708744,-1.70416803648875
13.5421752929688,3.79759017332114,-0.622426852048213
13.73291015625,3.05052317397254,-0.578617047359685
13.9236450195313,4.69005113911052,-0.931832422151145
14.1143798828125,4.08385513918529,-0.504974591773995
14.3051147460938,4.52127028560451,-0.518835748972182
14.495849609375,4.24154458908778,-1.69025188714017
14.6865844726563,4.90063257397712,-0.819859511350413
14.8773193359375,5.59113361812058,-0.589400522137358
15.0680541992188,7.30060445997514,-1.45017294219925
15.2587890625,5.07520694916904,-1.17386667105435
15.4495239257813,6.48347247816172,-1.77797468978644
15.6402587890625,6.24631500689366,-1.65426421675423
15.8309936523438,4.5466657547908,-1.16774708039437
16.021728515625,5.55948111587859,-2.38000065985393
16.2124633789063,6.90361597856463,-2.75518518377734
16.4031982421875,5.9934167998578,-3.70403609982926
16.5939331054688,7.61740764204142,-0.666300193642985
16.78466796875,6.76307977087315,-2.8124792595128
16.9754028320313,6.15757004654536,-3.55217023216807
17.1661376953125,6.49156081235068,-2.47969574319925
17.3568725585938,5.96431027682395,-4.15816397884042
17.547607421875,7.48295287152606,-3.43496353687504
17.7383422851563,4.87925237082667,-3.91490401030033
17.9290771484375,5.56105531338438,-4.19965368016452
18.1198120117188,4.68484146350009,-5.40045182747764
18.310546875,6.14201853546151,-4.24319946045038
18.5012817382813,5.58051523159516,-4.16724458243085
18.6920166015625,5.09613197388273,-4.23308857695317
18.8827514648438,5.69019239305942,-5.72819120380082
19.073486328125,4.87766150083537,-6.52443728476354
19.2642211914063,4.94347848702393,-7.13967943141667
19.4549560546875,3.66956015998432,-4.85129291555452
19.6456909179688,4.59596382344131,-5.10777991126659
19.83642578125,4.67270835284071,-4.70340418151445
20.0271606445313,3.04633452334193,-5.90335565131644
20.2178955078125,3.19499054656913,-5.41447475155714
20.4086303710938,3.47643603390127,-6.8262003329676
20.599365234375,2.58289898654538,-4.41644909700043
20.7901000976563,1.87140478320767,-5.53616206101087
20.9808349609375,2.75341155150821,-5.80559980261322
21.1715698242188,1.9320702873761,-5.28337690252917
21.3623046875,1.80899403703951,-5.03807188124149
21.5530395507813,3.1334267061743,-5.18891625349828
21.7437744140625,2.47000570079402,-6.01107984893521
21.9345092773438,2.10142332594478,-3.58725740348812
22.125244140625,1.35847055754369,-5.39527524050231
22.3159790039063,-0.410559850467439,-4.58176523641441
22.5067138671875,1.92324583433059,-6.90366611975628
22.6974487304688,0.664035064247355,-5.69618668309487
22.88818359375,2.46747287421147,-5.09891178067752
23.0789184570313,1.15425699003121,-3.97210186359064
23.2696533203125,1.7404457684193,-3.77765753155428
23.4603881835938,-0.0744860429041975,-2.27447161481376
23.651123046875,0.824496270517502,-4.86934448102978
23.8418579101563,1.45930707589215,-3.86697789226007
24.0325927734375,0.659751695096597,-3.88589351551887
24.2233276367188,1.3789250179258,-3.91714806491335
24.4140625,-0.137324118415715,-4.61586626310767
24.6047973632813,0.24785544335067,-5.88501049871386
24.7955322265625,1.4990985531343,-4.39645773695213
24.9862670898438,0.403621034629012,-3.91748227329504
25.177001953125,0.475455347033021,-3.29802135523228
25.3677368164063,0.579348190014181,-3.34299727471454
25.5584716796875,-0.532982990318798,-5.01740261483302
25.7492065429688,0.866392394367978,-3.74831005271974
25.93994140625,-0.417511783234133,-5.0715826897499
26.1306762695313,0.503554141803678,-2.89284505289531
26.3214111328125,0.130534664934684,-1.77243253312799
26.5121459960938,-1.37513803918977,-2.7212647992659
26.702880859375,1.78467744828744,-3.56739744891564
26.8936157226563,1.5807626193743,-1.63046289289941
27.0843505859375,-0.0265920064203523,-3.64192263853356
27.2750854492188,-0.981328865618463,-1.70958832987764
27.4658203125,-0.0724356708676372,-0.715671378576594
27.6565551757813,0.550883069694459,-1.3868658139351
27.8472900390625,0.852003577311916,-2.17576816716694
28.0380249023438,0.00727215287123373,-2.89369283334339
28.228759765625,0.965617964177274,-2.63938548590465
28.4194946289063,1.17808144199049,-0.486722376941882
28.6102294921875,1.39932008927143,-2.34256737685604
28.8009643554688,0.995760469065995,-2.65379484517317
28.99169921875,0.157226901741662,-0.777227817975576
29.1824340820313,-0.555368204199637,-1.98110827319938
29.3731689453125,0.935633804071031,-1.32835785505496
29.5639038085938,0.902752063915735,-1.82431272814877
29.754638671875,1.44875293164209,-1.79461169628667
29.9453735351563,0.807625067507033,-1.23493284205696
30.1361083984375,0.667661889411965,-1.23237221637008
30.3268432617188,-0.413141898771739,-2.13517923060465
30.517578125,0.561813717314348,-0.862958434631364
30.7083129882813,0.635315048994658,-0.262895590456999
30.8990478515625,0.101136216059546,-0.87742839580941
31.0897827148438,0.865738352700454,-0.371050704681572
31.280517578125,2.2334285661044,-0.141172013317872
31.4712524414063,0.371232818875883,-1.14179980006246
31.6619873046875,2.34931324358073,0.100689058798853
31.8527221679688,2.10662806264309,-1.35814078741917
32.04345703125,1.95837928927861,-2.01604567174193
32.2341918945313,1.36089501415193,0.00909786581541362
32.4249267578125,2.06436006527328,-0.54618009840119
32.6156616210938,2.17638000243207,0.495395119250658
32.806396484375,2.55987604098916,-0.143278405516581
32.9971313476563,0.971811303585035,-1.10977749050201
33.1878662109375,2.00233120670177,-1.97418394707385
33.3786010742188,2.85467525801046,-1.37282842120785
33.5693359375,3.26844756969094,-2.91947710997624
33.7600708007813,2.88701689076446,-1.15595567097959
33.9508056640625,3.00296692744473,-3.05707831219256
34.1415405273438,2.09627658295495,-0.589571195049493
34.332275390625,2.66814672130462,-1.79345679576335
34.5230102539063,2.46259396685234,-2.38603095853362
34.7137451171875,2.70551304044062,-2.956015456904
34.9044799804688,2.82846157213646,-3.00347180417611
35.09521484375,1.08213070103568,-2.30852187382175
35.2859497070313,2.06326749774836,-1.64669112142302
35.4766845703125,2.12276028693826,-3.20741101334633
35.6674194335938,3.3726585890076,-3.73711369564311
35.858154296875,3.88540860037319,-3.52053017434766
36.0488891601563,1.79032169779473,-2.4033118557642
36.2396240234375,2.71759112829057,-1.810042520194
36.4303588867188,2.01429169041962,-3.1660843665231
36.62109375,2.90933301377647,-3.25620345068608
36.8118286132813,2.15578000170671,-4.57961735199937
37.0025634765625,3.26703174574761,-3.35766124077412
37.1932983398438,2.60587615078427,-2.45012269965701
37.384033203125,1.19599069980574,-3.03796501161062
37.5747680664063,2.00941521273282,-4.01145382298322
37.7655029296875,1.36129009485952,-4.31325542850961
37.9562377929688,2.84355292439285,-3.57747687510607
38.14697265625,1.72947699886634,-3.51247901016222
38.3377075195313,0.436810496637227,-4.30673740610054
38.5284423828125,1.04144506055453,-2.76136974925467
38.7191772460938,0.488252521174703,-4.88947642014754
38.909912109375,1.15801925715319,-3.43322749061961
39.1006469726563,-0.0525450286978756,-2.77435288228816
39.2913818359375,1.25029898511923,-4.26161458622901
39.4821166992188,0.323554191157742,-2.30604820700858
39.6728515625,-0.0600174220219433,-3.19487396296179
39.8635864257813,-0.157195619037952,-3.03720486510538
40.0543212890625,1.45913451282555,-4.30995266464751
40.2450561523438,0.322369042829609,-3.4133960631877
40.435791015625,-0.0508812365166736,-3.98280432920235
40.6265258789063,0.376140593373746,-3.39979708397987
40.8172607421875,2.11248041168848,-4.56763708817883
41.0079956054688,-0.351017625118122,-1.97957012931204
41.19873046875,0.0597529345054981,-5.20971660840939
41.3894653320313,0.241545636340955,-2.917676839603
41.5802001953125,-0.794032057935023,-2.65007893445131
41.7709350585938,0.880168969290067,-3.13092318846841
41.961669921875,1.15512970773259,-3.33792308431892
42.1524047851563,0.715923097873346,-2.25575106111394
42.3431396484375,0.241768467228151,-1.80925841744718
42.5338745117188,-0.404099244356014,-3.91633511478062
42.724609375,0.40866541578346,-3.05979830697853
42.9153442382813,0.113613215673317,-3.61652003191217
43.1060791015625,0.369702300569554,-2.07517533402664
43.2968139648438,-1.72894027031812,-1.49601602876575
43.487548828125,-0.186750107221063,-3.12114177588796
43.6782836914063,-0.750348679750747,-3.2706916558345
43.8690185546875,-0.031661107244596,-1.93442502936193
44.0597534179688,-0.29239381108243,-2.64711559810089
44.25048828125,-1.91180763181149,-1.51311776143053
44.4412231445313,0.288840979841094,-2.72270186752816
44.6319580078125,-0.730018844933819,-2.87598505932275
44.8226928710938,-0.861879888886855,-2.53486252472138
45.013427734375,0.689547471610171,-2.3359244652132
45.2041625976563,0.659477197261463,-2.97853949629278
45.3948974609375,1.67907359881539,-3.11516110401175
45.5856323242188,-0.355271592304036,-3.14758898330667
45.7763671875,-1.11068841123519,-2.21766087575526
45.9671020507813,-0.529023070988877,-2.5474184977936
46.1578369140625,-1.36959920787374,-3.17477754839601
46.3485717773438,-0.165934609164345,-1.70825425276975
46.539306640625,-1.85068177305361,-2.62969518033436
46.7300415039063,-0.938243874315328,-3.4886912952134
46.9207763671875,-0.49832224770883,-3.1425449572197
47.1115112304688,-1.79594616496474,-2.45067292566613
47.30224609375,-2.16444036961659,-3.74332030654156
47.4929809570313,-0.321475967138943,-1.19746302490554
47.6837158203125,-0.972544302113213,-1.01845658476521
47.8744506835938,-0.812522954417233,-1.37869870132071
48.065185546875,0.0208693718185538,-2.22722675359549
48.2559204101563,-0.187581437389083,-0.779847615942239
48.4466552734375,0.0531657881915823,-1.39369111046476
48.6373901367188,-0.721498322325556,-3.8549915655282
48.828125,-0.257295255926323,-2.09845016926819
49.0188598632813,-1.07218492339637,-1.61518697849835
49.2095947265625,-1.31100167389404,-0.811831620825085
49.4003295898438,1.35253733461847,-1.69317540030834
49.591064453125,0.00383334126650827,-0.623647223838012
49.7817993164063,0.120436731294594,-0.75886179611025
49.9725341796875,-0.531821270416217,-2.70262877693905
50.1632690429688,-0.343061940110944,-1.91941018236514
50.35400390625,-1.35545083039679,-1.59572069009445
50.5447387695313,-0.0712031101073965,-1.51271737506557
50.7354736328125,-0.618292094166953,-1.34307635007733
50.9262084960938,-1.47227646617242,-2.92347770994988
51.116943359375,-0.0923365278011491,-2.36511065677849
51.3076782226563,-1.44617468398117,-1.60202631485093
51.4984130859375,0.460416440916785,-1.35377847654003
51.6891479492188,-1.92686933810471,-2.46157662230181
51.8798828125,-0.917427972603811,-2.21381025906768
52.0706176757813,-0.391892532438495,-1.68904437224082
52.2613525390625,-1.1947639340232,-0.104693850226424
52.4520874023438,-0.448915121842659,-2.02901488628433
52.642822265625,-0.772826822126373,-1.09066690341314
52.8335571289063,-2.02246667793574,-1.50386395283268
53.0242919921875,-0.888900274761087,-2.53198527262863
53.2150268554688,-0.842013924417936,-1.71625019377388
53.40576171875,-2.08087085703781,0.482540770441588
53.5964965820313,-0.278641398434734,-1.25563776522896
53.7872314453125,-0.365608692504828,-1.31100479111824
53.9779663085938,-0.24322980995478,-0.524576251361909
54.168701171875,-2.09168094496423,-2.72456150811548
54.3594360351563,0.278682652077569,-1.41508591755069
54.5501708984375,-0.790844603939155,-0.784256317117507
54.7409057617188,-1.71784342298342,-0.533969769309378
54.931640625,-1.00751235971919,-0.682873190321031
55.1223754882813,-0.473105101786323,-0.438248734963465
55.3131103515625,-0.899110101135914,-2.13546179987973
55.5038452148438,-0.869641837737414,-0.887355281551692
55.694580078125,0.332575916322238,-1.5831002919837
55.8853149414063,-1.33563142049821,-0.549068041595118
56.0760498046875,-0.558997474364599,-1.45282129208851
56.2667846679688,-1.16332281186296,-1.86112197386894
56.45751953125,-0.538342475373758,-1.92859872066001
56.6482543945313,-0.421186470120641,-1.00264648935354
56.8389892578125,-0.72487732577373,-1.29992934112614
57.0297241210938,-0.783471290699932,-1.3590213026767
57.220458984375,-1.54449778739112,-0.769783539148815
57.4111938476563,-1.38821230561851,-1.57114417902094
57.6019287109375,-1.8899763630958,0.576298947140878
57.7926635742188,-0.571191507315009,-0.820109824557208
57.9833984375,-0.806866420673391,-0.335716779447195
58.1741333007813,-0.796490824704126,-1.20787190157695
58.3648681640625,0.794918933464205,-0.990274237756129
58.5556030273438,-0.471137179629424,-1.42808095574977
58.746337890625,-0.458703358572262,-0.504290093360976
58.9370727539063,-0.182884452644083,-1.56176871190468
59.1278076171875,0.623326388757411,0.264087880253607
59.3185424804688,-2.82295835081003,-1.30841955063767
59.50927734375,0.0382851509278112,-1.49309760799557
59.7000122070313,-0.00108709646269621,-1.21662249609007
59.8907470703125,-0.909582202606707,0.691602044711281
60.0814819335938,-0.367753906269569,-0.0509596152284108
60.272216796875,-0.152674299486707,-1.321748278271
60.4629516601563,-1.6232841406553,-1.42437439864539
60.6536865234375,0.17821231765748,0.277022176088326
60.8444213867188,-0.646629407918633,-1.02344518913637
61.03515625,-1.51023986156251,-1.33365441093092
61.2258911132813,-0.145649518325478,-1.34957187609307
61.4166259765625,-2.76778146939416,0.132359528309279
61.6073608398438,0.176417454408326,-1.60272302161952
61.798095703125,-1.27214669475783,0.179940769431481
61.9888305664063,-0.684366944183209,-1.58579822953009
62.1795654296875,-0.704652238628488,-1.12182289068067
62.3703002929688,-0.796628675210597,-1.74153455819691
62.56103515625,-0.910029067002394,-0.27924704415486
62.7517700195313,-0.868510469444625,0.159056349727125
62.9425048828125,-1.19736628201211,-0.653096578526867
63.1332397460938,-0.784290257727924,-0.985038592772214
63.323974609375,-0.338467075805061,-1.09780529602162
63.5147094726563,-1.45752622164472,-0.637200547341198
63.7054443359375,-0.49688234042097,-1.63624652484109
63.8961791992188,-0.586316126140994,-0.770184985469536
64.0869140625,-0.126050899538984,-0.312456328305914
64.2776489257813,-0.262840355288929,-0.32640259177304
64.4683837890625,-0.543734704749989,0.256369909050401
64.6591186523438,-1.50325997955508,-1.23514211576674
64.849853515625,-1.06488573624766,-2.47508179303276
65.0405883789063,-0.17428496174916,-0.553633309687643
65.2313232421875,-1.28004131880042,0.661316619004825
65.4220581054688,-0.356243295047377,0.114828454283667
65.61279296875,-0.312501833675041,-0.857634808003196
65.8035278320313,-1.19335119026217,0.510224248291393
65.9942626953125,-2.22086166756237,-0.86804221051109
66.1849975585938,0.454848743313464,-1.38560902875811
66.375732421875,-1.28157787083424,1.32309830499422
66.5664672851563,-1.22775718023491,-0.729801344648796
66.7572021484375,-0.393462318823381,1.27493959381526
66.9479370117188,0.750035719155584,-1.45060538693097
67.138671875,0.322106495386284,0.0671053353603486
67.3294067382813,-0.466075818875221,-0.353511704148649
67.5201416015625,-2.58159503554918,-0.562939372974223
67.7108764648438,-0.221639828737475,-0.225973438080427
67.901611328125,-1.42696081280536,0.519560170281488
68.0923461914063,-0.582742527977963,-0.468841692070983
68.2830810546875,0.378801639309275,-0.25383394218987
68.4738159179688,-1.79692106801155,-1.79678930812776
68.66455078125,-0.806803807127611,-0.74049036171041
68.8552856445313,-0.686118648663114,-0.818308800959856
69.0460205078125,0.369602568988464,-1.01087280189925
69.2367553710938,-1.01601056402477,-0.743352669894079
69.427490234375,-1.29363717152442,-0.105712282922168
69.6182250976563,-1.02359435312122,-0.68331207003586
69.8089599609375,-0.619241875988773,0.171182709059643
69.9996948242188,-0.895680798019619,1.94740362590023
70.1904296875,-1.03342660692832,0.336344739526638
70.3811645507813,-0.855954124457142,0.0236521824036472
70.5718994140625,-0.0483709190280349,0.596437924485338
70.7626342773438,-1.72782069282353,-0.100214877678027
70.953369140625,-0.813229107998098,-0.51027309408486
71.1441040039063,-1.75902564099232,-0.487392023139541
71.3348388671875,-1.23034867426326,0.164533596314344
71.5255737304688,0.879783563738581,-0.472086569452834
71.71630859375,-0.631721386595794,0.85195752690076
71.9070434570313,-1.22230976289557,-1.28537614512522
72.0977783203125,-0.191272329471271,-0.111885160668349
72.2885131835938,-1.49849474018581,-1.53426531388904
72.479248046875,-0.506227011748049,-0.457769726798764
72.6699829101563,-0.957040198275935,-0.519579688203594
72.8607177734375,0.110641448194201,-0.498569041202024
73.0514526367188,-0.598506897871117,0.330615250668278
73.2421875,0.775985664153084,0.779165362749403
73.4329223632813,-0.561857438101077,0.329941142270855
73.6236572265625,0.481015853699466,0.030968632587809
73.8143920898438,0.311032886759533,-0.366881643141938
74.005126953125,-1.52726113760269,0.652697490990893
74.1958618164063,-2.15077567575885,-0.946915165109052
74.3865966796875,-0.918938316064704,-2.6750190803431
74.5773315429688,-0.714025188928155,-0.932488772079437
74.76806640625,0.143937870323625,-0.428516865682445
74.9588012695313,-2.31984165787518,0.824862054571962
75.1495361328125,-0.144604117847859,0.126142866983818
75.3402709960938,-0.697210254365929,1.27346392940913
75.531005859375,-0.460229911583951,0.135402445627357
75.7217407226563,-0.455945803908709,0.207473713233204
75.9124755859375,0.475740891998786,-1.42000285590028
76.1032104492188,-1.14498089458047,-0.630456897414768
76.2939453125,0.519824331814821,0.192840170801685
76.4846801757813,-1.71295070503013,-0.568549493730511
76.6754150390625,0.487463880218541,0.176686539507882
76.8661499023438,-2.4981213974368,0.997694415589652
77.056884765625,-1.56729901149835,-0.590423773184244
77.2476196289063,-0.715698716525197,-0.0695563037547014
77.4383544921875,-0.377087460830844,-0.0858381468485857
77.6290893554688,-0.758170400337702,-0.678680959868372
77.81982421875,-0.160377392852259,0.223590086150175
78.0105590820313,2.14089056339494,1.00370571280673
78.2012939453125,-1.3807354856206,-0.640125816924261
78.3920288085938,-0.000811468984251464,0.554690573070359
78.582763671875,-0.621643231009108,0.0673844955080853
78.7734985351563,-0.108551005623566,0.408962649364109
78.9642333984375,-0.798234269775838,-0.26089420409233
79.1549682617188,-0.476101934512304,-0.0142799117427589
79.345703125,-0.70835199541864,-0.565958848205114
79.5364379882813,-0.947624848225281,-0.322858003588537
79.7271728515625,-0.290131328678708,1.00662999998741
79.9179077148438,-1.11254228074602,0.962008887115662
80.108642578125,-0.538216771956375,-1.44927440348765
80.2993774414063,0.186678567298481,1.13173517613574
80.4901123046875,-1.25392989074302,-0.096365838554114
80.6808471679688,-0.297070709362825,-0.974811879786484
80.87158203125,-1.11944933567674,-0.478039329506956
81.0623168945313,0.384474757235842,0.750723241948372
81.2530517578125,-1.33321523350547,0.40984980447922
81.4437866210938,-1.28947886584317,0.182597319584401
81.634521484375,-0.973904601011311,1.50192263746831
81.8252563476563,-1.69950223120734,1.46448351581545
82.0159912109375,0.178229471857454,0.335497432252591
82.2067260742188,-1.43183057764813,0.619627459318016
82.3974609375,-0.71462424036921,-0.660641877417447
82.5881958007813,0.0823022056688079,-0.1934642434677
82.7789306640625,-2.67743776340118,1.6634408506156
82.9696655273438,0.478936790314384,1.71544589188442
83.160400390625,0.2578274020234,-0.121874392174028
83.3511352539063,-0.780817297922464,-0.221779975463821
83.5418701171875,-0.815339680377936,0.501614613556129
83.7326049804688,0.340032651535949,-1.28294602932885
83.92333984375,-0.0966154417087175,0.929398949323004
84.1140747070313,-2.12594995362766,-1.07607806730725
84.3048095703125,-2.46347458908418,0.216702150333769
84.4955444335938,-1.18546177128549,-0.032145192140562
84.686279296875,-0.732452000455388,-1.39858149620895
84.8770141601563,0.586804335642239,-0.696766540098753
85.0677490234375,1.2088548863849,0.208468810344885
85.2584838867188,-0.018826177875223,0.961793073978857
85.44921875,0.649041089269325,-0.433449167428844
85.6399536132813,-0.497518797058802,1.81453921769297
85.8306884765625,-1.95150422670699,0.888678192022775
86.0214233398438,-0.781113092126763,-0.8716123289874
86.212158203125,-1.69139980123105,0.627831764335874
86.4028930664063,0.747121488533297,0.105784167444052
86.5936279296875,-0.965380085638097,0.343821523653215
86.7843627929688,-2.28162277197233,-0.721786490921791
86.97509765625,-0.212997711760848,0.79151443988606
87.1658325195313,-0.17975624559834,0.719986288150364
87.3565673828125,-0.932037418437449,0.92343965917204
87.5473022460938,-1.24139425878418,0.165295396068135
87.738037109375,0.241290172694428,0.917231427907014
87.9287719726563,-0.911466845864204,0.764281540315313
88.1195068359375,-1.27398890345721,0.335460556254117
88.3102416992188,-0.439948093259512,1.61671247184928
88.5009765625,-0.425648739245293,0.46945700617443
88.6917114257813,-0.930600769436199,0.783972911790508
88.8824462890625,0.373670170255805,1.03176725910179
89.0731811523438,-0.095217134273661,-0.382150007230483
89.263916015625,-0.0552171688034732,0.487148309661556
89.4546508789063,-1.517846662292,-0.910312039706662
89.6453857421875,0.0141778523932831,-0.729709915609213
89.8361206054688,-0.213807776875034,0.475763676490092
90.02685546875,-0.482921002843766,-0.271235557181175
90.2175903320313,0.0833061934552006,-0.603494095232908
90.4083251953125,-1.27834834524577,0.576182193935738
90.5990600585938,-0.377093923500933,0.833380903527375
90.789794921875,1.70619581634506,0.234801492684817
90.9805297851563,-1.45068641374383,-0.703410305152106
91.1712646484375,0.889664400437575,0.136530703027596
91.3619995117188,0.55776554929163,0.414400950459318
91.552734375,-0.392501037160305,0.881786214987345
91.7434692382813,-1.65955395782393,-0.397431806883686
91.9342041015625,1.41457919949855,2.03361824510348
92.1249389648438,-0.589889908422786,1.23074876673243
92.315673828125,-1.23493499060088,0.582599566005719
92.5064086914063,-0.281218418269251,-0.623851928594359
92.6971435546875,-0.844523825656199,0.627384675722286
92.8878784179688,0.0830283543257203,0.529762436672818
93.07861328125,-0.948858379298822,0.135616068183014
93.2693481445313,-2.32181507823763,0.652076459343515
93.4600830078125,-0.17463714444468,0.482649135158636
93.6508178710938,-0.94247101887744,-0.0288397461635164
93.841552734375,-1.0056691833597,-0.0382888199545622
94.0322875976563,-1.42447317473113,-0.298752766809551
94.2230224609375,-0.516611757913312,2.14736510399734
94.4137573242188,-0.908486879867408,1.33450067460131
94.6044921875,-0.551325457231828,-0.0566056005056268
94.7952270507813,0.493913474447569,-0.113093531156032
94.9859619140625,0.16793018095561,1.77782677681329
95.1766967773438,-0.138111475093671,0.684241820822132
95.367431640625,-0.818897935071032,0.369290532971186
95.5581665039063,-1.42416455098898,1.80461295696178
95.7489013671875,-1.49513785909798,1.26487821164353
95.9396362304688,1.01386105629606,0.433541760214862
96.13037109375,-0.431937486570588,0.962641157381125
96.3211059570313,-2.53338039243574,0.639145798996524
96.5118408203125,-1.42740152490561,1.17486422369494
96.7025756835938,-0.15815132892016,0.383461446298528
96.893310546875,-0.615051891761034,0.990856314475134
97.0840454101563,-0.826329347742342,0.576631397345348
97.2747802734375,0.274796561197454,0.911845852797697
97.4655151367188,-0.368398134293731,0.546727486366898
97.65625,-0.945078471067192,1.22163896999715
97.8469848632813,0.102600205249169,0.238384705647344
98.0377197265625,0.591127251147877,0.0990081217850423
98.2284545898438,-0.280609993821481,0.264094117983174
98.419189453125,-0.166627848286298,1.50102645293659
98.6099243164063,-1.54252473115804,0.509566896114795
98.8006591796875,-2.6950153559248,1.59731103995785
98.9913940429688,-0.514414031516921,0.834162574295778
99.18212890625,-1.61054148232718,-0.808875883886486
99.3728637695313,0.254145550065547,2.08561816846036
99.5635986328125,-0.823044854035899,-0.080938001901382
99.7543334960938,-0.76208517519247,0.825477528039811
99.945068359375,-0.687641485968711,2.31000712268702
