Fre(kHz),Re,Im
-39.8635864257813,2.16830263212748,7.72790018747863,ZeroPoint:Tj,58,2
-39.6728515625,-0.425149326795057,5.58322440647319,Const.;stime,2.6703532,6.4E-07
-39.4821166992188,5.39092351216962,-3.59672116415652,Fre.Range:Tau,-40:15,1.5E-05
-39.2913818359375,3.10979470014602,4.96890086024914,FFTSize:DataSize:Firstpul,8192:8192,8E-07
-39.1006469726563,-0.457829376688955,0.895607526719859,73KcurrentF1000,Freq.=139776000
-38.909912109375,4.22657703855782,-0.174731393189197
-38.7191772460938,1.45469253786061,2.4941046090055
-38.5284423828125,2.28805380418393,0.349938055255424
-38.3377075195313,3.17047120501412,7.18737455084042
-38.14697265625,3.39812398832919,2.95100922880365
-37.9562377929688,4.15307263926536,0.616607840045712
-37.7655029296875,2.96505065048924,4.26518102904154
-37.5747680664063,3.6854216465197,7.15472598688929
-37.384033203125,1.62569713534682,2.26677697654452
-37.1932983398438,7.66035284828721,-0.139628595393558
-37.0025634765625,3.19405205325308,2.23904801173992
-36.8118286132813,3.8272164371683,6.35970206104778
-36.62109375,3.26309015594119,2.83188201089847
-36.4303588867188,1.5446711804126,4.65973588157432
-36.2396240234375,4.46652831185743,7.80489849476499
-36.0488891601563,3.48491496522023,2.73768055404956
-35.858154296875,3.28424207281563,1.45398034630349
-35.6674194335938,5.0192410381108,4.61972733568211
-35.4766845703125,7.83978190208853,3.7860021074328
-35.2859497070313,2.97106603877304,-0.157488444082726
-35.09521484375,0.440611875558862,2.01716470032908
-34.9044799804688,3.63326514670433,0.170530353834331
-34.7137451171875,0.924670759909275,1.67021270887382
-34.5230102539063,0.162405777758519,4.81392597991988
-34.332275390625,0.874680097799187,3.83333763866616
-34.1415405273438,-1.47145080031374,4.67960074720053
-33.9508056640625,5.80765411334941,7.105395808299
-33.7600708007813,0.92164353941873,9.47494233501419
-33.5693359375,5.09199813857006,4.30880863813289
-33.3786010742188,5.70327259673654,4.91337611658382
-33.1878662109375,3.25215407158459,3.2588221626021
-32.9971313476563,1.24816868047878,6.21565221290079
-32.806396484375,-0.318016808713772,7.50587783752932
-32.6156616210938,3.00321189752812,3.45451740375864
-32.4249267578125,3.72864670016597,8.25403475082012
-32.2341918945313,5.52120974179271,4.3749481383573
-32.04345703125,0.572443937164837,0.667030383923161
-31.8527221679688,4.44912818222527,0.311721798328933
-31.6619873046875,2.74826025865861,2.60124759262704
-31.4712524414063,1.58459240459641,6.15281930888558
-31.280517578125,4.33234996249926,3.3506205437562
-31.0897827148438,2.16345011841866,1.12191827699166
-30.8990478515625,1.4350548528993,1.3085602990697
-30.7083129882813,2.50788768814222,4.91112150248304
-30.517578125,-1.57756330095549,5.06489231300891
-30.3268432617188,2.23131604880504,5.74308576575851
-30.1361083984375,2.32474601385126,1.71149308055877
-29.9453735351563,1.12240515018768,4.99411986901224
-29.754638671875,1.39847623752512,2.87173741635282
-29.5639038085938,4.3289649837812,2.22538270880644
-29.3731689453125,1.25884919438304,5.61526736161002
-29.1824340820313,2.84674827740626,6.83453773608145
-28.99169921875,3.6877227326275,2.31905054602695
-28.8009643554688,1.53704431503375,6.83891099395758
-28.6102294921875,4.11058953541654,-0.992994458255389
-28.4194946289063,0.342778026625164,-0.642579438512652
-28.228759765625,5.58615706502354,3.35861884822159
-28.0380249023438,3.9126377498301,9.02380589961594
-27.8472900390625,3.84803663392987,4.46989478831813
-27.6565551757813,-0.795826493461601,3.70577971539844
-27.4658203125,1.727809645162,4.64655267894631
-27.2750854492188,-0.330067032036729,5.32056340251808
-27.0843505859375,3.59271851756312,2.57531936769765
-26.8936157226563,4.84177296605848,7.17554382557858
-26.702880859375,1.08750645016555,5.84110965530756
-26.5121459960938,4.63757132362808,5.49566539169305
-26.3214111328125,4.72807089550465,3.26440927057511
-26.1306762695313,1.59647985476741,3.33796520438899
-25.93994140625,3.94548145854986,9.65399634179892
-25.7492065429688,5.66957660514999,5.21141506208263
-25.5584716796875,2.69303475271192,4.87751735198535
-25.3677368164063,8.679684896771,6.63959824636441
-25.177001953125,5.5579931041086,4.90106080660521
-24.9862670898438,9.27048451212769,2.61337140655759
-24.7955322265625,3.2894846312884,4.19352396134864
-24.6047973632813,7.09140631640577,7.74969705120252
-24.4140625,3.97379204901567,3.14670102074267
-24.2233276367188,4.62904228167703,6.0682689462698
-24.0325927734375,4.94792513319509,3.42868253374393
-23.8418579101563,4.17895760735249,7.92293725467916
-23.651123046875,2.83678945071246,1.69000597095032
-23.4603881835938,2.8077605056237,4.99879234097363
-23.2696533203125,0.917720615165789,5.66410015978865
-23.0789184570313,5.19374176904947,5.26773270515333
-22.88818359375,1.59402407187759,5.75321542476056
-22.6974487304688,6.67489343101286,10.8352867996504
-22.5067138671875,2.78966574454476,1.67109645334517
-22.3159790039063,0.446736528134529,5.14082994985116
-22.125244140625,1.20411825315309,2.26464717515435
-21.9345092773438,7.894193056521,3.27984513156242
-21.7437744140625,6.77636041240727,9.05517810460724
-21.5530395507813,7.58009258753172,10.1741118349396
-21.3623046875,6.77581956206475,4.75171138555094
-21.1715698242188,4.2129377075034,8.87185960553834
-20.9808349609375,5.90710656932895,4.95962725505119
-20.7901000976563,8.58581460821484,8.15339154771606
-20.599365234375,4.59223213419555,3.73931416663818
-20.4086303710938,4.05052599412495,3.4786720286076
-20.2178955078125,6.51980381770454,4.75793933522888
-20.0271606445313,4.12348052563272,6.75287156196132
-19.83642578125,5.04172828478696,4.96059730103824
-19.6456909179688,1.86216502901647,6.72996673400278
-19.4549560546875,4.08410790490245,1.99963105531341
-19.2642211914063,4.11078892707241,5.76974925688438
-19.073486328125,6.04390943697064,4.70690962198366
-18.8827514648438,3.06044204810453,5.98546218730812
-18.6920166015625,6.99835023495838,2.17167506356044
-18.5012817382813,6.85801529740407,5.25422971640963
-18.310546875,0.647353687902066,11.3823825473875
-18.1198120117188,7.40362011574248,5.5505690495613
-17.9290771484375,5.13398944806127,4.65058926171071
-17.7383422851563,3.47563623183442,3.6669992284636
-17.547607421875,7.33542503697396,6.62913131764696
-17.3568725585938,11.5551842386902,5.17942333795886
-17.1661376953125,4.66192154330665,7.61199614827736
-16.9754028320313,7.98114020761532,3.66732271481172
-16.78466796875,6.05655561964844,8.87931480357872
-16.5939331054688,11.1315823099825,12.0174052629726
-16.4031982421875,9.72572778602591,9.30017726353335
-16.2124633789063,8.57412830613313,9.26568823694898
-16.021728515625,5.96236158942117,7.33272333854018
-15.8309936523438,12.7340518193556,3.20666387729027
-15.6402587890625,9.78827208618172,8.22799048638569
-15.4495239257813,12.0782342454494,8.99410230421386
-15.2587890625,8.07130239498802,2.33620282023448
-15.0680541992188,10.1652821666286,10.0027410772262
-14.8773193359375,7.09982928416277,5.7541267327124
-14.6865844726563,6.32614152433123,3.95232141816417
-14.495849609375,9.56078055568098,6.13349145657742
-14.3051147460938,10.3984100448199,4.13116384558097
-14.1143798828125,9.76683685602372,3.24124605595909
-13.9236450195313,12.8066699644856,5.85940977789669
-13.73291015625,6.99462898223192,8.05321483736557
-13.5421752929688,7.32675593423198,2.60736980515162
-13.3514404296875,12.3304517359277,6.89001499699442
-13.1607055664063,11.2601379893522,6.47526316721078
-12.969970703125,8.91137636129323,2.94877318231935
-12.7792358398438,10.6104689304824,4.50748454980226
-12.5885009765625,14.1130298085658,5.04246425833673
-12.3977661132813,11.9885697975537,9.62892401871385
-12.20703125,8.98107161645859,7.7872819475314
-12.0162963867188,10.1184271319582,2.13879386875627
-11.8255615234375,12.374252784468,5.90301101499996
-11.6348266601563,4.42560443266137,7.83762027616136
-11.444091796875,11.0097100896904,6.58067497619945
-11.2533569335938,7.76630098537331,4.02454755060817
-11.0626220703125,8.3258764583847,4.75784010852811
-10.8718872070313,8.14837955363254,6.28266897452561
-10.68115234375,10.7488537536183,2.59292319763434
-10.4904174804688,6.29947370950292,3.71422691032112
-10.2996826171875,11.8614696696214,8.13054768208216
-10.1089477539063,12.2260432609486,7.73673900409273
-9.918212890625,10.5795442925069,3.11627303243571
-9.72747802734375,11.303592269888,9.8545288929548
-9.5367431640625,12.9825915574339,8.49803063227082
-9.34600830078125,10.5904629642685,8.74491743725262
-9.1552734375,12.2885903296924,9.80160512845068
-8.96453857421875,12.2907925881383,9.29795119358056
-8.7738037109375,13.800869238855,8.81753176977623
-8.58306884765625,11.8538921314201,4.60915928096333
-8.392333984375,13.8391892052537,6.55449370826526
-8.20159912109375,13.5110880607802,3.6733244384922
-8.0108642578125,10.8635015247181,6.67903329279441
-7.82012939453125,14.6299871960292,8.12722657921622
-7.62939453125,16.9318955099189,3.52381065226449
-7.43865966796875,22.9549764536233,9.88016429914353
-7.2479248046875,16.3693358447094,4.86464530183485
-7.05718994140625,19.5643342329763,2.51502996637561
-6.866455078125,18.5074773326688,5.73566947799269
-6.67572021484375,20.6088096042162,0.819374832282236
-6.4849853515625,23.5329955176025,3.73423433233063
-6.29425048828125,20.7934018001294,2.66068366044923
-6.103515625,16.1626562683349,0.32796883170303
-5.91278076171875,21.728537737241,2.8818296180857
-5.7220458984375,15.4779700188448,0.552430939332152
-5.53131103515625,20.7105051681214,2.28283345382441
-5.340576171875,19.8884692391853,1.17552844074036
-5.14984130859375,19.6536323844496,-1.51886611772316
-4.9591064453125,27.3712776075514,-3.78036621320064
-4.76837158203125,20.1034915300329,-0.468160457306907
-4.57763671875,21.715006986353,-5.02951249992935
-4.38690185546875,17.9441305077935,1.72135000607793
-4.1961669921875,22.3196636204539,-0.987281341609943
-4.00543212890625,21.1263862078651,-0.654683131381184
-3.814697265625,19.8282743459197,-5.05468711982064
-3.62396240234375,18.9684749735023,-1.1903297618328
-3.4332275390625,22.0925783380288,-8.92877173011437
-3.24249267578125,18.8645136740487,-5.15774019557516
-3.0517578125,19.7588529432072,-9.21516260507737
-2.86102294921875,18.8884417464271,-10.1377212743344
-2.6702880859375,14.4432380518765,-9.58330052273213
-2.47955322265625,18.5695526415497,-5.35771443152865
-2.288818359375,16.9357132168873,-8.86014917417107
-2.09808349609375,19.382728985434,-10.7342901439268
-1.9073486328125,16.3615560283547,-11.3013394238016
-1.71661376953125,17.6759794065888,-7.50743702079276
-1.52587890625,19.0353829907713,-15.7226344552316
-1.33514404296875,13.82844956682,-16.4865804420608
-1.1444091796875,15.486840247142,-8.12480400098837
-0.95367431640625,15.923046804551,-15.809799292531
-0.762939453125,13.8573352667243,-13.9763353836474
-0.57220458984375,15.7736706438377,-17.5146216669157
-0.3814697265625,17.5783298481672,-17.8426646649864
-0.19073486328125,13.815564602576,-16.8099318698198
0,21.0751358307921,-48.2567277539926
0.19073486328125,9.82341877225133,-17.0083014914453
0.3814697265625,11.0561987565914,-16.5613048879117
0.57220458984375,10.9888265388498,-14.0391780775741
0.762939453125,13.3390822374912,-16.7281857573147
0.95367431640625,11.7533696700856,-16.9393539145185
1.1444091796875,8.65260695235959,-16.3057893856538
1.33514404296875,11.9391528463946,-16.3964807567119
1.52587890625,5.42352446011706,-16.1488350487421
1.71661376953125,7.27009880768555,-16.508359270472
1.9073486328125,4.74870619210545,-14.511817478303
2.09808349609375,8.85181037911853,-14.5623535996509
2.288818359375,8.46011072341019,-12.8967056180711
2.47955322265625,8.08785593191333,-17.3292535544551
2.6702880859375,6.23815330164128,-16.2434539199885
2.86102294921875,7.49801587595251,-12.6809065466165
3.0517578125,-0.81303084970494,-19.6374124584763
3.24249267578125,0.0321198036797226,-13.3542544839377
3.4332275390625,4.84285425521951,-12.0954864441734
3.62396240234375,3.89068427977499,-8.25853418190248
3.814697265625,0.608982458857524,-12.8889910089089
4.00543212890625,0.709751781038251,-8.66385292094859
4.1961669921875,2.2506179836805,-10.8632180130931
4.38690185546875,-1.07563888342756,-7.83303126516743
4.57763671875,1.05181485261215,-13.0260354625081
4.76837158203125,0.59248018234385,-12.0337940111314
4.9591064453125,2.81968883540307,-8.51991513126224
5.14984130859375,2.11713252889784,-8.68664687389468
5.340576171875,-0.588059899006975,-3.06185110512533
5.53131103515625,4.59078658023982,-12.2886633316418
5.7220458984375,4.61208318706821,-8.80704746164531
5.91278076171875,6.30358630685471,-7.77031066064094
6.103515625,0.691813928588405,-9.17700418365362
6.29425048828125,2.92906905153385,-8.63228501611722
6.4849853515625,-0.401445022826354,-5.89811420995521
6.67572021484375,-0.30264641054961,-10.6170775508133
6.866455078125,4.27950588285556,-10.2481671310934
7.05718994140625,-2.37441728316132,-7.28216122801293
7.2479248046875,1.01708307140282,-6.98239835349845
7.43865966796875,-2.73960724576423,-8.62973994958247
7.62939453125,-0.405350260923958,-9.56384326615889
7.82012939453125,0.354215582400243,-6.02266862499127
8.0108642578125,5.13270691700118,-6.07135950992438
8.20159912109375,2.27435843859469,-8.10172413307716
8.392333984375,-2.03119078943407,-5.57773710437785
8.58306884765625,-1.0243015690911,-3.08082339928299
8.7738037109375,2.07910195441774,-3.65595073357997
8.96453857421875,1.77036566576024,-6.69668843592493
9.1552734375,-0.406550712850405,-5.36603481590596
9.34600830078125,-1.24616512602916,-4.75445960574658
9.5367431640625,2.00048101303153,-9.78638997313959
9.72747802734375,-0.150343251083862,-6.09505651999169
9.918212890625,-1.43235358160112,-6.84298527093913
10.1089477539063,-0.671033657310845,-5.01872393306968
10.2996826171875,-4.17763886339143,-12.264908696468
10.4904174804688,0.693083481390645,-7.53056980201854
10.68115234375,-0.788214318668323,-7.6442932584349
10.8718872070313,2.09094219430742,-3.39465929217296
11.0626220703125,3.28801311275819,-6.88039160041483
11.2533569335938,-2.07510538669352,-14.5675204884659
11.444091796875,4.51173677377016,-4.27434654244422
11.6348266601563,3.99610211706185,-5.01411271368817
11.8255615234375,2.65506583190793,-10.2482879812584
12.0162963867188,-0.0406800450434779,-8.23984825956146
12.20703125,-2.27055071309332,-3.88691538879846
12.3977661132813,-0.326836906593988,-6.75783700053596
12.5885009765625,0.728993398234381,-8.69616741607166
12.7792358398438,2.05927669472232,-9.04013090750813
12.969970703125,-0.855381360787381,-6.48170187989049
13.1607055664063,0.75189615088165,-7.38862459463795
13.3514404296875,-3.7565478598766,-6.07162099214198
13.5421752929688,-0.847794255815771,-8.11745339363293
13.73291015625,-3.5127383781539,-3.32453804841338
13.9236450195313,1.08132854439094,-4.15405002840921
14.1143798828125,-5.85206124801428,-4.24202366253095
14.3051147460938,-0.886612155478194,-4.23081675463157
14.495849609375,-0.0420828912667508,-7.00164190204279
14.6865844726563,4.85319364449506,-4.20247751449772
14.8773193359375,-2.65018980241561,-5.78183978827246
