Fre(kHz),Re,Im
-99.945068359375,-0.19479605418242,0.853480712814886,ZeroPoint:Tj,62,5
-99.7543334960938,-0.0514069226804746,2.41380811486494,Const.;stime,2.92168055999999,6.4E-07
-99.5635986328125,-0.709047840251509,-1.18037231948957,Fre.Range:Tau,-100:100,1.5E-05
-99.3728637695313,-0.631082224586787,-0.0449395044837339,FFTSize:DataSize:Firstpul,8192:8192,5E-07
-99.18212890625,-0.833723831075828,1.04781907424696,9msF6666,Freq.=141410000
-98.9913940429688,0.101432358988532,1.66352278490494
-98.8006591796875,-1.61183358193622,1.28036344456209
-98.6099243164063,-0.792530654083793,2.145751070748
-98.419189453125,-0.900409580443113,0.307072424260251
-98.2284545898438,-0.723292352315181,0.966851289529002
-98.0377197265625,0.408185772469325,1.84010365579305
-97.8469848632813,-1.35771168738348,1.97904880866382
-97.65625,-0.904708823479783,0.745887245208715
-97.4655151367188,-2.11035009918577,2.1392212237004
-97.2747802734375,-0.175454274563179,2.87573803139381
-97.0840454101563,-0.495357215627409,-0.211481235667342
-96.893310546875,0.630220764844559,1.17251230306668
-96.7025756835938,-1.81020893974664,1.97547939464614
-96.5118408203125,-0.334398267379327,-0.155004204018517
-96.3211059570313,0.532681436179646,1.63603569034522
-96.13037109375,-1.10167337647749,1.37515973161305
-95.9396362304688,0.118839872445332,0.758548344550698
-95.7489013671875,-2.41595683683124,0.320139806602049
-95.5581665039063,-0.100807396094741,1.83001916840296
-95.367431640625,0.11214473947178,2.83526014744468
-95.1766967773438,-0.187222603215136,-0.345318384934874
-94.9859619140625,-1.76874440778662,0.867707423450723
-94.7952270507813,-1.05089434607763,0.0633950950716453
-94.6044921875,0.0864568555100345,1.11855431931459
-94.4137573242188,-2.50546041635846,-0.328935642420123
-94.2230224609375,-0.312891177851647,1.64363991560634
-94.0322875976563,-0.979680982372407,1.63018061169357
-93.841552734375,-1.36751878107529,1.7302891290821
-93.6508178710938,-1.03402162279933,0.696740230709938
-93.4600830078125,1.2886812068228,1.34281748006112
-93.2693481445313,-1.18106441207283,0.676720149824417
-93.07861328125,-1.6790858985592,-0.283406575387928
-92.8878784179688,-0.779515353657075,0.74661765320146
-92.6971435546875,-0.774153979954695,1.70041159864735
-92.5064086914063,0.122248360683028,-0.977764654463856
-92.315673828125,-1.33617897418337,0.617579161880839
-92.1249389648438,-0.873899398957518,0.0900230646867961
-91.9342041015625,-0.597520730533529,0.315668569789123
-91.7434692382813,-0.929521326202786,1.13420396054213
-91.552734375,-1.0934838455877,2.07786117712776
-91.3619995117188,0.0180045697614257,-0.432177010815767
-91.1712646484375,-0.625283959625114,1.09241921166669
-90.9805297851563,-0.261840608975177,0.0269309690229861
-90.789794921875,-0.652553603079822,1.61042870255892
-90.5990600585938,-1.03025245383329,1.17106564048742
-90.4083251953125,-2.08391414203158,1.14698686853802
-90.2175903320313,0.0109180957233452,-0.0605600192637912
-90.02685546875,-1.02375126782004,0.930544409047593
-89.8361206054688,-0.799287457750511,0.853877028689603
-89.6453857421875,-1.33547760906472,0.604348142809829
-89.4546508789063,-0.907418061597105,0.990376150842859
-89.263916015625,-0.192574679277231,0.909520705632572
-89.0731811523438,-1.17778217642506,1.47723949340702
-88.8824462890625,-2.23231487501328,0.905870852374509
-88.6917114257813,-0.527302366720027,0.754374545193468
-88.5009765625,-1.7053053722969,0.594987790200792
-88.3102416992188,-0.192824157307938,1.70973993288787
-88.1195068359375,-0.603655239671939,-0.125475595305772
-87.9287719726563,-2.86546861898681,1.12149616804464
-87.738037109375,-1.8964837223828,2.59264527765059
-87.5473022460938,0.00138649367185695,1.73219967477658
-87.3565673828125,-1.76034821451105,0.0995641225658165
-87.1658325195313,-1.14550021065042,0.918260080616434
-86.97509765625,-2.06923362763372,1.12634984640055
-86.7843627929688,-1.29005612805767,0.990310287355283
-86.5936279296875,-0.819053313564793,1.48823478375358
-86.4028930664063,0.405368470557533,1.53530592400794
-86.212158203125,-0.491652022225977,0.364388471325456
-86.0214233398438,-2.01706966243052,0.962671033471579
-85.8306884765625,0.346840545542248,2.3249481907566
-85.6399536132813,-0.839298845407053,-0.172043928898876
-85.44921875,-0.206575509401217,1.61169724610593
-85.2584838867188,-1.35552138176507,0.859735456628758
-85.0677490234375,0.172621883696883,0.903266076585066
-84.8770141601563,-0.752403033583111,1.43533515534724
-84.686279296875,-0.239879346932936,1.40824385664093
-84.4955444335938,-0.92992553662516,1.84101602567071
-84.3048095703125,0.15425612488609,-0.500414567674178
-84.1140747070313,-1.20159356699135,0.823388710814579
-83.92333984375,-0.218648013556934,0.610166165324626
-83.7326049804688,-0.0965928205438254,1.45716295870451
-83.5418701171875,-2.283895084098,0.272771239973835
-83.3511352539063,-0.426305436806016,1.05129524320715
-83.160400390625,-1.58997686209245,1.79376010203293
-82.9696655273438,-1.67441919012157,-0.206601366623788
-82.7789306640625,-2.1152673050381,3.68505429034169
-82.5881958007813,-1.96247844730731,1.2904277803288
-82.3974609375,-1.61042004515982,2.63750510192833
-82.2067260742188,-0.111833653784901,2.06389331703624
-82.0159912109375,-1.58645762556722,0.831016716547936
-81.8252563476563,-0.658202425902758,1.89578140823557
-81.634521484375,-1.23246964356805,1.44797294831049
-81.4437866210938,-0.0499342227378844,-0.0230236806393406
-81.2530517578125,-1.0276194028958,1.22940316339408
-81.0623168945313,-1.0601985603382,0.535950889810041
-80.87158203125,-2.19003693486852,3.65224210330652
-80.6808471679688,-0.0872833439318598,2.0459774231506
-80.4901123046875,-0.556306088471682,0.305104825162839
-80.2993774414063,-2.25585033859605,2.37702279188702
-80.108642578125,-2.25066900243389,2.38542608355185
-79.9179077148438,-2.24441243005657,2.74020790339579
-79.7271728515625,-1.05896176615903,1.58417542068246
-79.5364379882813,0.429226152113412,1.37065506566177
-79.345703125,-0.318792887571719,1.89565213111016
-79.1549682617188,-1.30040694463215,0.399310739750503
-78.9642333984375,-0.823184092396772,1.41761468903832
-78.7734985351563,-1.64640989561585,1.0673560442308
-78.582763671875,-2.28553670309708,3.05945621506732
-78.3920288085938,0.0111545653101766,1.40346852315681
-78.2012939453125,-0.595938048165705,0.361602469516811
-78.0105590820313,-1.1219148384708,0.943010361325128
-77.81982421875,-0.327681175230544,-0.125766744866008
-77.6290893554688,-1.959779214581,-0.31280552282589
-77.4383544921875,0.562529319296357,1.51786645195422
-77.2476196289063,-1.86267063339326,2.02122371496498
-77.056884765625,0.0789846435667915,2.11483127368074
-76.8661499023438,-2.42065502828242,2.77547780483617
-76.6754150390625,-1.56672498880379,0.68106856408904
-76.4846801757813,-2.4844727010977,3.31862208951439
-76.2939453125,0.317324235680144,3.26769937638826
-76.1032104492188,-1.11084207210388,1.71478834121365
-75.9124755859375,-0.38440186385147,1.12095562640183
-75.7217407226563,-0.656280817480419,3.03754058408061
-75.531005859375,-1.49701783843278,0.902535545468191
-75.3402709960938,-1.89575203925477,2.2958376272962
-75.1495361328125,-2.00109559858229,1.42981484403913
-74.9588012695313,-0.353499919455109,1.16474739492828
-74.76806640625,-0.990390847568177,1.47441316505985
-74.5773315429688,-1.19436811176814,1.38565085911292
-74.3865966796875,-0.378510965262108,-0.148672749101492
-74.1958618164063,-1.55808810620155,2.17116511549786
-74.005126953125,-1.8738949135881,0.615002776255991
-73.8143920898438,-1.3660512334383,2.02616894162612
-73.6236572265625,-0.389874978929771,2.88892675821613
-73.4329223632813,-1.24783691505575,3.09541553245299
-73.2421875,-1.65624593360335,1.51024952064704
-73.0514526367188,0.0338884788717128,0.765245487844721
-72.8607177734375,0.743992966486636,1.14301119133689
-72.6699829101563,-2.4022746757459,1.88335282721119
-72.479248046875,-1.62609535137847,2.36026166017116
-72.2885131835938,-0.388187333767057,1.17533121767129
-72.0977783203125,-0.820451262926231,2.2028938840316
-71.9070434570313,-2.00616855972233,1.64170954411729
-71.71630859375,-0.659986443652062,1.60480018609339
-71.5255737304688,0.174849895354296,1.43215897652807
-71.3348388671875,-1.61203644618292,0.131818430740725
-71.1441040039063,-1.93276202915495,2.41874463972196
-70.953369140625,-1.04449419807297,2.55937385804291
-70.7626342773438,0.820526094237419,1.87088899616917
-70.5718994140625,-2.55313551815356,3.68159438537066
-70.3811645507813,-1.90165079434067,0.988321840522148
-70.1904296875,-0.381482202023118,2.29406707066957
-69.9996948242188,-1.59825156812956,2.56881727873415
-69.8089599609375,0.399289892061436,3.46953218411313
-69.6182250976563,-2.14141557447516,0.230515460891069
-69.427490234375,-0.57235629472038,3.25752585047217
-69.2367553710938,-0.0220171242220043,1.59801496591163
-69.0460205078125,1.0034416496554,2.83729077620744
-68.8552856445313,-1.66865072315935,2.63628031926851
-68.66455078125,0.207874696876733,0.174247166393471
-68.4738159179688,-0.191966563406987,1.9884871316144
-68.2830810546875,-0.522725142637899,1.58059138521375
-68.0923461914063,-1.35641661962,1.83698432030869
-67.901611328125,-2.57785400931101,2.57051236694699
-67.7108764648438,-0.825887394069745,1.67864654664266
-67.5201416015625,-1.41346216558321,3.72317439927359
-67.3294067382813,-0.973936721800191,2.15079704070012
-67.138671875,-0.945497952253302,2.63706568567464
-66.9479370117188,-0.555203319707988,1.73606163134707
-66.7572021484375,-1.0410729462675,0.140750279446292
-66.5664672851563,-0.839552220691363,0.743380724344644
-66.375732421875,-1.68203807234891,3.95262778860058
-66.1849975585938,-1.34674527478404,0.538339154908545
-65.9942626953125,-2.36122918544717,3.63929536522058
-65.8035278320313,-1.4246102970604,0.592551965289919
-65.61279296875,0.0765161606158169,1.80355302824406
-65.4220581054688,-0.997221250619378,2.17842020793846
-65.2313232421875,-1.20785715988085,1.84023310565303
-65.0405883789063,-1.70283302239475,1.62754223149175
-64.849853515625,-1.30456130429726,2.16866062932529
-64.6591186523438,-0.264046190594681,2.98421289081286
-64.4683837890625,0.254200198669155,1.90287934614943
-64.2776489257813,-0.385335530608396,3.89292747344159
-64.0869140625,-1.10082046644358,1.22117073161965
-63.8961791992188,-0.971956936425427,2.39287013227059
-63.7054443359375,-0.483654380031271,0.898901006686846
-63.5147094726563,-0.471681665112248,2.2423937960376
-63.323974609375,-1.83553829223658,2.27656440281861
-63.1332397460938,-0.181169239673084,2.44419846965014
-62.9425048828125,0.239203087056155,2.69732291394338
-62.7517700195313,-1.15298630976597,2.3727281651182
-62.56103515625,-0.533111625703899,1.30674028561524
-62.3703002929688,0.0165422317142337,1.91477293235251
-62.1795654296875,-0.747311749989645,4.52985562422815
-61.9888305664063,-1.58708743190151,2.00767635548639
-61.798095703125,-0.807264790736746,2.26316411567362
-61.6073608398438,0.247883067744138,2.7994163337902
-61.4166259765625,-1.12271482855348,2.29503591931184
-61.2258911132813,-1.34783352817151,1.34389318092931
-61.03515625,-1.02769947472772,3.80349301584815
-60.8444213867188,-0.860740126114359,2.69146950594806
-60.6536865234375,-0.543824483652921,3.35237166444733
-60.4629516601563,-2.79745156848338,3.02060405969171
-60.272216796875,-1.33837595081743,0.945963955560096
-60.0814819335938,-0.420816855675878,1.15555322231285
-59.8907470703125,-1.98311106833164,3.36752630217591
-59.7000122070313,-1.72999404229305,2.86572966194467
-59.50927734375,-1.78819816317656,1.44253583696354
-59.3185424804688,-0.300570881597001,3.10457859463956
-59.1278076171875,-0.877622237777517,3.1041155328538
-58.9370727539063,-0.581339483616908,1.81691631876155
-58.746337890625,-1.39903995588735,2.97606523753132
-58.5556030273438,0.110329447936547,1.51593868844808
-58.3648681640625,-0.626234005432538,2.30975016072332
-58.1741333007813,-0.478064154370271,3.40541202580719
-57.9833984375,-1.93066616522949,1.79715146871494
-57.7926635742188,-0.232029108853164,1.94423053683385
-57.6019287109375,-0.660072377652486,2.47320384581564
-57.4111938476563,0.319514553232485,2.02227137933669
-57.220458984375,-1.87286617123567,2.08529417926038
-57.0297241210938,-0.967151496686911,3.49018669025715
-56.8389892578125,-1.4092000774802,2.11387927816661
-56.6482543945313,-0.395163438979694,1.58484302041652
-56.45751953125,-2.04064428139295,3.79786997964736
-56.2667846679688,-0.409230699035971,3.49425168353893
-56.0760498046875,0.289233566655538,2.25190364379426
-55.8853149414063,-1.81985742518506,2.83278140235653
-55.694580078125,-0.0176865271235038,2.74394000301612
-55.5038452148438,0.574513351191946,1.80658516644352
-55.3131103515625,-0.537677034250369,2.11468845505637
-55.1223754882813,0.141209251839297,3.75136874645451
-54.931640625,-0.022737933444037,4.24714170061782
-54.7409057617188,0.780701918679174,4.26248003468656
-54.5501708984375,-0.744205573903085,3.83565165003834
-54.3594360351563,-1.53797622304194,0.868899111192329
-54.168701171875,-0.0753289303719869,4.19391895181642
-53.9779663085938,-0.467628949350344,0.743387818922626
-53.7872314453125,-0.735857647502128,2.43048952269615
-53.5964965820313,0.206815308755919,1.81478877509292
-53.40576171875,-1.22468212881879,1.823597852452
-53.2150268554688,-1.62975245460862,2.16856009161048
-53.0242919921875,-0.897144983790567,2.9967786572963
-52.8335571289063,-2.33724416559424,1.51353899177176
-52.642822265625,-1.62828369849791,3.37811360074771
-52.4520874023438,-1.70680813809274,2.07488222360674
-52.2613525390625,0.305629397104827,2.59070278139901
-52.0706176757813,0.36726049383239,2.14179020801871
-51.8798828125,-0.0781719893225365,3.16834268741953
-51.6891479492188,-0.631032563289316,2.49643885450895
-51.4984130859375,-1.8577256293609,2.59279365367175
-51.3076782226563,0.149537384528123,4.1096263194795
-51.116943359375,-1.24654459366595,1.38973245274071
-50.9262084960938,-1.3203702476346,3.11371979442882
-50.7354736328125,0.816232080414407,2.1498183409747
-50.5447387695313,-0.802903766888932,2.2613854571294
-50.35400390625,-1.72522140233628,2.96265548716589
-50.1632690429688,-0.100788102018139,0.964107507107102
-49.9725341796875,0.0332866130873963,3.15249359874615
-49.7817993164063,0.227751464722401,2.53180526022608
-49.591064453125,-0.245292321175255,3.81210388931411
-49.4003295898438,-1.28172504666281,2.08460689368001
-49.2095947265625,-2.5399185967964,3.31138177410705
-49.0188598632813,-0.405279129510472,3.29488345206699
-48.828125,-1.60908699552666,2.05663356952425
-48.6373901367188,-2.52605002433992,2.47546380128417
-48.4466552734375,-0.85117080639212,3.55976633612886
-48.2559204101563,0.362853770841857,2.18973420283486
-48.065185546875,-0.33101353427054,3.15049431854787
-47.8744506835938,-0.0747948735773392,2.21981192759005
-47.6837158203125,-0.25624303513346,4.15373462230764
-47.4929809570313,-2.72363700297578,1.91911210384336
-47.30224609375,-0.250014854000393,4.28581818006503
-47.1115112304688,0.0793053895344235,2.90174296863011
-46.9207763671875,-1.11110959278024,3.74823058879132
-46.7300415039063,-0.194602170010788,2.63865674296347
-46.539306640625,-1.82518278214789,3.62695418325383
-46.3485717773438,-1.05433942217208,1.51806657175798
-46.1578369140625,-0.928559966824575,1.45002586949415
-45.9671020507813,-1.00335079430686,4.73341354666796
-45.7763671875,1.27297363534404,2.62493139200693
-45.5856323242188,-0.330164703396838,2.13626354897587
-45.3948974609375,-0.548827094044041,4.00581247711156
-45.2041625976563,0.0638082276085507,4.14867928223251
-45.013427734375,-1.97303442073825,2.10086700910764
-44.8226928710938,-0.521665510058474,3.1672038622081
-44.6319580078125,-0.425369008397005,3.11909505650025
-44.4412231445313,-1.09075949216398,1.88849047879768
-44.25048828125,-0.268742709362628,4.96867369678692
-44.0597534179688,-0.498915867964787,2.55724426751412
-43.8690185546875,-1.37018220107361,2.47895950391901
-43.6782836914063,-1.88128985198844,2.76034196134761
-43.487548828125,-0.20280857195657,3.07466849733526
-43.2968139648438,-1.62835063534789,3.48101091884062
-43.1060791015625,0.102389423594878,3.6862377329784
-42.9153442382813,0.52469789239215,3.66707671210871
-42.724609375,-1.46323032610782,3.58849877134767
-42.5338745117188,-0.409523552701656,2.28483046759442
-42.3431396484375,-2.40197140999319,4.25964873449635
-42.1524047851563,-2.02011855255189,2.46500922256082
-41.961669921875,-0.56940642254736,3.28561624938517
-41.7709350585938,-1.55157157893348,3.54818172669176
-41.5802001953125,-0.484307093723248,4.521333203951
-41.3894653320313,-2.23635797381088,3.84800677740957
-41.19873046875,-1.99161269996749,5.05324331042191
-41.0079956054688,-0.504527762002011,4.16277520311198
-40.8172607421875,0.849422411725153,3.51441185887959
-40.6265258789063,-1.63554492115103,4.42212458784245
-40.435791015625,0.452972356908327,2.44337045732844
-40.2450561523438,1.0578161118728,4.2231433608923
-40.0543212890625,-1.47755937704303,5.2711313873365
-39.8635864257813,-0.990258572323669,4.57670497900374
-39.6728515625,-1.36910302117516,2.91948176067382
-39.4821166992188,-0.0370424891255559,3.26609106895345
-39.2913818359375,-1.01631908884203,2.84892404172512
-39.1006469726563,-3.39155630510322,2.61912439419379
-38.909912109375,-0.276491040833316,5.38481904796872
-38.7191772460938,0.595673164562615,4.40324791188945
-38.5284423828125,0.848799866870332,3.33017286603918
-38.3377075195313,-0.677764772004732,2.80288072142252
-38.14697265625,-0.492596724492959,5.15204498007621
-37.9562377929688,-1.07880546806202,2.4215430908559
-37.7655029296875,0.449927341683156,3.21693541022935
-37.5747680664063,-0.703955126257371,4.94065266058727
-37.384033203125,-1.464154555241,3.78890823326694
-37.1932983398438,-0.608667003781845,5.46995396616453
-37.0025634765625,-0.83109494172313,4.07561949585751
-36.8118286132813,-1.77856433659724,4.14257376044406
-36.62109375,0.798131004297048,4.17479330809745
-36.4303588867188,-0.156612617618818,3.73817810831487
-36.2396240234375,-0.0715292215066712,2.44535447668811
-36.0488891601563,-0.688246583007261,4.41076559262839
-35.858154296875,-0.705325699322538,2.8137696241221
-35.6674194335938,-0.216568777655358,4.27037368605511
-35.4766845703125,-0.510984870944789,5.7464631660223
-35.2859497070313,-0.396236162615551,3.87673394868091
-35.09521484375,1.72565246618135,4.51221062173521
-34.9044799804688,-1.30156740391447,4.33515099015242
-34.7137451171875,-0.0232556674055488,3.91034045821529
-34.5230102539063,-1.76643602681569,3.84060936821642
-34.332275390625,-0.215850490127892,2.82995031560413
-34.1415405273438,-0.944654660719606,5.58913256608312
-33.9508056640625,-0.563911343543251,4.55347607282822
-33.7600708007813,0.209144728780621,4.014774330408
-33.5693359375,-1.58716821529356,3.67970669094755
-33.3786010742188,0.841090323153244,3.90285588330781
-33.1878662109375,-0.0602008564017503,4.18516214899012
-32.9971313476563,-1.43481690097518,3.98548106347521
-32.806396484375,0.72362098764804,5.51945665748834
-32.6156616210938,-1.17386024797633,3.48736048664984
-32.4249267578125,1.11379518017934,3.77715118277745
-32.2341918945313,-0.0625098838271926,4.92322788162919
-32.04345703125,-0.495634078340911,3.59413258046938
-31.8527221679688,1.86168995142588,4.43284565081282
-31.6619873046875,-2.28970251421104,4.51794428191791
-31.4712524414063,-1.66756768634386,5.59508592081574
-31.280517578125,0.201220540910447,4.84286390865295
-31.0897827148438,0.93287250712657,5.04115592916709
-30.8990478515625,-0.747309810158488,4.24955591804786
-30.7083129882813,-0.608294099532522,2.34295360512091
-30.517578125,0.1369238616834,3.89480393102746
-30.3268432617188,-0.334826058214347,5.47806060696104
-30.1361083984375,0.167958893174497,5.68055748549201
-29.9453735351563,-2.19906094947381,5.7824317088209
-29.754638671875,-0.512036204548174,4.90089370060289
-29.5639038085938,-0.51423371453757,4.72795962994576
-29.3731689453125,0.037967246347386,3.9982241725238
-29.1824340820313,-0.260083562158158,5.25253115217659
-28.99169921875,-0.315101325468126,5.23098402148915
-28.8009643554688,0.259739734192772,6.06639790340155
-28.6102294921875,-0.968497977836663,5.84516071490075
-28.4194946289063,1.06761376395891,5.01450570148395
-28.228759765625,1.72569598298674,4.64427057401213
-28.0380249023438,-0.0579990660086789,3.78050093987474
-27.8472900390625,-1.30982824187702,5.30987806257231
-27.6565551757813,-0.713723502280911,5.82667765662417
-27.4658203125,-2.07569757038484,6.40067063437929
-27.2750854492188,0.62861459737085,5.63043089596698
-27.0843505859375,-0.0455134866537695,4.5353246383524
-26.8936157226563,-1.36132132772283,6.01331693067064
-26.702880859375,-0.805591805442069,4.70516029748283
-26.5121459960938,-0.381909260466893,5.74976484310618
-26.3214111328125,0.548341534625944,4.62118604059453
-26.1306762695313,0.322625244353899,5.00899132240905
-25.93994140625,-0.632741062934119,5.66060931039219
-25.7492065429688,-1.15463664812367,7.27162265826482
-25.5584716796875,0.318269997236814,5.64445048169899
-25.3677368164063,-1.02985092172419,5.35513904383412
-25.177001953125,-0.162625758485125,5.52566963569372
-24.9862670898438,-0.461255021189767,5.84037023086143
-24.7955322265625,0.11153194533795,5.68744781997928
-24.6047973632813,-0.238721072715011,7.30170752844553
-24.4140625,-1.05244884080921,6.32265437647413
-24.2233276367188,-1.76542677202176,6.95467406863654
-24.0325927734375,-0.777099256919677,6.70250253313321
-23.8418579101563,0.404694122260013,6.8461711225
-23.651123046875,0.554035271338417,6.02692373561922
-23.4603881835938,-0.131507727784413,7.52265951271722
-23.2696533203125,0.285515647341366,7.13320759302243
-23.0789184570313,0.876737947581073,7.91735783432927
-22.88818359375,0.552858381555524,7.4260279470416
-22.6974487304688,0.372582109761836,7.13328254394923
-22.5067138671875,0.915251308764223,7.59459761045217
-22.3159790039063,-0.679741219421554,8.70842715801773
-22.125244140625,3.08491556994109,6.42876930868089
-21.9345092773438,-1.63920019068746,8.73984828858142
-21.7437744140625,-0.0282614648052686,7.33524484893414
-21.5530395507813,0.15103656981803,8.1255521042016
-21.3623046875,0.425875162935493,8.12625446589949
-21.1715698242188,0.489693096777268,8.27593005354236
-20.9808349609375,1.50091267369939,8.29451404693899
-20.7901000976563,-0.394685978556612,5.8708224131088
-20.599365234375,1.95072761940898,9.04338246082127
-20.4086303710938,0.323058688829393,9.28862458963969
-20.2178955078125,0.558384297809795,8.00819285202199
-20.0271606445313,0.829650605660515,7.84915744295312
-19.83642578125,2.32844885785026,8.25039254716312
-19.6456909179688,1.79223619142164,9.66474719619172
-19.4549560546875,1.83111287990574,7.40686394169133
-19.2642211914063,3.73410742207876,8.25395411780354
-19.073486328125,4.50790124205927,8.26347354427765
-18.8827514648438,3.26693735682944,9.19217969299714
-18.6920166015625,2.62015992034097,8.82681941051989
-18.5012817382813,3.55273821078013,7.48222497127722
-18.310546875,3.6158977286787,6.97770814072233
-18.1198120117188,2.33494781217927,8.37393636506989
-17.9290771484375,4.33602955370571,9.91634401364541
-17.7383422851563,3.56957612756407,8.09002741470497
-17.547607421875,5.32443957623188,8.56138255270136
-17.3568725585938,5.54437369294561,7.51406906419497
-17.1661376953125,3.88333607747672,9.5135222554512
-16.9754028320313,2.6479149915563,7.98729779318936
-16.78466796875,5.27195241819022,8.70353251030223
-16.5939331054688,3.8137178918908,9.8645187337462
-16.4031982421875,4.69933711045666,10.4646311447299
-16.2124633789063,5.28738084846746,9.06241912749753
-16.021728515625,4.61751779926624,6.13384176943711
-15.8309936523438,6.41530462984973,8.42558987235412
-15.6402587890625,5.19224808396956,8.75054630423799
-15.4495239257813,5.10881423141513,8.35756645363943
-15.2587890625,4.35175919599764,7.06266394781976
-15.0680541992188,7.17573275559975,7.51630116822379
-14.8773193359375,4.92366110945954,8.65281177538083
-14.6865844726563,6.28175906304068,8.02477169162587
-14.495849609375,4.32604415320064,9.67949349361051
-14.3051147460938,5.23540093554543,7.62911530247047
-14.1143798828125,4.97603713370388,8.11583222634822
-13.9236450195313,5.72705893141163,7.59537920006974
-13.73291015625,5.58880988283146,7.91105722886584
-13.5421752929688,4.93775990974052,7.34585011954173
-13.3514404296875,6.50839757369796,7.66203479903325
-13.1607055664063,5.31877419985294,8.17799140694477
-12.969970703125,6.67918289147591,7.54556993341954
-12.7792358398438,4.87833176774315,8.01688212832441
-12.5885009765625,7.68813745364622,8.40323752281087
-12.3977661132813,7.34119406757183,9.63046710978121
-12.20703125,5.30528954803679,7.52506283493382
-12.0162963867188,4.99804241120946,8.1795876881944
-11.8255615234375,7.82250755606223,7.04048537583156
-11.6348266601563,6.59841613221562,6.83456616309167
-11.444091796875,7.65289363392167,7.30338396319738
-11.2533569335938,6.84816403636008,8.54970256950204
-11.0626220703125,6.03363428938673,7.1115864949471
-10.8718872070313,7.89126856713189,8.75681297655744
-10.68115234375,8.35798764419223,11.4356146364611
-10.4904174804688,8.21977160437211,8.73640205675544
-10.2996826171875,10.0856531375129,9.0015195429229
-10.1089477539063,8.92863619190718,8.87391651391274
-9.918212890625,7.55076717609058,9.4832130385138
-9.72747802734375,8.77018684169993,9.67807172812988
-9.5367431640625,9.88695255627631,7.59194429601827
-9.34600830078125,9.69876974652296,7.48773796540291
-9.1552734375,9.83792400954902,7.96794000337834
-8.96453857421875,9.62342124097169,8.2857493888682
-8.7738037109375,10.8861480552908,5.32805341857685
-8.58306884765625,11.0855295745578,7.27550470603094
-8.392333984375,10.8618449640694,7.10995679578537
-8.20159912109375,12.2884467067005,5.40215516936301
-8.0108642578125,11.7523754953178,6.12263124175889
-7.82012939453125,12.2792371862073,4.74274957771043
-7.62939453125,12.2572612132225,4.52291574764844
-7.43865966796875,13.9652943373804,3.91760835542663
-7.2479248046875,11.9331110535964,5.05089087211228
-7.05718994140625,13.8871467772122,3.92223759652337
-6.866455078125,11.2137694214239,4.32737738284765
-6.67572021484375,13.1992503871921,3.5980538410251
-6.4849853515625,12.2166297607423,0.867500204004033
-6.29425048828125,12.9054546512531,1.73564917105591
-6.103515625,10.8061472303766,2.2748428128438
-5.91278076171875,12.357510627351,1.59302511035912
-5.7220458984375,11.6626065001957,-0.0363982187738196
-5.53131103515625,11.2658592485103,-0.124788882583112
-5.340576171875,11.0957590463947,0.687188444831829
-5.14984130859375,10.2455000247699,0.948826700456389
-4.9591064453125,11.941024853563,0.527326753930139
-4.76837158203125,10.956434469106,1.39910733715697
-4.57763671875,10.1789167951528,-0.796602510602821
-4.38690185546875,10.0776355977199,0.685171552305978
-4.1961669921875,10.1533464447851,-0.454970177968209
-4.00543212890625,8.99953616325764,0.0424666863571098
-3.814697265625,8.4202952483451,0.224668868756454
-3.62396240234375,8.78001273780565,0.708735800486684
-3.4332275390625,9.35811278379475,1.01866110887533
-3.24249267578125,9.19449872547671,0.413353860679042
-3.0517578125,7.61616435261252,1.71629233333861
-2.86102294921875,8.8884433291015,0.988761905370013
-2.6702880859375,9.2392249556281,0.498699075533207
-2.47955322265625,8.47000964942749,1.7980353761438
-2.288818359375,11.3026600582242,3.12687791316737
-2.09808349609375,9.33347274364915,0.970428049975976
-1.9073486328125,10.4902360987024,1.63948561732193
-1.71661376953125,9.10876878871824,0.201178601089635
-1.52587890625,10.4572952667073,2.11228646760063
-1.33514404296875,11.2711459324561,0.880379863427799
-1.1444091796875,9.72977077831443,-0.310137876494608
-0.95367431640625,10.0153833653968,1.60035697550273
-0.762939453125,11.4357101644867,1.73919996886233
-0.57220458984375,11.7675512664423,1.97592627403144
-0.3814697265625,10.929591654452,0.946243017376883
-0.19073486328125,11.4910692943151,0.44697914520259
0,10.6357171835762,-0.0771409516855582
0.19073486328125,12.5321092864683,0.657059802958879
0.3814697265625,11.205434941032,-0.338951309076196
0.57220458984375,10.1866876793495,-0.729116714562809
0.762939453125,12.2981539809031,0.200406034255841
0.95367431640625,11.4208160062561,-2.66930267871435
1.1444091796875,12.6277536348064,-1.8831966609821
1.33514404296875,11.4188960529941,-1.89967043884952
1.52587890625,11.4099995386589,-2.01352424999833
1.71661376953125,12.5602585433181,-2.66738013813002
1.9073486328125,12.6907017931779,-3.34321370339931
2.09808349609375,12.1158440240211,-3.14537873756622
2.288818359375,11.7201813945525,-3.20036412801182
2.47955322265625,11.2285854346573,-5.73626070924486
2.6702880859375,12.4780683804107,-4.34751383121261
2.86102294921875,11.8627991900481,-5.27726668049406
3.0517578125,11.1174588817624,-6.35515477128165
3.24249267578125,9.77311494034304,-4.90886095329352
3.4332275390625,9.2859149817768,-5.8632521520446
3.62396240234375,8.67558795556758,-5.12716322233625
3.814697265625,8.6202864922613,-5.42854645737449
4.00543212890625,9.94762450993846,-5.03319454587488
4.1961669921875,9.93590635130943,-6.00762153423737
4.38690185546875,7.62184058080342,-6.19135020683179
4.57763671875,7.67467479422318,-5.83420540191035
4.76837158203125,7.12737359899191,-6.7132562481303
4.9591064453125,7.73872422764945,-7.46031733787768
5.14984130859375,7.87100681717633,-6.97638286544053
5.340576171875,6.06196159473915,-9.00219550471173
5.53131103515625,7.5308345942562,-9.08351790886574
5.7220458984375,4.92433283291445,-7.05528159294765
5.91278076171875,6.12599102857818,-6.33718966107549
6.103515625,6.55547377432998,-6.7979803344926
6.29425048828125,3.72171248393358,-8.33184337554731
6.4849853515625,5.61284083232226,-8.36601234229368
6.67572021484375,3.80405774451489,-6.39187669082756
6.866455078125,3.24779435022569,-6.45943710583181
7.05718994140625,4.35525646064643,-6.17778704793066
7.2479248046875,5.83224738717863,-7.11993463193504
7.43865966796875,1.14201711832368,-6.21485806265231
7.62939453125,3.19130759762987,-6.33569347600818
7.82012939453125,2.88480566268047,-6.29438481218819
8.0108642578125,3.01570689133724,-5.16378556341765
8.20159912109375,1.87135581605462,-4.92233406727353
8.392333984375,1.44183617783892,-4.70010521619627
8.58306884765625,1.18887325347846,-5.45899663522584
8.7738037109375,1.07801618278677,-5.02231820621998
8.96453857421875,3.04146054644842,-2.77385246408316
9.1552734375,0.0868262487148002,-6.1109071463765
9.34600830078125,0.600762364404385,-5.5665500781158
9.5367431640625,2.84973361955437,-4.19568930111932
9.72747802734375,-0.12306252193294,-3.7385743927121
9.918212890625,3.11088842790089,-4.16433983757127
10.1089477539063,3.20777002640675,-3.61995253027969
10.2996826171875,3.40444000209035,-2.57822888476614
10.4904174804688,1.99614117947653,-2.6025097230294
10.68115234375,1.87235498268158,-3.01349753614724
10.8718872070313,2.1864954778148,-1.49783919491424
11.0626220703125,1.92540409700089,-0.75751032040673
11.2533569335938,3.12838404956107,1.23242508524599
11.444091796875,1.33325463157755,-1.36531050065097
11.6348266601563,4.7098177737627,-1.85198933334846
11.8255615234375,3.14586061803033,-0.610525146953625
12.0162963867188,2.08404009356118,-2.14701489522025
12.20703125,2.91513364700359,-2.24061322248375
12.3977661132813,2.74787964395319,-2.62157306457095
12.5885009765625,3.79757816808425,-0.822466505141173
12.7792358398438,4.73715764557224,-0.743968135801737
12.969970703125,2.95026539291652,-2.18646236687006
13.1607055664063,4.28101374943165,-1.88978643548947
13.3514404296875,4.06882884047496,-1.45533838129227
13.5421752929688,4.81506201432607,-0.329878339142099
13.73291015625,4.76639923961509,0.450922160878035
13.9236450195313,3.80440524057566,-1.86063200119278
14.1143798828125,5.31466621489208,0.0127923472095184
14.3051147460938,5.26371376830976,-1.92099578420797
14.495849609375,5.71797407424543,-1.05825008535656
14.6865844726563,5.01958396034902,-0.834660967019267
14.8773193359375,5.8633597336403,-2.01869453955531
15.0680541992188,5.70585137828792,-1.66180597207508
15.2587890625,6.48306269573154,-0.643886235507226
15.4495239257813,6.66362408645161,-2.40206283655392
15.6402587890625,4.7375298307738,-3.56494162535341
15.8309936523438,6.12361599246358,-4.79787192392214
16.021728515625,6.97786406892364,-4.34323405102782
16.2124633789063,4.19169913012518,-2.63165279669636
16.4031982421875,5.98069843402937,-3.84557711824697
16.5939331054688,6.33652411207271,-3.34800134573998
16.78466796875,5.76391766037237,-4.09826394363871
16.9754028320313,5.22742712377228,-5.51623876807039
17.1661376953125,5.72491456888485,-3.73842780963621
17.3568725585938,4.09844165727874,-5.91287662260968
17.547607421875,4.38499072796265,-4.77140710745864
17.7383422851563,4.68282093170742,-6.10495984539535
17.9290771484375,6.08835347285542,-5.13583080621888
18.1198120117188,5.15773742651946,-5.28582488077743
18.310546875,5.60571318185985,-4.79940781824989
18.5012817382813,5.37865154977365,-4.94769133293395
18.6920166015625,4.20007840150991,-5.08989424056179
18.8827514648438,5.25804277035702,-5.09975267140608
19.073486328125,3.68717801436177,-4.71798673818766
19.2642211914063,3.21236135055946,-5.71481719485756
19.4549560546875,3.94626950332333,-5.79564026052395
19.6456909179688,4.4487348109666,-6.11759454731659
19.83642578125,4.21469374079725,-5.91877011460351
20.0271606445313,1.5615768942387,-4.94800893523594
20.2178955078125,3.0986273206438,-5.79480889240244
20.4086303710938,0.638348859070916,-6.57575372249194
20.599365234375,2.1364098564555,-4.20683634764536
20.7901000976563,1.90293724514438,-3.91743544912914
20.9808349609375,1.86208587851052,-5.45060978153653
21.1715698242188,0.0474767492417983,-4.26449664574174
21.3623046875,1.3490413441618,-5.33238153978621
21.5530395507813,0.538652416737128,-4.30226702152545
21.7437744140625,3.03294025131477,-5.64796584685307
21.9345092773438,0.804008926289179,-5.66676610343595
22.125244140625,0.82891417400658,-5.66658095433904
22.3159790039063,1.85255376455658,-5.52825341102395
22.5067138671875,1.54376401499434,-5.32191638262904
22.6974487304688,1.59804079823826,-5.54383249706043
22.88818359375,1.13362674010324,-4.9657258551585
23.0789184570313,0.470357916239458,-5.63177982605396
23.2696533203125,0.417449172804607,-6.03221100747933
23.4603881835938,0.882352258700544,-4.89769174206695
23.651123046875,0.808215203058085,-5.48032011292923
23.8418579101563,1.22757003343714,-3.19928671060198
24.0325927734375,0.561045436493074,-4.07023489916402
24.2233276367188,-0.572833403037144,-3.89172136135554
24.4140625,0.130084916864534,-5.5880528869019
24.6047973632813,-1.83130534364506,-4.49312691153538
24.7955322265625,-2.55699900293437,-4.67256329632686
24.9862670898438,-0.75676439310975,-2.96943069845516
25.177001953125,-0.712122773936885,-3.44934318351369
25.3677368164063,-1.10885739116261,-2.44250669767536
25.5584716796875,-0.968575421283819,-4.06260622264829
25.7492065429688,-1.38128839831794,-3.6669710322941
25.93994140625,-0.404569286445859,-3.38777747992938
26.1306762695313,-2.26331184791181,-3.72704897650536
26.3214111328125,-0.498375146136723,-3.6218160869534
26.5121459960938,0.195306815887011,-2.17909846383264
26.702880859375,0.866483292389475,-0.606729570797727
26.8936157226563,0.727718080365353,-3.74531288877282
27.0843505859375,-0.663198412449297,-2.98300637497515
27.2750854492188,0.221559491910614,-1.57184437648525
27.4658203125,-0.550636863676633,-1.86748087469604
27.6565551757813,0.956032195098871,-2.18260179125901
27.8472900390625,0.591734710465344,-2.2031860521683
28.0380249023438,1.71215612588723,-1.0018989521178
28.228759765625,-0.131400993853761,-3.0417805871855
28.4194946289063,1.34307569877237,-1.7552833667364
28.6102294921875,-0.0605756151249161,-3.36671250772959
28.8009643554688,1.77565046610715,-2.65389612339602
28.99169921875,-0.0155554396234724,-0.739890195992792
29.1824340820313,0.483168681671779,-0.165579231885886
29.3731689453125,-1.90439327151293,-2.44942149404211
29.5639038085938,1.94159558753522,-1.57164106710948
29.754638671875,2.02257152303195,-2.67696433537627
29.9453735351563,-0.194632529650392,-2.34048243966127
30.1361083984375,2.04204399820698,-1.38850362554459
30.3268432617188,1.30274399546678,-0.04377811669182
30.517578125,1.29487403237417,-1.80727992489324
30.7083129882813,1.97511701075222,-1.75565675990363
30.8990478515625,1.76369925114692,-0.806689719410563
31.0897827148438,1.81706840140121,-0.990956484702346
31.280517578125,1.32849570608209,-1.02449503393571
31.4712524414063,2.53173918570589,-0.887547865936418
31.6619873046875,-0.00381561721114219,-1.21725190863337
31.8527221679688,1.0103438455962,-2.71525291912935
32.04345703125,1.85963576762414,-1.31785155516189
32.2341918945313,1.20611555961958,-1.71702558924624
32.4249267578125,2.19994482059258,0.154215923545594
32.6156616210938,-0.0610953558571006,-0.78921656263765
32.806396484375,2.42918551216147,-0.595596766422908
32.9971313476563,0.859816063394837,-2.64089377662207
33.1878662109375,1.56077180154728,-2.1882475880183
33.3786010742188,2.72256058308194,-1.8311244782886
33.5693359375,2.54350115488196,-0.797424551583656
33.7600708007813,1.93695274855352,-2.82534488564935
33.9508056640625,3.1703069617498,-1.80427260993085
34.1415405273438,1.03064885961295,-1.1584530914456
34.332275390625,2.68841736470685,-2.78580573380307
34.5230102539063,3.20834534462877,-2.90990246615127
34.7137451171875,2.94993437711015,-3.629484119799
34.9044799804688,1.76317938145525,-3.28690307038429
35.09521484375,1.84945588795491,-2.61400289286615
35.2859497070313,3.07493198735386,-2.56534173224213
35.4766845703125,2.44383394557194,-3.05427557662051
35.6674194335938,2.11887639914294,-0.610546913314878
35.858154296875,2.03082795014876,-1.50738420894729
36.0488891601563,1.49177985772188,-2.54715526879804
36.2396240234375,3.21651780922626,-4.77607784930936
36.4303588867188,1.27967757807408,-3.79224867216132
36.62109375,-0.0782896090785002,-3.19592456567408
36.8118286132813,0.539009142455724,-2.91830389969949
37.0025634765625,0.488830096941675,-3.26029910960868
37.1932983398438,1.45409759903505,-4.62097074021155
37.384033203125,0.645770015132222,-4.44364135270421
37.5747680664063,1.50838292922509,-4.16154332796108
37.7655029296875,2.26611891213567,-2.9084455885736
37.9562377929688,0.025554253356579,-3.71980748685311
38.14697265625,1.14385818937611,-4.58051649092199
38.3377075195313,-0.173275213692647,-3.8815483114349
38.5284423828125,1.27167795795162,-4.44915369493019
38.7191772460938,-0.260431311540564,-5.20233900612872
38.909912109375,-0.851073346123547,-2.74148766489765
39.1006469726563,-0.195200276911518,-4.01334952732236
39.2913818359375,-0.429383981364365,-5.1530259783409
39.4821166992188,0.527266474586978,-3.36210809891169
39.6728515625,1.00993946734962,-3.37648699856989
39.8635864257813,0.853230423160738,-3.2275484445219
40.0543212890625,0.438891029610088,-3.68794815791195
40.2450561523438,-0.0584619506759485,-3.20115537246873
40.435791015625,1.01648965752371,-3.96916471623457
40.6265258789063,1.12465095112366,-2.03149885332313
40.8172607421875,0.0315661719842701,-2.45609904005465
41.0079956054688,0.2466605081257,-3.1050141612035
41.19873046875,-0.458416043506283,-3.24852969616873
41.3894653320313,-0.79517456985292,-2.89198673921679
41.5802001953125,-0.18797845713413,-2.42555309862265
41.7709350585938,0.543986767941777,-4.06758400106057
41.961669921875,-0.698042763101707,-3.67461771904913
42.1524047851563,-1.28982563929812,-2.27895896228495
42.3431396484375,-1.16630174183814,-3.0321683254398
42.5338745117188,-1.28219941242015,-3.02592306659846
42.724609375,0.530521071171274,-0.974592509804153
42.9153442382813,-0.554908485132909,-2.63032989640583
43.1060791015625,0.938217171899205,-1.71113662939405
43.2968139648438,0.228513315367444,-3.31464618588263
43.487548828125,-0.800475853374042,-3.9778962443182
43.6782836914063,-1.30979785744239,-4.99314675647446
43.8690185546875,-1.08180430613302,-2.07859997024101
44.0597534179688,0.606537319059033,-0.983614562172922
44.25048828125,1.21030579268915,-1.2959035947102
44.4412231445313,-0.146885789490268,-1.17637022515462
44.6319580078125,0.138526972943815,-3.24833082809306
44.8226928710938,-0.498196308583405,-3.73116123389549
45.013427734375,-1.7924945855277,-2.13094576512991
45.2041625976563,-0.963737978115424,-1.14109449345535
45.3948974609375,-0.647024042904509,-1.31161680075542
45.5856323242188,-1.20709379260924,-3.36732589043107
45.7763671875,-1.24659464423872,-2.22332199257669
45.9671020507813,-0.122665024258724,-1.29152985402675
46.1578369140625,-1.92957044085882,-2.66451642148527
46.3485717773438,0.289915714586981,-2.73947833167086
46.539306640625,-0.737383813189826,-2.82461594377473
46.7300415039063,-0.971798271605734,-2.78664383271528
46.9207763671875,-2.4896657974798,-3.65022789277625
47.1115112304688,-1.5044804714287,-1.19942536962787
47.30224609375,-2.0594548932998,-2.11069013058348
47.4929809570313,0.367747694066992,-2.39196634585699
47.6837158203125,0.0190419540813202,-3.20234395248527
47.8744506835938,0.260118921189615,-1.29767544960528
48.065185546875,0.295883824125889,-2.02858060991406
48.2559204101563,0.870485557322287,-2.19365744171214
48.4466552734375,-2.24898480070401,-3.01613397168674
48.6373901367188,-0.686410229431224,-2.63243102877636
48.828125,-0.985872423482887,-0.904435308328174
49.0188598632813,-0.931157442219194,-0.642128121554764
49.2095947265625,-0.360215013950198,-2.44280513424063
49.4003295898438,-1.62301491812388,0.244803856904046
49.591064453125,-2.67284493448111,-1.6086313173111
49.7817993164063,0.958871638415613,-1.52690974575002
49.9725341796875,-1.73188194556649,-0.868921632990183
50.1632690429688,-1.63441771708236,-1.98146352205766
50.35400390625,-2.57677202794613,-2.71337926981837
50.5447387695313,-0.217740540179868,-1.13420895587943
50.7354736328125,-0.26449145369883,-1.11375135044607
50.9262084960938,-1.59078901013304,-1.02825627679093
51.116943359375,-0.297738277365044,-1.74908149451445
51.3076782226563,-0.945733446009644,-2.98720556787471
51.4984130859375,-1.14528209009462,-0.318520646904977
51.6891479492188,-0.547453704572082,-1.25678541267292
51.8798828125,-1.58555412683716,-2.56998628591836
52.0706176757813,-1.99073111555335,-2.52136734684472
52.2613525390625,1.82776752388315,-2.03110358801549
52.4520874023438,-0.0193491448119782,-1.03850532362829
52.642822265625,-1.05331289860084,-1.76204955033034
52.8335571289063,-0.458710782721885,-1.18236238791171
53.0242919921875,-2.24330101648165,-0.697518976134892
53.2150268554688,-1.82741051944648,-1.80712457994395
53.40576171875,-0.005668762769724,-0.621157295001536
53.5964965820313,-1.91152885676055,-2.56450054951785
53.7872314453125,0.0692381848317146,0.130885044830408
53.9779663085938,-0.632989049372576,-1.76457542072446
54.168701171875,-1.88491761215003,-1.1191969044812
54.3594360351563,-2.00184960437406,-1.42452577548368
54.5501708984375,-0.60252627932746,-0.450998425192958
54.7409057617188,-0.406251501408882,-1.36369202742739
54.931640625,-1.39645955461275,-0.375636359154051
55.1223754882813,-1.68676014660531,-1.76148041283345
55.3131103515625,-1.17862474073181,-0.45063484032408
55.5038452148438,-1.5446385279974,-1.12335329252803
55.694580078125,-1.0177505977572,-1.60395831038074
55.8853149414063,-0.0334935128857213,-3.13997053856742
56.0760498046875,-0.742222371170026,-1.18069368481357
56.2667846679688,-0.979251664418773,-0.183304101504546
56.45751953125,-0.425128243262738,-1.99750090243398
56.6482543945313,-0.84307617682814,-0.761976551931599
56.8389892578125,-1.47718436970581,-1.75492043123895
57.0297241210938,1.66740157915448,-1.3549875361606
57.220458984375,-1.62348055605608,-1.72278747752435
57.4111938476563,-0.177609558294556,-0.7628474727363
57.6019287109375,-1.95940258405224,-2.00444168987989
57.7926635742188,-1.00613258485664,0.986853805302617
57.9833984375,-0.489846629262629,-0.638942687061919
58.1741333007813,-0.275882791768628,-0.141649925965995
58.3648681640625,-0.364781774752944,-0.982489894619692
58.5556030273438,-0.865423137962452,-0.157175533581353
58.746337890625,-1.97369504922066,-1.31388900524804
58.9370727539063,-1.05900459185571,-1.26773408162689
59.1278076171875,-1.14656750286038,-0.164148586309098
59.3185424804688,-1.46890954914814,-2.8551080454651
59.50927734375,-1.05012122010915,-0.477922052864302
59.7000122070313,0.704711469010355,-0.461302647247273
59.8907470703125,-1.41195485079362,-0.359502855957503
60.0814819335938,0.251564730613774,-0.734782525066814
60.272216796875,-1.60307470153983,-0.320337154419999
60.4629516601563,0.47535714847945,-0.185376871818061
60.6536865234375,-1.26289673356783,-0.631651932049191
60.8444213867188,-0.189615454054218,-1.46684907946295
61.03515625,-0.706879229797973,-0.382242699399532
61.2258911132813,0.120721962541126,-1.63019945757444
61.4166259765625,-1.41100948461074,-0.803632722947714
61.6073608398438,-2.10562555191063,0.736837609539196
61.798095703125,0.381855419452901,-0.0609462157027098
61.9888305664063,-1.15163208392728,-0.726407081334326
62.1795654296875,-0.721486901859924,-2.8013359673675
62.3703002929688,-0.422218148811359,-1.15503716874147
62.56103515625,-0.473177588843679,-1.10315828834501
62.7517700195313,-0.526604628162827,-1.11495281711963
62.9425048828125,0.079437996502854,1.10936694603563
63.1332397460938,-1.22436239261826,0.415889174040554
63.323974609375,0.878848597815203,-1.50939842466265
63.5147094726563,-1.20036341573872,-0.845440105530601
63.7054443359375,0.381817787877713,-0.93731027318797
63.8961791992188,-0.386191050365259,-1.1071230751489
64.0869140625,-1.48236039340074,0.154631515881421
64.2776489257813,-0.931526391730375,-0.625827865654612
64.4683837890625,-1.65714216204383,-0.645892497657842
64.6591186523438,-0.71001650172015,-0.596181373687625
64.849853515625,-0.548584040611024,-1.04312736181938
65.0405883789063,0.532254314725268,0.254037435168145
65.2313232421875,-0.195553537545696,-0.0731931320609514
65.4220581054688,-0.535060294999278,-0.288147495028055
65.61279296875,-1.65824124805886,-1.28593690086768
65.8035278320313,-0.313473850465416,0.141867787360153
65.9942626953125,-1.71627854934449,-0.10820585604265
66.1849975585938,-0.454880714783113,0.0630886127940325
66.375732421875,-0.783113800357602,-1.72911782555904
66.5664672851563,-0.785156741255042,-0.875403494067838
66.7572021484375,-2.59644899448253,-1.24966132997073
66.9479370117188,-0.542050434350974,1.47165266028653
67.138671875,-2.82466712367015,-1.19495859376718
67.3294067382813,-0.752525529175246,-0.205586970775445
67.5201416015625,-0.114285478003585,-0.773850129334948
67.7108764648438,-1.2430265718283,-0.863709103920751
67.901611328125,-0.901728669327079,-0.920005916825023
68.0923461914063,-1.55071864650319,-1.06367396249132
68.2830810546875,1.89714307453137,-1.27264223671357
68.4738159179688,-1.13622197330251,-0.370361147804007
68.66455078125,-2.36702729332391,-1.12132113523566
68.8552856445313,-0.542856551315867,-1.83671554598545
69.0460205078125,-1.52305060943444,-1.30026442686008
69.2367553710938,-1.13506365137386,0.734147801948652
69.427490234375,-0.990519500120834,-0.209479763375356
69.6182250976563,-1.17479098605186,-1.98564972500464
69.8089599609375,-1.33488556423524,1.63228023803689
69.9996948242188,-0.606998046851356,-0.32898580216403
70.1904296875,-0.347430993047491,0.495429499948577
70.3811645507813,-0.762903446531506,-0.104658400690602
70.5718994140625,0.34410322340054,-1.33426386888715
70.7626342773438,-2.3412059250658,-0.499072337948965
70.953369140625,-2.48881498468515,0.0986469079920377
71.1441040039063,-2.35983101429042,0.929443015057951
71.3348388671875,-1.57687106206143,0.542092489780317
71.5255737304688,-0.292843399114452,-0.39003375457653
71.71630859375,-2.35030253962924,-0.0956542024152826
71.9070434570313,-0.266477904785474,-1.60033443864158
72.0977783203125,0.00955577121751982,-0.771450160443823
72.2885131835938,-1.24062696792208,-1.2128433363338
72.479248046875,0.237837115160935,0.751933341177417
72.6699829101563,-1.71795772276713,-1.20035661514267
72.8607177734375,-0.0761977925211855,0.136992317659032
73.0514526367188,0.0536201445224382,-1.04284742707319
73.2421875,-0.731920942583626,-0.195692076921921
73.4329223632813,0.149583278892567,1.1845643407917
73.6236572265625,-1.48737268440409,-0.724150076895977
73.8143920898438,-0.379548909651836,0.048407007399678
74.005126953125,-0.470527646972304,0.103676388775711
74.1958618164063,-1.1134042738343,-1.97109272728883
74.3865966796875,-1.33548220595651,-0.593810553316876
74.5773315429688,0.218007580119172,-0.341301718791155
74.76806640625,0.757047826109828,0.206979284692021
74.9588012695313,-1.56370294465108,-0.62763770416932
75.1495361328125,0.343066837338815,-1.02176146693755
75.3402709960938,-0.526071593083885,-0.104703922979829
75.531005859375,-1.41858118053652,0.991685109044234
75.7217407226563,-0.162651584769097,-0.166498860117699
75.9124755859375,-2.93312396354431,-1.15245330064386
76.1032104492188,-1.43172769165408,1.07572805008393
76.2939453125,-0.354093706787071,0.750296942803372
76.4846801757813,-0.0876499368091366,2.13861795549602
76.6754150390625,-0.39120424930052,-0.0435232204708493
76.8661499023438,-1.55193923837529,-0.755186424192608
77.056884765625,-1.21294616199696,-0.036242320192318
77.2476196289063,-0.212858284506271,-0.277218011021352
77.4383544921875,-0.547401492956627,-0.603827182125422
77.6290893554688,-2.56119715699306,-0.272417177321034
77.81982421875,-1.54629864057174,0.217536964114545
78.0105590820313,-1.44372693359655,2.13085170412127
78.2012939453125,-1.13175354517591,0.650486568652039
78.3920288085938,-0.992092237319831,-1.68770008445555
78.582763671875,-0.280623597034709,0.481716925658292
78.7734985351563,-0.471063010775994,-0.807610757387698
78.9642333984375,-0.182230240975884,-0.219045127460511
79.1549682617188,-0.286493334030784,-0.833902083043434
79.345703125,0.593601025291068,2.87646550492328
79.5364379882813,-0.757728651560578,1.1527377235278
79.7271728515625,-0.351363001314298,-0.832456990080086
79.9179077148438,-1.23477616164579,-0.486488918415626
80.108642578125,-0.270315250500586,0.186945969231446
80.2993774414063,-0.715139651906341,0.561348873228103
80.4901123046875,-1.54403154427268,1.59849199268401
80.6808471679688,0.587414871759499,-0.00654192277529869
80.87158203125,0.868695663862214,0.528896984207094
81.0623168945313,0.456599296114194,-0.322800677213983
81.2530517578125,-2.84676399974459,1.49072947352149
81.4437866210938,-1.88556857349412,0.0796931998961241
81.634521484375,-0.183368364893012,0.850503436829111
81.8252563476563,0.439937050481764,0.0129032416558178
82.0159912109375,-0.458088248937321,1.9487912275616
82.2067260742188,-1.78024537214258,0.0686333453075702
82.3974609375,-0.737197300583704,-1.06694755019894
82.5881958007813,-2.90908461460894,0.190881292312561
82.7789306640625,-0.123826626618905,0.0018491917152596
82.9696655273438,-0.0759181502084653,-0.721953711526434
83.160400390625,-2.1116639053093,1.34750942331649
83.3511352539063,-0.0985722841004688,0.509981602668057
83.5418701171875,-1.38343903668743,0.0421582841086925
83.7326049804688,-1.41023306357925,0.132170997727384
83.92333984375,-1.73183192729622,0.569910718217626
84.1140747070313,-1.86657119807691,-0.445628401231862
84.3048095703125,-0.261332167970678,2.13892731514832
84.4955444335938,-2.09531347247819,-0.315849568792753
84.686279296875,0.700889315279422,0.950242621819219
84.8770141601563,-1.46313798889307,0.298276384796866
85.0677490234375,-0.0259321524978651,-0.504776959945888
85.2584838867188,-0.94766323971101,1.01536449150096
85.44921875,0.758160899170909,0.207327287127248
85.6399536132813,-0.681101462022466,-0.279371655950485
85.8306884765625,-0.422584820297963,0.379312459964395
86.0214233398438,-0.209918388783554,0.817348239378846
86.212158203125,-1.46835082163498,-0.742354643282909
86.4028930664063,-1.23268742919384,0.558520546363962
86.5936279296875,-0.461316764390023,1.81247413927483
86.7843627929688,-0.00441218073985623,0.332452626635863
86.97509765625,-0.767192890760553,-0.713202182348441
87.1658325195313,0.191763849937012,-0.113692186467156
87.3565673828125,1.45705575285242,-0.0156241608281147
87.5473022460938,-1.08378952599617,0.442832031153793
87.738037109375,0.625931395759185,0.579336220463235
87.9287719726563,-1.48405267272747,1.56335201696673
88.1195068359375,-1.76135569066937,1.48593516308208
88.3102416992188,0.193168948132829,0.268459318316757
88.5009765625,-0.415653776485883,0.346498253795883
88.6917114257813,-1.55151703115824,-1.08987760745185
88.8824462890625,-0.0521922232605698,-1.20587461179587
89.0731811523438,0.0791150531514,1.91064523644556
89.263916015625,-0.498139518019118,-0.181151457897999
89.4546508789063,-0.00390189815475197,0.522287972386319
89.6453857421875,0.021007240553854,0.270519754618211
89.8361206054688,-2.02815033217933,-0.265871911973722
90.02685546875,0.710861330078743,0.761163769502586
90.2175903320313,-1.23043073014285,0.484192861585076
90.4083251953125,1.0689560831062,-0.747789440284693
90.5990600585938,-0.902403505866562,0.825959724518803
90.789794921875,-2.27800460921608,-1.52456865066136
90.9805297851563,0.435615778982759,-1.05325894805419
91.1712646484375,0.762489311562992,1.94796279820723
91.3619995117188,1.08755172203946,0.794390239919779
91.552734375,0.00279020035160789,-0.337514801118795
91.7434692382813,-0.0167706282177434,1.56491972103296
91.9342041015625,1.396337034627,-0.568815943520759
92.1249389648438,-0.213173266506918,2.84323544798222
92.315673828125,-1.64248054887989,0.744680628429934
92.5064086914063,-0.800764334947464,1.67464504654267
92.6971435546875,-0.507969516134299,1.10551017271775
92.8878784179688,-1.20743048089475,1.24843486639592
93.07861328125,1.27066558594465,0.297725155314192
93.2693481445313,0.306142978076154,1.05835856201844
93.4600830078125,-0.757530197272233,1.83715453179414
93.6508178710938,0.152995963446907,0.617638995453888
93.841552734375,0.218497123371915,1.64104302485267
94.0322875976563,-2.38264572968988,-1.35228745605146
94.2230224609375,-0.777508084214627,-0.263494408506848
94.4137573242188,-0.851982932973869,-0.448146050560637
94.6044921875,0.74653228024703,0.523644405460684
94.7952270507813,0.230311369923194,1.98034078989712
94.9859619140625,0.0714230117825348,-0.084279728395946
95.1766967773438,-1.24340077287797,0.675407142734643
95.367431640625,-1.87648771516104,2.27676044376761
95.5581665039063,-1.69268236111559,-0.209362530699799
95.7489013671875,-1.05784103097782,0.820878184071697
95.9396362304688,-1.79187571182135,-0.515473241769076
96.13037109375,-1.93179941593508,0.615576725743044
96.3211059570313,-0.00744856936289228,-0.53724007924932
96.5118408203125,0.596021584633699,0.212664236235369
96.7025756835938,0.348095187170779,0.0744193901128418
96.893310546875,-0.319450092380123,-0.681386164302271
97.0840454101563,-1.68162950063202,0.0853179661463059
97.2747802734375,0.169625100429486,-0.186009110419434
97.4655151367188,0.188125263863969,0.561363469253166
97.65625,-1.16861320925084,1.54257753431596
97.8469848632813,-0.637896760996686,-0.456887281271671
98.0377197265625,0.656693362528213,0.963296882040013
98.2284545898438,0.102671934710374,0.152817735707738
98.419189453125,0.561212891397429,-0.929852614633163
98.6099243164063,0.770995248333242,0.233930154075281
98.8006591796875,-0.617084738142409,2.21460565372734
98.9913940429688,-2.89820591210484,1.38622412331239
99.18212890625,-0.587062691892329,-0.0338066361968149
99.3728637695313,-1.6814598080564,-0.914245724905609
99.5635986328125,-0.360462448665575,2.15428143228138
99.7543334960938,0.373897904338504,-0.0600859228504047
99.945068359375,-0.81902215242917,1.58297462898971
