Fre(kHz),Re,Im
-99.945068359375,-0.984120506757466,2.4030886332559,ZeroPoint:Tj,62,0.25
-99.7543334960938,-1.99071069274577,1.90781353091707,Const.;stime,3.141592,6.4E-07
-99.5635986328125,0.610079889250238,1.13698184322918,Fre.Range:Tau,-100:100,1.5E-05
-99.3728637695313,1.39363642976742,0.716506265244409,FFTSize:DataSize:Firstpul,8192:8192,5E-07
-99.18212890625,-0.0916020565496978,-0.170726575220607,9msF250,Freq.=141410000
-98.9913940429688,1.2470694248282,2.28500293992141
-98.8006591796875,-1.43888053592402,0.807178861007137
-98.6099243164063,-1.49864947270097,1.57896256921899
-98.419189453125,-0.642395468762839,0.871383987112616
-98.2284545898438,-0.90951419109467,-0.200269616056958
-98.0377197265625,0.114278335986121,1.10993204648401
-97.8469848632813,-1.19023844448689,-0.512460844831156
-97.65625,-0.644649663481878,0.350384926612718
-97.4655151367188,-1.94507765153563,0.645395765521958
-97.2747802734375,0.223987255692014,-0.307487385672274
-97.0840454101563,-0.547069608668,2.1025573333334
-96.893310546875,-1.51133084750739,1.29406222080727
-96.7025756835938,0.869122454608119,0.641324591142685
-96.5118408203125,-0.247771950684596,-0.0422660727578357
-96.3211059570313,-0.694423273138117,0.0555859825175282
-96.13037109375,0.199052702089458,1.07503270933122
-95.9396362304688,0.17933405629176,0.335518757814851
-95.7489013671875,-0.0843324521198486,1.93251754158219
-95.5581665039063,-0.412198156804966,0.750207680005924
-95.367431640625,-0.0801361345100997,1.58941351340238
-95.1766967773438,0.130864961308449,-1.01888556212068
-94.9859619140625,1.031532928729,0.481626764975554
-94.7952270507813,-0.85595334159992,0.624978632125574
-94.6044921875,-0.995835862014013,0.226252495075296
-94.4137573242188,1.02882828026682,0.0200623039380853
-94.2230224609375,-0.352133577577833,0.676335824776948
-94.0322875976563,-0.764495353726692,2.10040047260062
-93.841552734375,-0.766237099134188,1.10120362870845
-93.6508178710938,-1.21240598178935,1.57428449737524
-93.4600830078125,-0.885628936959842,1.1283216514082
-93.2693481445313,-0.643528886044509,0.592036236193753
-93.07861328125,-1.8778572197345,1.13402039518819
-92.8878784179688,-1.3852733789002,0.222492042784248
-92.6971435546875,-0.488742285715332,1.34422470910047
-92.5064086914063,-0.182906814935602,1.74027222563671
-92.315673828125,-0.441803252253919,0.344502587078285
-92.1249389648438,-0.09037324082493,1.34022464153711
-91.9342041015625,-0.32462747501942,0.444490827848484
-91.7434692382813,-0.212228190755057,0.114152441899529
-91.552734375,0.197718527186366,-0.815818179646096
-91.3619995117188,0.0849254055270306,1.18276197997593
-91.1712646484375,-1.60052755915795,0.237353412541696
-90.9805297851563,0.59078752505826,1.61548058507543
-90.789794921875,-0.80397150424899,1.89553002361057
-90.5990600585938,0.65226845044336,0.0527659976990944
-90.4083251953125,0.75181327249282,0.463606698163545
-90.2175903320313,-1.75467576307847,0.968344418567041
-90.02685546875,0.353806560817677,0.933033504405038
-89.8361206054688,0.0197409950238946,1.3293774652083
-89.6453857421875,-0.512537443029334,1.58335720149815
-89.4546508789063,1.0604068181339,2.04438452137703
-89.263916015625,0.623931377182496,1.15293005484468
-89.0731811523438,-0.586070517213699,1.19573623238979
-88.8824462890625,0.444558592613779,0.396630808235715
-88.6917114257813,-0.507469029932498,0.563989467657806
-88.5009765625,-0.108170201151295,1.54317226568734
-88.3102416992188,-1.83021237795936,1.50377995439398
-88.1195068359375,-0.273346602189054,2.56118753329909
-87.9287719726563,-0.0269526410548644,1.49307201571357
-87.738037109375,-2.39930156040678,1.26823320875911
-87.5473022460938,0.189626313491522,0.0856920415595343
-87.3565673828125,-0.494800069370996,-0.0324667415296778
-87.1658325195313,-0.428419274883578,2.34186095132472
-86.97509765625,-0.61412061833953,0.587608817713559
-86.7843627929688,0.295906892471162,2.09780187713905
-86.5936279296875,-1.63956339723925,0.272764000738323
-86.4028930664063,0.566437988996295,0.174006632255166
-86.212158203125,0.540539006613685,1.05292209631897
-86.0214233398438,0.698131041736347,1.14698115338013
-85.8306884765625,-1.86478749809167,1.67170477142221
-85.6399536132813,0.122645122328276,1.47877553031142
-85.44921875,0.142877113582163,0.582259260778411
-85.2584838867188,-1.13921644976453,1.53497589104343
-85.0677490234375,0.881245567937558,1.75295529690639
-84.8770141601563,-0.390700089165283,0.930224148405069
-84.686279296875,-1.45240613300553,1.04340152365273
-84.4955444335938,-0.550527015869752,2.15936068572995
-84.3048095703125,-0.472139630827461,0.503014293527522
-84.1140747070313,-1.29814641736195,0.922875873917249
-83.92333984375,-0.846625409879953,1.22460024277183
-83.7326049804688,0.308914930817162,2.90330750351392
-83.5418701171875,-1.05986354207221,0.156424738108272
-83.3511352539063,-1.38610427668504,-0.218993101436267
-83.160400390625,0.044755965748663,1.21915883419528
-82.9696655273438,-1.69868300180991,1.67128387748194
-82.7789306640625,0.339266593145297,1.25931411518769
-82.5881958007813,-0.888686709734141,0.7022942088812
-82.3974609375,1.16292425276614,2.09262674441163
-82.2067260742188,0.893313451664953,1.14943171176491
-82.0159912109375,-1.03111391043627,1.63963649224102
-81.8252563476563,1.20024480147495,1.30146715555055
-81.634521484375,-0.515302584897652,-0.0584774166433537
-81.4437866210938,-1.54298863004124,-0.035562227036708
-81.2530517578125,-0.766433809935603,0.446204123743881
-81.0623168945313,0.669608421131941,-1.30444575529218
-80.87158203125,0.234539404183064,2.15703621618806
-80.6808471679688,-1.40595860579824,-0.0343556385414531
-80.4901123046875,0.459173449318372,3.44430987927391
-80.2993774414063,-0.471461824650886,2.09991520346747
-80.108642578125,-1.11852805580087,0.562649549950712
-79.9179077148438,-0.416415275086019,1.22814134354106
-79.7271728515625,0.461390217709916,1.19926069814288
-79.5364379882813,-0.908226598065661,1.69855622825978
-79.345703125,-0.135847293879782,1.89205638885698
-79.1549682617188,0.542620119232751,0.212332283651066
-78.9642333984375,1.35753084084809,2.94039675872113
-78.7734985351563,-1.68884792128849,1.54281927067191
-78.582763671875,-0.946619297297493,1.6307312872156
-78.3920288085938,0.21776697061475,1.18452698185718
-78.2012939453125,0.506794883013777,1.78305155193988
-78.0105590820313,0.3688973058833,-0.31578902960129
-77.81982421875,-1.68052132542178,1.31520245978203
-77.6290893554688,1.1348882509357,-0.209671325333844
-77.4383544921875,-1.67557006322969,-0.261098878294908
-77.2476196289063,0.483109032119036,2.50115360569357
-77.056884765625,-0.947015631601586,1.66728562518622
-76.8661499023438,-0.23760643283141,1.34883746655907
-76.6754150390625,-1.03437427775461,1.06805622883882
-76.4846801757813,0.446445361602129,1.10959306007618
-76.2939453125,-1.26191302370869,0.356827132635369
-76.1032104492188,-0.222445269663797,-0.196906448195205
-75.9124755859375,0.943610492979567,3.16961021009054
-75.7217407226563,-0.841179587706233,1.05510633268332
-75.531005859375,1.0881890190923,0.711876686008293
-75.3402709960938,-1.0955167391501,0.685660221547229
-75.1495361328125,-0.117453102689208,1.05565143358368
-74.9588012695313,-0.757369231784633,0.584080866936216
-74.76806640625,0.288113735374043,1.49034746724462
-74.5773315429688,-0.0138664066518877,2.02567252556599
-74.3865966796875,-0.395370386330251,1.1740019479738
-74.1958618164063,0.162074217446068,1.93443285380264
-74.005126953125,1.05685529350924,0.204688782939398
-73.8143920898438,-0.64831187244728,0.458146804684951
-73.6236572265625,1.15794698653174,-0.212756080055305
-73.4329223632813,-1.05043271278903,1.78654178290142
-73.2421875,-0.535836753331258,2.69020013763038
-73.0514526367188,-1.58528526284718,0.688274232276151
-72.8607177734375,1.87752302648781,1.94541881612346
-72.6699829101563,0.0317978758389706,0.394485340435296
-72.479248046875,-0.0225238004652412,1.58059353361458
-72.2885131835938,-0.0235935695941082,0.295259410469814
-72.0977783203125,-1.65372197011511,1.51693940172349
-71.9070434570313,-0.446524846792541,-0.494211359894752
-71.71630859375,-0.375714924864983,2.03887531196122
-71.5255737304688,0.160200216949929,1.38382354180939
-71.3348388671875,0.0564235827726029,2.27435436228355
-71.1441040039063,-1.04818467042682,0.597249245322558
-70.953369140625,0.261016983988406,0.687498285194746
-70.7626342773438,-0.444941881841641,1.36022754858043
-70.5718994140625,-1.13364860395315,1.2203142693935
-70.3811645507813,0.573307890608948,1.54014516313261
-70.1904296875,-2.02656569279483,0.221500131283139
-69.9996948242188,0.317019742753535,2.12664700300488
-69.8089599609375,-1.69274485638778,1.51679435087094
-69.6182250976563,-0.989763885639556,2.33200413179698
-69.427490234375,-1.84248199824931,0.953319606863471
-69.2367553710938,-0.323103614797785,1.53931009904666
-69.0460205078125,-0.000431101035654247,2.9229995016069
-68.8552856445313,-1.44766306697722,0.66928018612992
-68.66455078125,-1.25522228066595,0.935877512155015
-68.4738159179688,-1.49655858657695,2.06311177505548
-68.2830810546875,0.631197364137825,1.59746819722212
-68.0923461914063,-0.325764710758097,1.15384320097892
-67.901611328125,-0.35602953692002,0.92776501433912
-67.7108764648438,-1.690173983433,1.84513149709227
-67.5201416015625,-0.0799744698198596,0.871131548423294
-67.3294067382813,0.198120292550825,2.51461547474272
-67.138671875,0.475569192155144,1.65409297254917
-66.9479370117188,-1.14560747649106,0.759006538316104
-66.7572021484375,0.834691502207482,1.79706458423527
-66.5664672851563,-1.81741936206612,2.20706943215383
-66.375732421875,-0.833426815103485,2.6487672622658
-66.1849975585938,-0.586819843109618,2.37678062501582
-65.9942626953125,0.144741555565097,2.45182440994062
-65.8035278320313,-0.447713512553871,2.06988648097152
-65.61279296875,0.194083689179856,0.263852760592535
-65.4220581054688,-0.00310777903949426,2.4639284939598
-65.2313232421875,1.04758788700754,0.742078339152509
-65.0405883789063,-0.236314438856275,0.396867702909067
-64.849853515625,-0.537394828234897,3.11919612370271
-64.6591186523438,0.694648755589828,1.14298262418582
-64.4683837890625,0.0684509651669358,1.91316583084475
-64.2776489257813,-0.224388178527791,1.70550719959398
-64.0869140625,-0.693108420622726,1.50274960647304
-63.8961791992188,0.171223274947042,0.0188763290776696
-63.7054443359375,-0.937635227506897,1.69183690808118
-63.5147094726563,0.502436552529539,1.22467798592498
-63.323974609375,-0.180528331360827,0.690091794584859
-63.1332397460938,-1.04402819021399,2.61283348447214
-62.9425048828125,0.141019530046666,1.95523958032713
-62.7517700195313,-0.523524429985849,2.05091804545971
-62.56103515625,-0.506333916479035,2.42344927423632
-62.3703002929688,-1.23763034593125,2.16034940822743
-62.1795654296875,0.0873835372316042,0.965831574110528
-61.9888305664063,0.320286385077258,2.34652546334217
-61.798095703125,-1.01924959007765,1.01359165916293
-61.6073608398438,1.85171397532206,-0.557061200602859
-61.4166259765625,0.0924268632501212,1.20657880733694
-61.2258911132813,0.0540018389068445,2.01465048016986
-61.03515625,-1.14668655810957,4.03903806585593
-60.8444213867188,0.430481529497466,2.31666854276167
-60.6536865234375,-1.27451772060819,1.82005328189817
-60.4629516601563,1.20661275325641,1.17834298711269
-60.272216796875,0.394483492841723,2.16690382819587
-60.0814819335938,-0.236339560097648,0.353626215507239
-59.8907470703125,0.591494907603024,1.21477961325878
-59.7000122070313,0.0437222954521296,2.29229277023254
-59.50927734375,0.770050182555289,1.88660842136636
-59.3185424804688,0.0337627361621147,1.5524110796556
-59.1278076171875,0.253997316953394,2.06172118680759
-58.9370727539063,-1.98891014703433,1.1632882194998
-58.746337890625,-2.26985974301027,2.74362987744467
-58.5556030273438,-0.229652615690178,3.27412217977474
-58.3648681640625,0.0325026878743199,0.342038854119637
-58.1741333007813,0.113689718903444,1.63856450852893
-57.9833984375,0.277817796935964,2.05774585113126
-57.7926635742188,-0.626469224622302,2.94529843248954
-57.6019287109375,-0.316678488545552,1.82561611186612
-57.4111938476563,0.028912499764182,3.10035945487232
-57.220458984375,-0.694470414410813,1.12967002727618
-57.0297241210938,0.65775506370506,2.03192574842976
-56.8389892578125,0.607189978814078,2.07860297039494
-56.6482543945313,1.33579116757567,0.525621732958221
-56.45751953125,-0.567160414615368,0.147201331124682
-56.2667846679688,-0.337528031063403,1.38224118400113
-56.0760498046875,0.873427647126237,1.33077770135374
-55.8853149414063,-0.236221389551714,1.77474905897945
-55.694580078125,-0.590212138643255,1.91123840317853
-55.5038452148438,1.13510957726854,1.10221499925072
-55.3131103515625,1.17102525911182,1.07722804357947
-55.1223754882813,0.710621474338869,3.04499027751133
-54.931640625,0.410644457756316,2.0777134861893
-54.7409057617188,0.5581670326319,0.717314447553685
-54.5501708984375,-0.873430149378662,0.690895182213227
-54.3594360351563,-0.711257742518049,1.53179989110393
-54.168701171875,-1.37254261540675,2.29291728199483
-53.9779663085938,0.592628463796707,0.262525401067269
-53.7872314453125,0.456899053414485,3.61296187864379
-53.5964965820313,-0.493417605795292,2.67627900184498
-53.40576171875,1.6600196132265,2.67825073366522
-53.2150268554688,1.98650948319585,1.61302427281192
-53.0242919921875,-1.8551107650475,1.64873374348868
-52.8335571289063,1.63889184195307,3.0653252572309
-52.642822265625,1.77289613366908,2.90324282822383
-52.4520874023438,0.617360657898867,1.50722108701808
-52.2613525390625,0.0270227737150803,0.642009513331822
-52.0706176757813,-0.608263503752504,1.18990509660876
-51.8798828125,-0.915950561465523,2.72948236415528
-51.6891479492188,1.06959880688554,1.36203102027152
-51.4984130859375,-1.07668159971486,1.93620632800954
-51.3076782226563,0.478180833225245,-0.251512482855295
-51.116943359375,1.43111100010594,0.141809650710927
-50.9262084960938,0.654135883850893,1.29555245049286
-50.7354736328125,0.840393817280736,2.20661031422433
-50.5447387695313,1.47371545359955,1.179134979775
-50.35400390625,2.11569899718469,2.28640188143543
-50.1632690429688,-0.460369578145961,1.10362343046664
-49.9725341796875,-0.468508962490625,1.59524885917787
-49.7817993164063,-1.62640715047472,1.74495600021377
-49.591064453125,-1.68344227052013,1.48369861941627
-49.4003295898438,-2.11979680542338,2.6824631521879
-49.2095947265625,-0.0592616997181843,1.06698526554636
-49.0188598632813,-0.0538704378199054,3.38422138855481
-48.828125,-0.588401594360626,1.26981433472005
-48.6373901367188,0.111882213618865,2.45399888267072
-48.4466552734375,-0.255199110339431,0.918232718647486
-48.2559204101563,-1.45657223482881,2.86012744837452
-48.065185546875,-0.0233478184030455,2.69104111157586
-47.8744506835938,-0.78238105854621,0.688097236900919
-47.6837158203125,0.441412251089493,-0.966955763686936
-47.4929809570313,-0.0687544374477202,2.44128343944562
-47.30224609375,0.25730131580197,2.05229672111181
-47.1115112304688,0.83557592053093,2.79733252110229
-46.9207763671875,-0.33578724755739,0.963022896958091
-46.7300415039063,0.241815444395134,3.18206820894568
-46.539306640625,-0.497384672180288,1.74432573016649
-46.3485717773438,1.41748785543667,1.81737385612298
-46.1578369140625,1.37981190661489,1.79761127063337
-45.9671020507813,-1.0951672785604,2.11322898570592
-45.7763671875,1.50814622037364,1.78263699192083
-45.5856323242188,0.093873332560956,2.08708779626535
-45.3948974609375,1.22713459504101,1.16760510420732
-45.2041625976563,-0.271698844202039,1.97803445492748
-45.013427734375,2.24702824771545,1.28728482714734
-44.8226928710938,0.373797657938202,1.15699911992624
-44.6319580078125,0.718987097311124,2.71962466886534
-44.4412231445313,-0.308618734953481,1.83150732636116
-44.25048828125,0.441135896949696,3.21081571801727
-44.0597534179688,-0.155339427323656,1.39816285154179
-43.8690185546875,0.199130069245635,1.07475872713654
-43.6782836914063,0.158377994845675,2.28431143517171
-43.487548828125,-0.315407430009456,2.26652974988846
-43.2968139648438,1.50755418848067,2.13738769476889
-43.1060791015625,0.432480066932819,3.01559078396091
-42.9153442382813,-0.247099188736847,1.5294544695045
-42.724609375,0.636565638499328,1.69199482903794
-42.5338745117188,0.565973821716867,0.211937740719964
-42.3431396484375,-1.6815278187294,1.94066889596921
-42.1524047851563,-0.130996700521788,3.91077828403983
-41.961669921875,-1.27847009070853,1.56017306120037
-41.7709350585938,0.757772701561559,0.723728752430157
-41.5802001953125,-0.849088967838759,1.90712228374762
-41.3894653320313,-0.733237103000188,0.554197328460472
-41.19873046875,0.777344568889733,1.65777870657077
-41.0079956054688,0.401188806739451,0.516142440057983
-40.8172607421875,-0.747292929551362,3.58213849403199
-40.6265258789063,1.8694901387497,2.21152371422636
-40.435791015625,-0.49155063632522,1.56306252914304
-40.2450561523438,-0.444124791933764,2.12611149942361
-40.0543212890625,1.12245636043252,2.34980176110466
-39.8635864257813,0.336821848105497,0.978898501664881
-39.6728515625,-0.38741195646138,0.95831628929287
-39.4821166992188,-0.221554952987587,1.26574468098366
-39.2913818359375,-0.495419344115844,1.02503494576836
-39.1006469726563,1.51765144729944,0.00471357514928147
-38.909912109375,-1.60148056292375,2.17924904567884
-38.7191772460938,0.921635449324839,1.23691439423651
-38.5284423828125,-1.21394886446733,1.19003149310998
-38.3377075195313,-0.397084190857681,1.9610746712341
-38.14697265625,-1.58057401278465,1.14772774556251
-37.9562377929688,1.59547917148757,1.68897506716162
-37.7655029296875,-1.02780521477235,1.59999195640581
-37.5747680664063,-0.476880627921474,3.51372317692038
-37.384033203125,-0.646859579090986,1.8275320979952
-37.1932983398438,1.9442178347033,2.44753206182261
-37.0025634765625,-0.0452642198009086,1.40031443844143
-36.8118286132813,-0.771526620733124,2.03415556685948
-36.62109375,0.0273740833000582,3.61875423620337
-36.4303588867188,-1.29426010267086,3.96891369912974
-36.2396240234375,1.72332590468156,3.33555280881181
-36.0488891601563,0.244383704254557,2.03568444258583
-35.858154296875,0.318098252139618,3.8228849844112
-35.6674194335938,1.85334305235669,1.63627894079548
-35.4766845703125,0.19825292775521,3.67377559303777
-35.2859497070313,0.835209179762545,4.33453075746301
-35.09521484375,1.08669181052503,1.29871297141803
-34.9044799804688,-0.0700988179436527,4.0530446305315
-34.7137451171875,1.39080543873319,2.72922525158833
-34.5230102539063,1.04912610238196,1.94001035379936
-34.332275390625,0.169199953855984,2.06800327229762
-34.1415405273438,-0.334252164349537,1.72357952097444
-33.9508056640625,1.64254859431737,1.18396414220399
-33.7600708007813,1.10513459144134,2.34759979316012
-33.5693359375,-0.147113360986621,1.90032613890153
-33.3786010742188,1.00781000349258,1.53081035196702
-33.1878662109375,0.0484067587609213,2.18801084728974
-32.9971313476563,0.00843995831311256,-0.290225386938336
-32.806396484375,0.0589652085668566,3.1223925020549
-32.6156616210938,2.27831724294526,3.20921490674085
-32.4249267578125,-0.20604349100829,1.9531929147169
-32.2341918945313,0.669221389599092,1.75426493921808
-32.04345703125,1.93056212801273,1.0484535963149
-31.8527221679688,0.783118565803798,3.88967675665039
-31.6619873046875,0.782435668901929,2.85961912037541
-31.4712524414063,1.48070864523046,1.24959844200065
-31.280517578125,-0.270834619987143,2.35585939604617
-31.0897827148438,1.64933348383888,2.98355985968159
-30.8990478515625,1.93360103856231,2.9487393775945
-30.7083129882813,-0.0489104247604313,2.27792719067113
-30.517578125,-0.239679247056964,2.06173849715225
-30.3268432617188,0.575536199895945,3.12333976396807
-30.1361083984375,2.52584270582092,0.764556212304145
-29.9453735351563,0.583810838305347,1.76601008334855
-29.754638671875,-0.891119914639435,1.76848949872345
-29.5639038085938,-0.483624217549185,1.44504758425689
-29.3731689453125,-0.724457761708281,3.20212295795395
-29.1824340820313,-0.439842519542947,3.05130779617776
-28.99169921875,0.763125350533598,3.04515533242104
-28.8009643554688,1.43499576837566,2.27626693155011
-28.6102294921875,0.635125439312749,2.61452566839028
-28.4194946289063,-1.16363309748273,0.908752820808894
-28.228759765625,1.29588350615142,1.20061024172627
-28.0380249023438,-0.242493787127947,2.72884097765768
-27.8472900390625,-1.28995963576239,2.64630471979183
-27.6565551757813,2.54165341505936,2.40824057730904
-27.4658203125,-0.74070152751659,1.11983447404081
-27.2750854492188,1.40203090756227,2.40675525634801
-27.0843505859375,1.83169707338749,0.461419280576266
-26.8936157226563,-1.2103230402502,1.89151555134392
-26.702880859375,0.509982819341286,2.05190018804838
-26.5121459960938,1.11964601412753,1.60964413761233
-26.3214111328125,-0.475031439591778,0.934756095368547
-26.1306762695313,0.824191534375118,1.93049376973306
-25.93994140625,1.48062449184227,1.9469178890587
-25.7492065429688,0.417395806092341,2.84675014596976
-25.5584716796875,-1.02468018520103,2.44080197291659
-25.3677368164063,-0.0738637931621502,3.35920071388427
-25.177001953125,0.518511497912767,1.36451533867251
-24.9862670898438,0.246249006310118,1.88006502703539
-24.7955322265625,0.861780257743958,3.5678394755038
-24.6047973632813,1.20168082613274,2.6628703825329
-24.4140625,-0.126676762392097,0.886429013901229
-24.2233276367188,0.362806632369368,1.49082658042559
-24.0325927734375,0.36278811716113,1.12133103469117
-23.8418579101563,0.579629512113149,2.47943256968889
-23.651123046875,0.0869003119809414,2.26114259926773
-23.4603881835938,0.196715679683709,2.99018814928383
-23.2696533203125,-1.18844368861446,3.96457397172019
-23.0789184570313,1.94701482894707,3.7240909597565
-22.88818359375,0.933497251104974,2.00624056404842
-22.6974487304688,-0.51736434100174,2.44202576584888
-22.5067138671875,-0.622332486455608,2.8699723546897
-22.3159790039063,1.32145224833765,4.00382897389399
-22.125244140625,0.359579067745086,2.62898558970376
-21.9345092773438,0.519729432802572,1.43145083991013
-21.7437744140625,0.436502702292779,1.9754922998867
-21.5530395507813,0.890676991574052,2.27229179549194
-21.3623046875,0.134499940107336,3.22254954249001
-21.1715698242188,0.830005049567103,2.89790329883625
-20.9808349609375,0.148898563482027,0.801800591853373
-20.7901000976563,1.51953927827353,3.14824444346834
-20.599365234375,0.880055982608715,0.930121310844199
-20.4086303710938,1.41489009463007,3.07095594852769
-20.2178955078125,0.123904386876045,2.20634468680236
-20.0271606445313,0.947929520627946,1.30825016374665
-19.83642578125,1.49113063073655,2.51738813798712
-19.6456909179688,1.79787977544204,2.98221113518806
-19.4549560546875,0.823137206388107,2.10106397144872
-19.2642211914063,-1.2156616418559,2.73793602668273
-19.073486328125,-0.865905371628762,2.50098351828778
-18.8827514648438,-0.402231887419984,2.15564511316506
-18.6920166015625,1.84402067508374,2.01487979467987
-18.5012817382813,-0.488318526176453,2.21513025375432
-18.310546875,1.64034304582461,3.42644642895811
-18.1198120117188,0.762028075159383,2.029503340945
-17.9290771484375,-0.365128029596723,3.01202208417721
-17.7383422851563,-1.45156959076379,3.21260373657412
-17.547607421875,-0.652353058106264,3.50783962231342
-17.3568725585938,0.171448488376925,3.3137695715137
-17.1661376953125,1.53721764635294,2.45771196496712
-16.9754028320313,-0.571108437523243,3.40080024761246
-16.78466796875,1.10477590277335,2.92049716877994
-16.5939331054688,1.25784154925078,2.0698890645873
-16.4031982421875,-1.00981303675376,4.05960697444285
-16.2124633789063,-0.470023352451578,2.48656982165736
-16.021728515625,0.498758792101921,2.99420421927688
-15.8309936523438,1.28247478101328,5.26493349559432
-15.6402587890625,-1.19637002959206,2.89623423037551
-15.4495239257813,1.84416173696894,2.51770863266721
-15.2587890625,-0.120083400101646,3.86930494805769
-15.0680541992188,-0.0233588845492956,3.07565965874397
-14.8773193359375,0.384169159857627,4.01514100658826
-14.6865844726563,0.922813514419995,3.03099531615707
-14.495849609375,2.15619859193383,1.56525058678555
-14.3051147460938,1.94288870870791,3.65487344419594
-14.1143798828125,-0.900613249229854,5.24200264395447
-13.9236450195313,0.223421944677179,4.00781769227614
-13.73291015625,0.0459178374265457,4.24895629209429
-13.5421752929688,-0.380293199221276,4.11178871311562
-13.3514404296875,0.638870991758499,4.12283748369111
-13.1607055664063,0.952634248759316,3.05209436604899
-12.969970703125,1.69964144507325,3.46710815591225
-12.7792358398438,0.596109190163891,4.94819604852914
-12.5885009765625,2.77828100334153,3.55892746449964
-12.3977661132813,0.738483453854424,4.41663174919851
-12.20703125,0.524694879278273,3.58689505313129
-12.0162963867188,0.843191725364922,4.19301390674532
-11.8255615234375,1.39764338863065,3.32096733266697
-11.6348266601563,-0.86350981845529,3.25815516407082
-11.444091796875,0.373309408648463,2.35028574019939
-11.2533569335938,0.486226508952083,4.00293136098149
-11.0626220703125,0.445500652459328,4.1847229441488
-10.8718872070313,0.681494759895969,4.63152998435842
-10.68115234375,0.510935177830673,5.40190069174665
-10.4904174804688,1.49219489499708,5.28761370035442
-10.2996826171875,0.758246743196676,4.63799359970206
-10.1089477539063,0.489765062966718,5.84564297158998
-9.918212890625,1.36761388681725,4.98335334026228
-9.72747802734375,0.514912693418007,5.16896892117551
-9.5367431640625,-0.0156263531319993,4.57448034351746
-9.34600830078125,-0.105098486517219,4.30347515050382
-9.1552734375,0.800064616779229,5.87617852177899
-8.96453857421875,1.96797474091558,3.25125484371409
-8.7738037109375,0.34912771525668,3.98804012291012
-8.58306884765625,2.28270481323144,4.97475252165655
-8.392333984375,0.636486743248381,6.41221276212216
-8.20159912109375,0.383774008264021,6.20788315985052
-8.0108642578125,2.11792504495958,5.45978609270272
-7.82012939453125,0.879936612422635,7.49674521289665
-7.62939453125,3.35162735542263,6.55001208423536
-7.43865966796875,1.92895697496407,5.5044911715846
-7.2479248046875,1.00722623092132,7.11848703897407
-7.05718994140625,1.73983323414408,6.23298970993242
-6.866455078125,2.63692987940631,8.68810620135535
-6.67572021484375,2.69177967916427,5.78651012855148
-6.4849853515625,2.4252236888822,7.37930335029044
-6.29425048828125,3.52378735797255,8.72214531209883
-6.103515625,3.51588359737361,6.69947268881618
-5.91278076171875,4.59951718681873,8.09967869066866
-5.7220458984375,2.77479338012678,6.9512189516073
-5.53131103515625,4.99421988327925,7.91337093835362
-5.340576171875,5.15306401622297,6.74305515988888
-5.14984130859375,5.92549868633635,8.44123324987632
-4.9591064453125,5.11420823768162,7.77518318206777
-4.76837158203125,6.2608402927933,7.93968886447708
-4.57763671875,6.90381249977631,8.61175280904396
-4.38690185546875,7.51227422516727,6.36380786121053
-4.1961669921875,6.22204330293001,6.17934712872434
-4.00543212890625,6.13580122989054,6.86803927580266
-3.814697265625,6.52069369784309,6.55657635174795
-3.62396240234375,6.98172705830161,6.2652028635824
-3.4332275390625,6.71000645662093,6.01097839442915
-3.24249267578125,7.45195925749787,5.10847747802883
-3.0517578125,8.70106008825726,4.44964156892281
-2.86102294921875,7.06475241650143,3.72447684800445
-2.6702880859375,8.90558279030561,5.34314269635316
-2.47955322265625,9.17600736314177,4.47798165721699
-2.288818359375,9.53709598439446,5.36570279882012
-2.09808349609375,8.46911339517895,6.13416378226785
-1.9073486328125,7.95238212814561,3.04215476138324
-1.71661376953125,7.9064407835895,3.96564157985347
-1.52587890625,9.56976085864097,2.09005010361889
-1.33514404296875,9.86028423468308,2.7444272804074
-1.1444091796875,9.10808936475697,3.90707018437568
-0.95367431640625,9.58099129082823,3.59167192516276
-0.762939453125,10.7183420309931,3.0455635252806
-0.57220458984375,10.4678889405731,1.79197871419892
-0.3814697265625,7.08843779878077,1.67020632681606
-0.19073486328125,10.5823951626892,2.11034083186914
0,9.33277904503257,2.12049255741787
0.19073486328125,9.05454754994325,0.999396585339286
0.3814697265625,9.66515605727106,1.15006657468661
0.57220458984375,11.0047865307222,0.443319788498971
0.762939453125,9.05525780893549,2.03335443185252
0.95367431640625,9.24165136013314,0.536735862337888
1.1444091796875,7.81459977070808,0.120886633606352
1.33514404296875,8.90578472720033,0.10910360228546
1.52587890625,9.27035800425118,-1.50315164714056
1.71661376953125,10.0226930179485,0.169518096108533
1.9073486328125,11.4026220808539,-1.64209491745948
2.09808349609375,7.51541982857862,-1.39844415320698
2.288818359375,10.6733155549375,-2.17119143359659
2.47955322265625,8.46471085336265,-2.43722854778531
2.6702880859375,8.84751610157405,-1.79466119501363
2.86102294921875,9.45554940654481,-2.4039450462214
3.0517578125,8.61140416963634,-2.07536183541876
3.24249267578125,9.80924372838113,-4.07261127224165
3.4332275390625,7.89459310302736,-1.74491163787672
3.62396240234375,8.41050501282814,-4.2271134490476
3.814697265625,8.55550390418941,-3.46349541453424
4.00543212890625,6.64206908198631,-4.3537396279269
4.1961669921875,8.35312457462221,-2.4484675809224
4.38690185546875,9.00084567144963,-5.65327149233852
4.57763671875,7.23412194717732,-4.96815889331432
4.76837158203125,5.23772619513621,-5.88342456655082
4.9591064453125,7.4326318413323,-4.52007756285453
5.14984130859375,6.92273711711033,-5.11334149235955
5.340576171875,6.33336665574875,-5.51739881195708
5.53131103515625,5.62696116124012,-5.57645079045542
5.7220458984375,5.70260252178772,-5.64792451509997
5.91278076171875,6.95909719511739,-5.88662767474089
6.103515625,3.55730461065414,-3.74923152014864
6.29425048828125,5.5589924139416,-6.65513435219608
6.4849853515625,4.27040585981074,-6.47828550042391
6.67572021484375,4.06536453510204,-4.96402217740996
6.866455078125,3.94498012126683,-4.61292242306716
7.05718994140625,3.21900079323559,-4.57273310217019
7.2479248046875,3.83163101742885,-4.26125389964713
7.43865966796875,3.48022423392881,-5.08522745465826
7.62939453125,1.75991109304089,-4.71010084026414
7.82012939453125,2.24735948983866,-3.46165965920478
8.0108642578125,1.9134157239239,-4.91962753031468
8.20159912109375,3.36645015053369,-3.38182418273498
8.392333984375,4.04863995254271,-3.8606789982548
8.58306884765625,1.49805186666192,-4.2580487967182
8.7738037109375,2.31318195810378,-4.43562189832227
8.96453857421875,3.13062377042914,-3.44922689315267
9.1552734375,2.11276007545846,-4.86914734311955
9.34600830078125,1.49302858778207,-3.35732614066043
9.5367431640625,1.87968275890909,-4.78264650859978
9.72747802734375,2.23725192575437,-3.50192161792172
9.918212890625,2.45250894155738,-2.28678707246395
10.1089477539063,1.06963563278199,-3.72755899930316
10.2996826171875,1.09659701236239,-1.87626817986151
10.4904174804688,2.13480521574887,-2.68297692016235
10.68115234375,2.76784012795929,-4.12601921037481
10.8718872070313,-0.249900438694737,-4.82630601909703
11.0626220703125,1.04206010789129,-1.76628014565761
11.2533569335938,0.804841559104329,-0.953748948397486
11.444091796875,2.21956955211047,-4.19125424754333
11.6348266601563,0.75869810761379,-2.08452646761684
11.8255615234375,1.21921165568497,-3.09429073440868
12.0162963867188,2.80549778221592,-2.06128698153633
12.20703125,1.71921177719656,-3.07736281065652
12.3977661132813,0.993831199277927,-0.921507792845886
12.5885009765625,1.33889084570251,-1.11869367583161
12.7792358398438,1.19384507948114,-2.55010031685951
12.969970703125,0.936358700380749,-1.68989965002139
13.1607055664063,1.45328135182986,-1.87778097712664
13.3514404296875,2.19026184286033,-2.81817861829716
13.5421752929688,1.48718210752265,-3.16791822674723
13.73291015625,2.93382145001669,-2.65417420522377
13.9236450195313,-0.884679537554006,-2.93679445794163
14.1143798828125,0.498027020807812,-1.8083125866428
14.3051147460938,1.79478841632608,-1.29092621334628
14.495849609375,0.385770839206624,-3.05306414837019
14.6865844726563,0.409130741955141,-3.50553680926755
14.8773193359375,0.401141232404454,-1.50088594092055
15.0680541992188,0.698821630446779,-0.774174643336766
15.2587890625,2.17078498847845,-1.86868868185834
15.4495239257813,0.9864315772462,-2.23453959898294
15.6402587890625,2.33413486772726,-1.89565738607439
15.8309936523438,1.96429206529134,-1.91049341197234
16.021728515625,0.430915018860065,-2.96434667648522
16.2124633789063,-0.00920861955101891,-2.43632381769052
16.4031982421875,0.957185838572589,-1.98941610393648
16.5939331054688,0.890980965886478,-1.8950987848099
16.78466796875,0.335581978262427,-2.44300511740384
16.9754028320313,0.323882657107225,-1.14959767580904
17.1661376953125,1.0607752267538,-1.22346629252201
17.3568725585938,2.44393185337419,-1.60142883568634
17.547607421875,0.616130713102021,-2.14313954952462
17.7383422851563,1.85488204588279,-1.86789549560161
17.9290771484375,3.47672032930758,-1.40483198903777
18.1198120117188,0.581738967082405,-1.53509095344619
18.310546875,1.04310865649218,-0.504296889538429
18.5012817382813,0.751942269058268,-2.36779656688402
18.6920166015625,0.792101360979459,-2.39910842883126
18.8827514648438,0.543569686171339,-2.87438640982918
19.073486328125,1.68574720485926,-1.16636073972553
19.2642211914063,0.899918826334662,-2.89567407239398
19.4549560546875,1.2095126106975,-0.187620584173589
19.6456909179688,1.99649297297823,-1.93848198578608
19.83642578125,0.267851489608955,-3.40781849260881
20.0271606445313,1.30413710374305,-2.29665777019047
20.2178955078125,0.233869955440934,-0.371582387546202
20.4086303710938,1.50142158448468,-3.78280039992341
20.599365234375,2.02235965044718,-2.84572828661747
20.7901000976563,0.443320139442618,-0.947520727384548
20.9808349609375,1.33147529222978,-1.31050572402291
21.1715698242188,0.766137735027251,-1.13540456401957
21.3623046875,2.37461752562148,-2.00708451869279
21.5530395507813,1.36055133955004,-2.46190872959774
21.7437744140625,0.251622666193279,-1.71885654673745
21.9345092773438,1.44262404979799,-0.445827190638562
22.125244140625,0.217505135682204,-0.615632357710314
22.3159790039063,2.061052207247,-2.74748355140317
22.5067138671875,0.943106035037405,-1.99283881138932
22.6974487304688,-0.0321457561143588,-2.39418313572422
22.88818359375,0.718631293275738,-1.19388908407424
23.0789184570313,1.29136682942949,-2.12495912885651
23.2696533203125,1.09592771628473,-2.09439024982966
23.4603881835938,0.746079056583728,-2.83499812470017
23.651123046875,-0.566785325437673,-1.20756727010274
23.8418579101563,1.65870711119116,-2.00934895266424
24.0325927734375,0.877169406672227,-0.917725823198791
24.2233276367188,0.0535835990147407,-0.45794017405296
24.4140625,1.43423568088514,-3.73681742253738
24.6047973632813,0.0774167618000273,-1.1492103335233
24.7955322265625,0.408442468723544,-2.67840677646844
24.9862670898438,1.72985926750734,0.323008998193704
25.177001953125,-0.540480704423114,-1.65939410950177
25.3677368164063,-0.460178308808011,0.418885761418116
25.5584716796875,1.20324386259914,-2.44943371191645
25.7492065429688,0.427471672005375,-1.35604323136325
25.93994140625,0.993918523448334,-0.891506879395609
26.1306762695313,1.94676758489556,-0.864021017985263
26.3214111328125,-0.976204936135558,-1.57031484786729
26.5121459960938,1.62697637350144,-2.37069236115983
26.702880859375,-0.395251144835406,-2.77597513503867
26.8936157226563,1.11570433766904,-0.127997709285832
27.0843505859375,0.372360642330978,-0.0780682122501791
27.2750854492188,2.11379406593068,-1.40612987228101
27.4658203125,0.656173201270928,0.0898562514110005
27.6565551757813,-0.618835840549025,-0.721233034117935
27.8472900390625,-0.458460552963366,0.127840022265747
28.0380249023438,1.1906365393799,-0.694030569152357
28.228759765625,0.0697083343980504,-2.0566385193183
28.4194946289063,-0.17565948056926,1.96998712015364
28.6102294921875,-1.63565384248442,-2.16166005198524
28.8009643554688,-0.807658841672761,-2.78266999555602
28.99169921875,1.22967782939711,-1.47092409054379
29.1824340820313,-1.21766293808104,-2.02917731890303
29.3731689453125,1.22210440102157,0.073495953431123
29.5639038085938,-2.03992323707272,-1.21369104432928
29.754638671875,0.22141065812495,-1.99750001093534
29.9453735351563,1.09503134572302,0.251911631023685
30.1361083984375,1.05279180622046,-0.956941611035519
30.3268432617188,0.54809198467754,-1.10725184734478
30.517578125,0.68185581552375,-2.39565717250459
30.7083129882813,0.729482093166934,-0.54670648607585
30.8990478515625,1.75508933903928,-1.11036539166667
31.0897827148438,0.160436834675723,-0.199741219562185
31.280517578125,0.5530667679563,-1.09415222811494
31.4712524414063,-0.784638675992067,-1.27639911231341
31.6619873046875,-0.000428722286451834,-1.39008716979352
31.8527221679688,0.29473350896831,-2.886371438379
32.04345703125,0.781653110344278,-2.41550161242592
32.2341918945313,0.0768979608233863,-1.48350340811528
32.4249267578125,1.78537098361829,-0.652416018352633
32.6156616210938,0.457616999573246,1.38694578210039
32.806396484375,0.220257422637017,-0.863836206552614
32.9971313476563,-0.686876808564185,-0.610083143860787
33.1878662109375,1.05135777284541,-1.57537172162235
33.3786010742188,-0.270469647670031,-3.38678727034083
33.5693359375,0.633024546007594,-0.124213012385945
33.7600708007813,0.214606229816287,-0.12029675077838
33.9508056640625,0.524790593170025,-2.52257603215851
34.1415405273438,1.43655110183119,-0.51600959717902
34.332275390625,-1.14491857662512,-0.926381134236131
34.5230102539063,1.07836219403187,-0.606903704748642
34.7137451171875,1.29712406516399,0.692745725311893
34.9044799804688,1.03344576984566,-0.727632172089874
35.09521484375,-0.555012979037466,-2.07129663313918
35.2859497070313,0.173273481155726,-0.191183543955105
35.4766845703125,0.144705782780129,-1.19249246839454
35.6674194335938,-0.702978719327628,-0.00136538400894384
35.858154296875,-1.23736106725265,0.0348750370076914
36.0488891601563,0.293118074003867,-2.12586107075863
36.2396240234375,0.930955509641507,-1.85644667436054
36.4303588867188,0.627437883417118,-0.855056995587307
36.62109375,-2.02058329969924,-0.235025960476174
36.8118286132813,-0.946017268978116,-1.25872695056884
37.0025634765625,1.66814121746237,-1.16152385047249
37.1932983398438,0.0654697870934938,0.424963020957878
37.384033203125,-0.241480069755581,-1.17939052735543
37.5747680664063,-0.225930950492107,-1.1191944550416
37.7655029296875,0.679435285733209,-1.22280502274436
37.9562377929688,0.644541120943886,-0.704821874606864
38.14697265625,0.65946429131482,0.438554698458916
38.3377075195313,-0.425297107698065,-1.1914671770961
38.5284423828125,-1.07027167003761,0.318442293446202
38.7191772460938,-0.542181817649371,-2.56497850991763
38.909912109375,-0.228194934246783,-1.4968673737707
39.1006469726563,0.0234375227624854,-0.379680737120832
39.2913818359375,0.757677787083547,-1.21869557344969
39.4821166992188,-0.823558953929032,-1.11762168256997
39.6728515625,-0.330468456955806,-0.563460262485162
39.8635864257813,1.12452390280762,-1.78823374272884
40.0543212890625,0.0424711118794099,-0.652809389944618
40.2450561523438,-0.170276068419826,-0.275707977694552
40.435791015625,0.599793820595572,-2.30102916813113
40.6265258789063,0.2606440586343,-0.0177348174958741
40.8172607421875,0.324389718722637,-0.396601395290643
41.0079956054688,0.492258891527989,-1.17685420968611
41.19873046875,2.23903062911564,-0.0911962630971628
41.3894653320313,0.421060151266314,-0.739247236303713
41.5802001953125,-0.688454808390911,-1.10224938576233
41.7709350585938,0.916699204266961,-0.545887782237627
41.961669921875,0.631857873877739,0.342222058602341
42.1524047851563,-0.641614373198701,-1.1406718295276
42.3431396484375,0.623821471026849,-0.908531676541595
42.5338745117188,0.42247557580175,-0.646282138854339
42.724609375,0.841562984386229,-1.04320718286462
42.9153442382813,1.67085087549414,0.125781977380628
43.1060791015625,-0.712050472306691,-0.411427139250708
43.2968139648438,-1.58580829094544,0.551548984531983
43.487548828125,-1.17272282764191,-1.61238075280055
43.6782836914063,0.187596780343561,-1.89624317894837
43.8690185546875,-0.360307598028498,0.782313805035127
44.0597534179688,-0.762908062214506,-1.98982919828407
44.25048828125,0.319154925526728,-0.123558910393437
44.4412231445313,-2.03788064453345,0.642881750114054
44.6319580078125,0.671392657002823,-0.324624688042746
44.8226928710938,-1.2917083002478,-0.696583146534247
45.013427734375,0.684159798340466,-0.386436291411611
45.2041625976563,0.18118621158802,-0.178046322998302
45.3948974609375,0.229040594679024,-0.661606420132703
45.5856323242188,-0.59387352605029,0.691610571109161
45.7763671875,-1.22345617236271,0.731660907316822
45.9671020507813,1.07208166362829,1.10334885113726
46.1578369140625,0.409312806026249,-0.346171423766961
46.3485717773438,-0.714093508680653,-0.461108959715715
46.539306640625,0.654298891970604,0.752570726417815
46.7300415039063,-0.67284324451007,-1.16041156913349
46.9207763671875,0.291382471906608,-0.541406946751177
47.1115112304688,0.954610034809739,-0.971642361282314
47.30224609375,2.3562968203837,-1.62222670210926
47.4929809570313,0.349686734423981,0.95003510720952
47.6837158203125,-0.343589054734331,-1.83632896229462
47.8744506835938,-1.27154766748901,0.224672690033686
48.065185546875,-0.313828541378851,0.632818784401343
48.2559204101563,-0.612636010720488,-0.189353561149791
48.4466552734375,0.561791120214413,0.219786830103517
48.6373901367188,0.526578613955987,0.129842273612816
48.828125,0.0549071986882777,-1.30965804733985
49.0188598632813,-0.662276917708835,-1.41854365980863
49.2095947265625,0.541972954754811,0.819489029762282
49.4003295898438,-0.721659289620239,0.00839512433372916
49.591064453125,-1.1298657796496,-0.967079162232023
49.7817993164063,-0.450989581597183,0.553491869767562
49.9725341796875,-0.0905379827038469,-1.05892091757553
50.1632690429688,1.054539477317,-0.395818562168817
50.35400390625,-0.914399285512292,-0.883204135646585
50.5447387695313,0.2216710602563,-1.15378606842826
50.7354736328125,1.62253353744994,-0.767313394028023
50.9262084960938,-0.922585675326743,-0.517998480186993
51.116943359375,0.115827199909354,-0.452452707926931
51.3076782226563,-0.877456953816848,1.2959271387715
51.4984130859375,-0.132715554117574,1.0461834199615
51.6891479492188,-0.232669556011743,-0.135631999248413
51.8798828125,1.51510333090653,-0.633823741637606
52.0706176757813,0.269160652231413,-0.401745126820368
52.2613525390625,0.733016137120986,0.153847493351811
52.4520874023438,-0.397924490322169,-0.298340355032893
52.642822265625,0.945885272912387,-0.0232922206699807
52.8335571289063,0.379905156140727,0.179855278710556
53.0242919921875,-0.371803907334672,-0.561966601540705
53.2150268554688,-1.08268370718739,-0.18336481524918
53.40576171875,0.510147600021093,-1.35875499145317
53.5964965820313,0.216985891112995,1.35061443007309
53.7872314453125,-0.920808670892902,-0.227343088006805
53.9779663085938,-0.960148953390672,-0.195102676126871
54.168701171875,-0.0336465466178833,0.456868544061514
54.3594360351563,-0.700328848552385,-0.179246948348722
54.5501708984375,-0.749440286117322,0.110508578231868
54.7409057617188,-0.546274785575653,0.531992547848561
54.931640625,-0.0241586912343845,1.04225585119867
55.1223754882813,-0.606171690008732,-0.738648181776334
55.3131103515625,-0.00909540297661928,0.730178142212798
55.5038452148438,-1.21960781141098,-0.151071278108483
55.694580078125,0.410685636162886,0.681656058426291
55.8853149414063,-0.887974616844721,-0.240290377240628
56.0760498046875,-0.0137628989520305,0.0755672291072895
56.2667846679688,-0.28259075702738,-0.742809483930088
56.45751953125,-0.521086395285846,-0.752054671094355
56.6482543945313,0.0267456823606655,1.11072976714967
56.8389892578125,-0.000475142177995179,-1.02953517724453
57.0297241210938,-0.589950809806063,-0.679975116705829
57.220458984375,1.99509563536013,-2.42506163981727
57.4111938476563,-0.325857160244305,-0.265067086920374
57.6019287109375,0.856893521168459,0.0518631766619051
57.7926635742188,0.333570720921658,0.48896446620543
57.9833984375,-0.174398233333535,0.2847814092899
58.1741333007813,-1.01660817438022,0.91016321774291
58.3648681640625,-0.123711342103437,-0.468051116155496
58.5556030273438,0.520178313293657,0.00991040222325126
58.746337890625,-0.595119769482748,-0.470578403092822
58.9370727539063,-0.215595319252133,-1.68783181565978
59.1278076171875,-0.427438174928161,-0.300543678761785
59.3185424804688,1.01403979835279,0.14241788487418
59.50927734375,0.154924608564425,-0.355268305378982
59.7000122070313,-0.768265029573409,0.828220059699451
59.8907470703125,0.95098610228863,1.09136685931445
60.0814819335938,0.614976246958826,0.990166970716138
60.272216796875,1.02639789964475,0.0511226393016069
60.4629516601563,0.257239078660605,-1.77912481150889
60.6536865234375,2.47925821939488,-0.602909906479991
60.8444213867188,0.315172453409728,-0.516049375968114
61.03515625,0.378625265332547,-2.58821888226568
61.2258911132813,-0.962450209279284,0.496202970193803
61.4166259765625,-0.682880519406268,0.427506217286557
61.6073608398438,-0.515757546233403,0.576099337732981
61.798095703125,-0.247828594070272,0.228841619766567
61.9888305664063,0.304716947947885,-0.0306414401447081
62.1795654296875,-1.22469382318677,0.687424482640781
62.3703002929688,-0.250627545873688,0.25958832939155
62.56103515625,1.01873261603057,0.570086335548157
62.7517700195313,-0.53792519929816,-0.706328001449897
62.9425048828125,0.514607203335446,1.21170433897417
63.1332397460938,1.35776240705119,1.43049904939753
63.323974609375,1.44137445780716,-0.514933824541474
63.5147094726563,0.642169365134658,0.340676789945234
63.7054443359375,-0.646020735758112,-0.284885140870804
63.8961791992188,-0.471847003139328,-1.40560950794041
64.0869140625,0.134420693727988,-0.352917494818479
64.2776489257813,-1.42368323799554,-0.478813407455038
64.4683837890625,0.414783569849749,0.135273349832688
64.6591186523438,2.26327400169961,0.874297833641074
64.849853515625,-0.300753887645228,-0.713953315506241
65.0405883789063,0.864968821857102,1.37266120419392
65.2313232421875,0.854557865502425,1.34085733388556
65.4220581054688,1.19699263508726,0.507179160373879
65.61279296875,0.595229344014228,-0.883721149185118
65.8035278320313,-0.689823528573422,-1.28984129192872
65.9942626953125,-1.21794825274194,0.351872024101689
66.1849975585938,-1.05921772282918,0.824161456467083
66.375732421875,-0.430695381799999,0.698593501601192
66.5664672851563,-1.21531472938355,-1.1147579416889
66.7572021484375,0.523445334334817,0.848243407225539
66.9479370117188,0.574053159511243,-1.18443655488977
67.138671875,-0.746818972876069,0.757877781301679
67.3294067382813,0.164916113001823,0.998405064564809
67.5201416015625,-0.159706173352642,-1.04023112084259
67.7108764648438,0.722604968948588,-0.983979358135085
67.901611328125,-0.174137535413547,0.600098967642454
68.0923461914063,-1.23120300956491,0.866661588839257
68.2830810546875,0.353396187632687,0.403250556356013
68.4738159179688,0.596451794956157,0.104262881707057
68.66455078125,-0.0953401164562695,0.958658303640994
68.8552856445313,1.21213449656624,1.48453246745235
69.0460205078125,-1.50671725819642,-0.214431631410913
69.2367553710938,0.397143234600566,0.475500743664904
69.427490234375,-0.543030733381232,-0.0155073926230135
69.6182250976563,0.129985463425954,-0.808806417543232
69.8089599609375,-0.678990142911172,-0.939836029612696
69.9996948242188,1.1837656367985,0.390280013043017
70.1904296875,-0.0137230057171028,-0.283230056034625
70.3811645507813,1.0458210721441,0.230157383095345
70.5718994140625,-0.590149493323428,0.849491993427544
70.7626342773438,0.623739290371109,1.88528156649638
70.953369140625,-1.69724802898334,-0.193824859554014
71.1441040039063,-1.31482012983087,-0.0901316862171133
71.3348388671875,2.27756026842583,0.553264408010871
71.5255737304688,0.238493655770005,-1.05679917692145
71.71630859375,-0.951753077052579,2.22183253630138
71.9070434570313,-0.609553723812828,0.443473599276974
72.0977783203125,-1.10381318282981,-1.35471881470536
72.2885131835938,0.679757804626864,-0.0729786653438095
72.479248046875,1.77900147939655,0.534264542697597
72.6699829101563,-0.560816259016698,1.49429600062904
72.8607177734375,0.503717950103288,0.145482008492871
73.0514526367188,-0.0429456391493752,-0.455076792801462
73.2421875,-0.173211335889041,-1.69332956338886
73.4329223632813,-1.1445176582361,-1.09271557194475
73.6236572265625,-0.17427113823975,0.165554544707366
73.8143920898438,-0.738971398900324,-0.404298265162032
74.005126953125,-1.40335464657794,0.799910996621072
74.1958618164063,1.11794189492827,0.29792140968639
74.3865966796875,-1.22725300221424,-0.98601499133943
74.5773315429688,0.582431365378536,-1.67006468939231
74.76806640625,-0.168722715501096,1.35821415489791
74.9588012695313,0.842013084216007,-0.264194236402633
75.1495361328125,1.51323575893752,-1.23684933089235
75.3402709960938,-0.327008100891397,-1.0481182267487
75.531005859375,1.47489258783148,1.45606395203007
75.7217407226563,0.312783947150107,1.79211056795853
75.9124755859375,-0.473023899067981,1.13560525286504
76.1032104492188,0.301244738256174,0.212769275198152
76.2939453125,0.221245295155265,0.982720559326843
76.4846801757813,0.464631454965106,2.21105939138106
76.6754150390625,-0.700811812225429,0.931831725200241
76.8661499023438,-1.00757798390498,-1.06984700158322
77.056884765625,1.15668152658306,0.346446855707091
77.2476196289063,-0.629274807842133,0.0719150246572321
77.4383544921875,-0.13100917273217,-0.553357316572079
77.6290893554688,1.39478499544615,-0.823202311506292
77.81982421875,-0.729223115807184,-0.400436265034024
78.0105590820313,-0.968112813516524,0.633828947570017
78.2012939453125,-0.490551168560263,1.09620399345756
78.3920288085938,-0.163395099742241,-0.328181725881537
78.582763671875,-0.906358755675389,0.637308706302015
78.7734985351563,0.355990322630074,0.775831047208412
78.9642333984375,-0.689019791815851,-1.73573780552748
79.1549682617188,0.136716544608173,-0.494032444566736
79.345703125,-0.930870662857271,0.0845869539429687
79.5364379882813,-1.12406780539769,0.368566540449556
79.7271728515625,-0.113588006230572,0.894955477281963
79.9179077148438,-2.12808316881811,1.31844101416104
80.108642578125,-0.0928231849839123,-0.808895844982637
80.2993774414063,0.0439292775119351,-0.06578635055538
80.4901123046875,-0.320701178789662,0.183353705236967
80.6808471679688,-1.96576878191221,0.498999704668119
80.87158203125,-0.676634426705744,0.0121057075369042
81.0623168945313,1.26492556714563,0.869221511097589
81.2530517578125,-0.546576596291743,0.975497004132141
81.4437866210938,-0.0457349885071244,0.2327169135299
81.634521484375,-2.85228133910022,0.252924526518346
81.8252563476563,-0.121198262022776,0.128401496457977
82.0159912109375,-1.93115137047311,0.241642323532706
82.2067260742188,-0.820652835264935,-0.967935586144409
82.3974609375,0.898914791990082,-0.712409964824128
82.5881958007813,0.369499783676768,0.979266745970105
82.7789306640625,2.15594728379617,0.67773111522949
82.9696655273438,-0.604377466186495,0.407446627953144
83.160400390625,0.36209163415386,0.988583243040964
83.3511352539063,0.734187595703883,0.75695586922258
83.5418701171875,1.03935422372707,0.773634454132652
83.7326049804688,0.964800341141853,0.685304884949693
83.92333984375,1.12570611501796,0.179649781100087
84.1140747070313,1.05337196907679,0.147093082136747
84.3048095703125,0.242387814113091,1.02771120119772
84.4955444335938,-0.337563815567953,0.811713902496637
84.686279296875,-0.132330165846504,1.88077160826446
84.8770141601563,0.515447004344294,0.983794969476829
85.0677490234375,1.13606043901093,2.29680242226728
85.2584838867188,-0.220673449238219,-0.945854546383627
85.44921875,-1.032130439798,0.314730476872665
85.6399536132813,1.21474034863058,1.59660794021737
85.8306884765625,-0.392190961686725,-0.391508578595897
86.0214233398438,2.16346263799699,0.0307300917482428
86.212158203125,0.94227671096978,0.0775386459673346
86.4028930664063,-0.767330163532018,0.945351371669342
86.5936279296875,0.458359076487326,1.61157672088462
86.7843627929688,-0.127846089320364,-0.168506126378125
86.97509765625,-0.0267894596037458,0.667452200882387
87.1658325195313,0.515537335394043,-0.745257477681574
87.3565673828125,2.44907691797209,2.10904640632635
87.5473022460938,-0.45330668413394,0.508587920734825
87.738037109375,0.0502346553882437,-0.743744408623356
87.9287719726563,0.52189557097746,-2.23521074377679
88.1195068359375,-0.87083528048934,0.387532923729039
88.3102416992188,-0.750333708137279,-0.241347975734176
88.5009765625,-1.22982396454362,1.74334656828649
88.6917114257813,-0.206233219443778,1.70910008199882
88.8824462890625,2.72085250165846,0.153245410052455
89.0731811523438,-1.23516043236267,0.615086256274521
89.263916015625,0.623132888492718,0.829718537725337
89.4546508789063,-0.484419560657668,0.854173535410203
89.6453857421875,0.52429986264938,0.97357856483488
89.8361206054688,-0.526449419007203,0.603151027991968
90.02685546875,0.202643173365406,0.614241617964739
90.2175903320313,-0.600421041130725,0.351068129146373
90.4083251953125,0.640412113318342,-0.430899330772871
90.5990600585938,-0.39184127258786,-0.211931854651242
90.789794921875,-0.859421896854792,1.57671928396782
90.9805297851563,-1.69209863284672,0.586224578719909
91.1712646484375,0.215512575553167,-0.790197131542414
91.3619995117188,-0.169689894822871,1.34324075908569
91.552734375,-0.355691082203977,1.15619171868538
91.7434692382813,0.884779328213315,0.387441195769392
91.9342041015625,-1.05957839098357,1.18688345673091
92.1249389648438,0.685875198186091,0.183877581566941
92.315673828125,0.11139878331857,0.952498986544349
92.5064086914063,-0.220568381824524,-0.0295565145055537
92.6971435546875,-0.325834483772802,0.182325240594289
92.8878784179688,-0.262692045013105,-0.0298324621980502
93.07861328125,0.871070489426701,2.53193605727909
93.2693481445313,0.743158123779045,-1.59036070052208
93.4600830078125,-0.258920641001671,0.151259635137213
93.6508178710938,-0.171726548750847,1.34438380113008
93.841552734375,1.09773830547214,3.02350478792135
94.0322875976563,-2.18890565987303,0.033513723833558
94.2230224609375,0.468836692955067,0.813311745833636
94.4137573242188,-0.465195933952853,1.29312439577326
94.6044921875,0.306855008800155,1.79540150151562
94.7952270507813,0.274783897222839,1.36720155223818
94.9859619140625,0.378541532162897,0.97579837068052
95.1766967773438,-0.400262181387734,0.0786977892621666
95.367431640625,-0.298097447844011,-1.27322077472117
95.5581665039063,0.430277489913144,0.156377588386999
95.7489013671875,-0.336194870444449,0.753411086849226
95.9396362304688,-0.192951077662924,0.0699040781496562
96.13037109375,-0.695982077142948,1.59650807419096
96.3211059570313,0.133387808805555,0.632612916663311
96.5118408203125,-0.0316137503198919,0.553489764649478
96.7025756835938,-0.31312747849504,0.522421948282847
96.893310546875,0.745947240016044,1.36266278050639
97.0840454101563,0.345761684762109,0.273198142475808
97.2747802734375,-0.331143457585818,-0.036269580984361
97.4655151367188,1.16140740949701,0.920736410763855
97.65625,1.69214483663206,1.12241361185187
97.8469848632813,-0.38251234867547,0.0475388148584687
98.0377197265625,-0.0538144424007139,-0.248542598488619
98.2284545898438,0.143393306244337,-0.199997040217818
98.419189453125,0.634328176865728,1.02654465529042
98.6099243164063,0.9407519368328,1.84715299588437
98.8006591796875,0.588223893349926,0.225048042492116
98.9913940429688,-0.711630404734751,1.02953659826737
99.18212890625,0.440837348955586,-1.26088562726128
99.3728637695313,1.06415254652228,0.477627998694579
99.5635986328125,0.901446413059309,0.63778247418749
99.7543334960938,1.20951162971712,0.0958078979800014
99.945068359375,1.42662420810334,1.85363690206896
