Fre(kHz),Re,Im
-99.945068359375,0.640523273016487,0.778942759721481,ZeroPoint:Tj,62,0.002
-99.7543334960938,0.0916109799618188,0.909798828569162,Const.;stime,3.11017608,6.4E-07
-99.5635986328125,-0.870448630287184,0.739726825899662,Fre.Range:Tau,-100:100,1.5E-05
-99.3728637695313,1.55389075242978,1.63708405455223,FFTSize:DataSize:Firstpul,8192:8192,5E-07
-99.18212890625,0.991664924922335,0.240225042220473,9msF002,Freq.=141410000
-98.9913940429688,0.730381133993901,-0.438480849842004
-98.8006591796875,-0.668820287042309,0.214860587130485
-98.6099243164063,1.29396695888528,-0.432167874538991
-98.419189453125,-1.98290241704262,-0.483219088015475
-98.2284545898438,-0.0342644920621427,-0.215705311654032
-98.0377197265625,1.43246918945953,0.0980777063451103
-97.8469848632813,1.85287154423425,-1.02234268947448
-97.65625,-1.20252480481338,0.648523252874238
-97.4655151367188,0.79578616570658,0.765233314343644
-97.2747802734375,1.16409512944666,-1.05451211250083
-97.0840454101563,0.653967926423104,0.266488996347656
-96.893310546875,1.49747495667422,1.07221745318266
-96.7025756835938,0.84818641142316,-0.792638159226714
-96.5118408203125,1.8386734638967,2.69828113500498
-96.3211059570313,0.557075718124014,1.85733013746589
-96.13037109375,0.364368968935813,0.966484884031268
-95.9396362304688,-0.636436324041653,0.228349860488154
-95.7489013671875,-0.256416015594062,1.52575200896904
-95.5581665039063,-0.286546900127013,0.636532773780724
-95.367431640625,1.75098529332588,0.338075781549057
-95.1766967773438,0.264959488566388,0.321279911540134
-94.9859619140625,-0.514437098940979,0.649837072510972
-94.7952270507813,0.208923570750548,1.48936882667739
-94.6044921875,1.25243260791182,0.375333087557629
-94.4137573242188,2.54275752240691,-1.31007588071156
-94.2230224609375,1.10525886283154,0.00688851987807431
-94.0322875976563,0.741335995706625,-0.72860590674676
-93.841552734375,0.000321248874542299,0.439233462905806
-93.6508178710938,-0.0317312286173112,-1.31663319613827
-93.4600830078125,-1.28322355257595,1.84925536320622
-93.2693481445313,1.087601869406,1.45247584046262
-93.07861328125,0.118579483538354,1.49858537797007
-92.8878784179688,0.374737225085165,2.61129296130189
-92.6971435546875,-0.0516017998977731,-0.638728504910055
-92.5064086914063,-0.126213969092337,0.788989586997803
-92.315673828125,1.71085194496502,0.127089859178648
-92.1249389648438,-0.0764246709243308,-1.44354320434742
-91.9342041015625,0.0445071366964464,0.294039025233118
-91.7434692382813,0.752555466843676,0.669490090031471
-91.552734375,-0.316888489644342,1.20167201708076
-91.3619995117188,-0.632385825727917,1.32158120442235
-91.1712646484375,0.565002360909524,1.28760443878706
-90.9805297851563,0.848012544183341,1.04133285740848
-90.789794921875,-0.21100049009592,-0.515760038097327
-90.5990600585938,-0.0515113275163972,1.63402974474551
-90.4083251953125,0.255823211946453,1.06927443911175
-90.2175903320313,0.811322802692009,0.326692232288218
-90.02685546875,1.80372913676603,0.355450864005728
-89.8361206054688,1.29441939663517,0.682590126144602
-89.6453857421875,-0.190813693965753,0.526806371250052
-89.4546508789063,-0.889776734419418,-0.0701377195353393
-89.263916015625,-0.719181106766794,0.0707063519870999
-89.0731811523438,-0.484626930280435,-1.0119362509776
-88.8824462890625,0.450345930293774,0.777737369640977
-88.6917114257813,-0.667684565684386,1.48305656510784
-88.5009765625,0.138652973748358,0.400086346259038
-88.3102416992188,0.189066843184423,-0.373836162051393
-88.1195068359375,-0.952264571138541,-0.196016570801948
-87.9287719726563,0.872823774171594,0.901922843462142
-87.738037109375,0.871786676206709,-0.668873526157826
-87.5473022460938,1.16394010089999,-0.10722856614178
-87.3565673828125,2.48461178873425,0.812755988640429
-87.1658325195313,0.31930122794979,1.23359415607746
-86.97509765625,-0.294238105581485,0.415946676188896
-86.7843627929688,0.26358996249911,0.0184770475071787
-86.5936279296875,1.93004096934154,-0.224973234841274
-86.4028930664063,1.2412105205621,1.36734958449479
-86.212158203125,0.99550922395035,1.71617138641734
-86.0214233398438,1.48311519875709,2.70785810017389
-85.8306884765625,1.99853538711971,0.0622606360063315
-85.6399536132813,0.671180237231461,1.46380240473869
-85.44921875,0.117218027321457,1.56819674585799
-85.2584838867188,-0.23242091264564,0.00545076917444906
-85.0677490234375,-0.959964546802561,0.0645545473979422
-84.8770141601563,0.772322133846191,1.45404798234436
-84.686279296875,-1.07084133776474,0.251895611300654
-84.4955444335938,-0.16012238437193,1.78184987476536
-84.3048095703125,-0.0648535868841971,-0.461019433111931
-84.1140747070313,0.41446007462342,1.30221599755207
-83.92333984375,-0.0147261287190823,0.377966052959479
-83.7326049804688,-0.202265346200848,2.21009236118569
-83.5418701171875,1.91885898324238,0.643824526773257
-83.3511352539063,0.50398928426266,1.16308782544036
-83.160400390625,1.02373218421466,-0.37553106588563
-82.9696655273438,0.715362714511679,1.61801446044705
-82.7789306640625,1.52356494612704,1.67880340493044
-82.5881958007813,-0.226519367902978,0.662817125910118
-82.3974609375,0.254535699819596,0.150200803944479
-82.2067260742188,-0.0436629928508122,-1.86673131127753
-82.0159912109375,0.3284758567294,1.1981872152372
-81.8252563476563,-0.0587239113891454,-0.169677938073754
-81.634521484375,0.104044421660407,0.266558629183127
-81.4437866210938,-1.51333544881264,0.100734553807612
-81.2530517578125,0.885539797243964,0.998732646458832
-81.0623168945313,-0.27531270581757,1.07999707612859
-80.87158203125,0.975245550436715,-0.129276674940234
-80.6808471679688,0.724322870455437,0.951753432927739
-80.4901123046875,0.390451918223364,2.84791551248917
-80.2993774414063,0.338433124017315,-0.240818265354033
-80.108642578125,3.13930255688741,0.92940587898913
-79.9179077148438,-0.200892273455982,1.31286992608405
-79.7271728515625,0.0858180005426217,1.56049824523589
-79.5364379882813,-0.0304156971687882,-0.197496118680017
-79.345703125,0.694744542117646,-0.19791618513822
-79.1549682617188,2.52487085163845,1.38023770361534
-78.9642333984375,-0.464348458393027,0.210912519759992
-78.7734985351563,1.90003628485756,0.92425152914114
-78.582763671875,2.70966481877921,1.15113073817458
-78.3920288085938,1.79953135305016,0.769870547716362
-78.2012939453125,-0.378771067852607,0.684618682005305
-78.0105590820313,1.00389420561864,1.52381776146772
-77.81982421875,1.13278430085115,0.542828668901516
-77.6290893554688,-0.176714637002382,1.14384107744004
-77.4383544921875,-0.452873247202922,0.197869635641939
-77.2476196289063,1.48014310479481,-0.366886455367981
-77.056884765625,1.76867698641807,0.509539672948837
-76.8661499023438,1.09808280728039,0.385789040151216
-76.6754150390625,0.873252630331299,0.00149679758222465
-76.4846801757813,1.2502137203626,2.68292838760956
-76.2939453125,1.73051120011952,0.195311647358897
-76.1032104492188,1.35892092476004,0.480515281962675
-75.9124755859375,0.266171177096927,1.00380543002125
-75.7217407226563,0.692212551109358,0.208047590537381
-75.531005859375,0.678637188813965,0.0423744603083187
-75.3402709960938,0.404921575967001,0.583340634049887
-75.1495361328125,2.21975138617615,1.01340576885215
-74.9588012695313,1.28030287332659,-0.229852987486925
-74.76806640625,1.71146619461359,-0.201653770425301
-74.5773315429688,0.641723948232066,-1.91787122745823
-74.3865966796875,0.237418894318421,1.12422605184305
-74.1958618164063,-1.17270467055891,1.58363947272862
-74.005126953125,0.632373930126285,1.44157274320939
-73.8143920898438,-0.452916820523417,0.472715671669839
-73.6236572265625,0.498753224495368,-0.988236419191345
-73.4329223632813,0.259287037488519,1.07164522552066
-73.2421875,0.43921220908272,0.225601655744813
-73.0514526367188,0.311020463107719,0.536470489837776
-72.8607177734375,1.05084967174104,2.42712439214541
-72.6699829101563,-0.816942573983435,-0.97118853821692
-72.479248046875,0.755270357161537,0.675443655708328
-72.2885131835938,0.587519508467426,1.89977729055381
-72.0977783203125,0.707570529304773,0.911181175461963
-71.9070434570313,2.46319286248745,-0.415024236866861
-71.71630859375,0.0253651201084819,0.542248314191469
-71.5255737304688,-0.365953242159742,1.92367822591985
-71.3348388671875,-0.661218272717764,0.644176261248371
-71.1441040039063,-0.0146695234436691,1.37284879312876
-70.953369140625,-0.158510714173843,-0.904225813373471
-70.7626342773438,0.625703082005462,-1.27479019909989
-70.5718994140625,0.509357562119568,0.466662682088123
-70.3811645507813,1.29519498161296,0.717158620316198
-70.1904296875,1.163120457091,1.12899648639506
-69.9996948242188,-1.10483239595691,1.12977785616196
-69.8089599609375,0.076861834473214,0.449985862309586
-69.6182250976563,1.28651141279322,0.00589049459509883
-69.427490234375,1.13270744964172,0.956910581322908
-69.2367553710938,1.0144199120648,-0.174505439990252
-69.0460205078125,0.376048433792844,1.5039562280711
-68.8552856445313,0.785283677114153,1.03370011532711
-68.66455078125,2.71721911640256,-0.95916703859041
-68.4738159179688,0.735166533308971,0.265160310067049
-68.2830810546875,0.281061469595848,-1.18890220668359
-68.0923461914063,0.823009010614992,-0.378392305392385
-67.901611328125,1.16959100381327,-0.661448549383167
-67.7108764648438,1.76889295558812,-0.509714273320427
-67.5201416015625,1.71734001867638,0.53510969285059
-67.3294067382813,-1.72714556260475,1.26321902451893
-67.138671875,0.108284628222381,0.426283859155654
-66.9479370117188,1.09374019047685,0.834232752448936
-66.7572021484375,1.41345637824019,0.661896477529886
-66.5664672851563,-0.819211731657834,-0.804333302603131
-66.375732421875,0.52912347772165,2.38935260225081
-66.1849975585938,-0.208769683957569,-0.130455139055645
-65.9942626953125,1.37931199357924,1.05265835129994
-65.8035278320313,1.5793192775107,-0.259730505447804
-65.61279296875,0.985308477228962,1.14474092484971
-65.4220581054688,-0.21158303117596,0.282822043663939
-65.2313232421875,0.466845132224721,-0.00162500450514844
-65.0405883789063,0.839262574194376,2.17076613030923
-64.849853515625,1.89101985294488,-1.39479176069277
-64.6591186523438,-0.948755746583407,-0.13678824155958
-64.4683837890625,-0.71700069241601,-1.31234443064915
-64.2776489257813,0.454809541550013,-0.141435609392318
-64.0869140625,1.62834243809873,1.39904143938862
-63.8961791992188,-0.185508509261237,1.138480670568
-63.7054443359375,0.127681568196726,-0.122324355776177
-63.5147094726563,0.897684370098716,1.16802156887709
-63.323974609375,1.31189228211573,0.203194205130383
-63.1332397460938,-0.542548243221125,0.832190747604874
-62.9425048828125,0.324406233104665,-0.277283541761273
-62.7517700195313,2.22250775552356,1.58930856328102
-62.56103515625,0.918521724187043,-0.403489052195711
-62.3703002929688,0.718807221490124,1.85429216097288
-62.1795654296875,1.34022837892358,1.24423582171208
-61.9888305664063,0.318498153260635,-1.33022001003055
-61.798095703125,-0.367960102941276,0.994693974167207
-61.6073608398438,2.88259988952206,0.922324478757289
-61.4166259765625,0.766513012500877,1.39685437939037
-61.2258911132813,-0.794286466008302,-0.708808504189626
-61.03515625,0.79613539877922,-0.263165078331208
-60.8444213867188,-0.517994132437302,1.26204833920016
-60.6536865234375,0.803616502980294,0.174473615443188
-60.4629516601563,0.912088486883875,-0.458645486958519
-60.272216796875,0.408236901381623,-0.225307931924811
-60.0814819335938,0.535799867737107,0.950748612695454
-59.8907470703125,0.236275325533631,1.1394492382675
-59.7000122070313,-0.0867536638474322,1.13751308553563
-59.50927734375,1.16091334390656,-1.41039059501916
-59.3185424804688,0.210438398995759,1.3074312918288
-59.1278076171875,0.687831146752488,1.29188388029788
-58.9370727539063,0.300516231352269,0.515127017865588
-58.746337890625,1.29741956232278,-0.422507393408739
-58.5556030273438,-1.15524932678936,3.25318940950941
-58.3648681640625,-0.363078349671367,0.359437108524272
-58.1741333007813,-0.246391029024533,-0.479764258916979
-57.9833984375,0.667318765957705,0.310918088559636
-57.7926635742188,3.01285235278527,0.414380460935392
-57.6019287109375,0.377243032328366,-0.310637488090636
-57.4111938476563,1.03905118066027,1.65185722018471
-57.220458984375,1.0255406165248,-0.536051273272384
-57.0297241210938,1.76314261536361,0.442337386510093
-56.8389892578125,-0.563120883571372,0.280841758708383
-56.6482543945313,1.08271899825127,2.17867052676401
-56.45751953125,0.814584787814845,1.04102736323118
-56.2667846679688,1.18323835529511,0.332576284130488
-56.0760498046875,-0.469157088723824,-1.2213423527445
-55.8853149414063,1.43745829188992,-0.0997339334064852
-55.694580078125,0.543547774188584,0.181528640137068
-55.5038452148438,-0.759648193784437,-0.905533174252944
-55.3131103515625,0.604520263120329,1.78705807355244
-55.1223754882813,-0.379338570726453,0.0803825488406294
-54.931640625,-0.185855423020678,1.05299108011088
-54.7409057617188,-0.294728698059572,0.319538770835686
-54.5501708984375,-0.448643922468872,0.699523387743084
-54.3594360351563,-0.236987950156582,0.316068384048765
-54.168701171875,0.264840688538255,0.104538242606334
-53.9779663085938,1.15148449838337,1.28976656117769
-53.7872314453125,1.69896804126419,0.388070901369261
-53.5964965820313,-0.460248347525966,1.07872490677065
-53.40576171875,3.0593920136588,0.631762988714877
-53.2150268554688,1.75728928221681,-0.670212006598838
-53.0242919921875,-0.884095417209234,0.243173982033104
-52.8335571289063,0.960537027269,1.08149395019543
-52.642822265625,0.816695543889909,1.03771559085076
-52.4520874023438,-0.544576026878435,0.0893804006855912
-52.2613525390625,-1.01670313679086,1.17069528619836
-52.0706176757813,1.32884654742144,0.536266614087225
-51.8798828125,0.453919395539164,0.441385742090043
-51.6891479492188,0.525660707138826,1.60974152759145
-51.4984130859375,-0.324033465280954,1.05832969548351
-51.3076782226563,2.9621596321591,-0.0353603643478716
-51.116943359375,1.1264811848002,0.140771086041752
-50.9262084960938,0.528855361805306,0.910521197044876
-50.7354736328125,-0.192653441692661,0.317455071185703
-50.5447387695313,0.492163292311669,0.165324548619855
-50.35400390625,0.473750441593754,-0.0498121860283689
-50.1632690429688,0.335260011282724,0.923784393763366
-49.9725341796875,-0.976522869131172,1.57439567290721
-49.7817993164063,-1.24295124737924,0.413225363653075
-49.591064453125,1.41750713048903,1.08453943484318
-49.4003295898438,1.56199588787518,-0.658706433260961
-49.2095947265625,-0.670616178927657,0.513508183080059
-49.0188598632813,-0.413249958682779,1.86248757301782
-48.828125,0.385134765298129,0.00819439694440185
-48.6373901367188,0.88443123684253,-1.10397843961515
-48.4466552734375,-0.902115363045458,0.147267899069146
-48.2559204101563,0.371643787345023,0.376027637145086
-48.065185546875,-0.185880033042097,1.69716782310137
-47.8744506835938,0.604475308153926,0.346443422422938
-47.6837158203125,2.06719308618543,0.358523358666067
-47.4929809570313,0.465078063995024,0.0353867481117189
-47.30224609375,1.51199671498534,0.590339946903691
-47.1115112304688,0.523804401160426,0.785331986229883
-46.9207763671875,0.524934626521844,0.162836124398091
-46.7300415039063,1.45087052087138,-0.439899111651587
-46.539306640625,0.816653017897337,-0.267030132715
-46.3485717773438,0.436596741996837,1.18475028151998
-46.1578369140625,-0.627887098979262,0.0497772404313368
-45.9671020507813,0.232926610313254,1.36821972773314
-45.7763671875,1.470994371822,1.00623590615106
-45.5856323242188,0.244530214465949,0.663466389230309
-45.3948974609375,1.44206690163866,0.267834939896516
-45.2041625976563,0.0581253502110235,-0.822331743064818
-45.013427734375,-0.107874668607176,0.929336086939545
-44.8226928710938,0.500126904883326,1.82428723272989
-44.6319580078125,0.0745398384047445,0.889730259583964
-44.4412231445313,1.19892720966369,1.07958944816279
-44.25048828125,0.595307456047706,-0.888347208853615
-44.0597534179688,-0.704485354321681,1.5443821725702
-43.8690185546875,-0.237344901306802,0.132087226752772
-43.6782836914063,1.47708090853386,0.233653327313959
-43.487548828125,-0.799012082498194,0.541951594467624
-43.2968139648438,2.10586479814745,1.33999526925002
-43.1060791015625,1.74469701329659,0.226547258958938
-42.9153442382813,-0.789106410067921,0.64794732224845
-42.724609375,-0.775515076200777,0.581775536313397
-42.5338745117188,0.228428209424858,0.590057031438132
-42.3431396484375,0.242784616300916,0.41659524876237
-42.1524047851563,1.56072795265935,1.0917779537608
-41.961669921875,2.14295551293966,-0.750877389274297
-41.7709350585938,1.53787540629095,0.895251788135689
-41.5802001953125,-0.362754606541363,0.25364529627503
-41.3894653320313,3.10456972172666,-0.691106005389802
-41.19873046875,0.350509554811525,0.967341825404847
-41.0079956054688,0.184637724014739,0.0638810251424271
-40.8172607421875,0.917433426986651,-1.19279967327925
-40.6265258789063,0.416969256143263,0.0264004968531258
-40.435791015625,-0.00841793212056563,0.579941742967082
-40.2450561523438,1.65406859524014,-0.821770269575063
-40.0543212890625,0.666006727471356,-0.717315187403955
-39.8635864257813,-1.27620762996725,0.809507477539271
-39.6728515625,1.15217982805889,3.04681146772907
-39.4821166992188,1.18809094408167,1.57933802856675
-39.2913818359375,-0.78729514199815,1.77715080056757
-39.1006469726563,-0.163540507452479,0.455300896575912
-38.909912109375,0.352544344311554,1.66204111721324
-38.7191772460938,1.81481669554774,2.27858259355759
-38.5284423828125,1.74786291142599,-1.08985221057042
-38.3377075195313,1.26073194183721,0.457593857391355
-38.14697265625,0.846739128567211,1.73595852970005
-37.9562377929688,1.81246250557029,0.76051930795977
-37.7655029296875,0.385614659506078,0.174454904859013
-37.5747680664063,0.707917352503155,2.88871219885414
-37.384033203125,1.21792804049096,-0.0623745246495877
-37.1932983398438,0.198004012525261,1.30936311093873
-37.0025634765625,0.91833181663462,1.87411930127442
-36.8118286132813,0.146998933381546,0.763970955945356
-36.62109375,0.27770583496927,0.901272566440114
-36.4303588867188,0.249529516167683,1.02461513737346
-36.2396240234375,0.928719049965021,-0.263320072719958
-36.0488891601563,1.11824287372505,-0.353025399354476
-35.858154296875,0.995822416851534,0.810709562132859
-35.6674194335938,0.319590707033147,0.46039655475723
-35.4766845703125,-0.0363553409640775,0.223703834746763
-35.2859497070313,-0.370492534980279,-0.0890139796608344
-35.09521484375,-0.780656311175124,1.38021208629358
-34.9044799804688,0.896921030301607,0.104390374198469
-34.7137451171875,1.92405197162806,0.910966614510598
-34.5230102539063,0.149489978694117,-1.60093239224182
-34.332275390625,2.59665114417405,0.924996075878413
-34.1415405273438,1.94695199904526,2.0180275400087
-33.9508056640625,1.94002562591747,1.24321138417751
-33.7600708007813,0.74712509539511,1.86744411051215
-33.5693359375,1.19056027079364,0.815532370939664
-33.3786010742188,-1.02879919981583,0.630449758424561
-33.1878662109375,-0.160131778042856,1.10764276429838
-32.9971313476563,0.687071083873742,-0.37969287358913
-32.806396484375,-0.341161414530801,-1.31605779730056
-32.6156616210938,-0.669122257556986,-0.497845518303998
-32.4249267578125,0.386471146623716,-1.25728433354911
-32.2341918945313,-0.106306953202963,-0.128780462276192
-32.04345703125,2.23190268251126,0.731132447400762
-31.8527221679688,1.57367039878238,0.904076622006181
-31.6619873046875,1.35011502231661,-0.632569720762235
-31.4712524414063,0.926785931511588,1.72181620502432
-31.280517578125,0.281019860309299,1.62729150257895
-31.0897827148438,0.297197903172995,0.924562447500376
-30.8990478515625,1.27585270976522,0.37089730177309
-30.7083129882813,-0.724931759618116,-0.0629966124920286
-30.517578125,-0.301149450311385,1.19997257867396
-30.3268432617188,0.711355886444682,-0.810174991503828
-30.1361083984375,-0.046000406934155,-0.288051070834042
-29.9453735351563,0.150782760802906,1.53207721179135
-29.754638671875,-0.428223266350108,2.53626671184501
-29.5639038085938,1.39402774935943,1.06409127040194
-29.3731689453125,-0.350289831828147,0.597031030501898
-29.1824340820313,0.516226322523971,-0.304254772136928
-28.99169921875,-0.377491050400896,-0.835629829982042
-28.8009643554688,0.547107255511389,0.827499368061966
-28.6102294921875,-0.768129329880425,-0.607689473183989
-28.4194946289063,-0.0206643225568284,1.64765686094053
-28.228759765625,0.174924028623891,-0.208887824187815
-28.0380249023438,-0.0737637111151914,-0.494344457001329
-27.8472900390625,0.534563941694973,-1.44579419267686
-27.6565551757813,2.21876511830333,0.114865733629456
-27.4658203125,-0.333656521512006,1.53691074006156
-27.2750854492188,2.51198418904017,-0.293810683751172
-27.0843505859375,0.790093832303465,3.02481851148885
-26.8936157226563,0.43320852113827,0.874189857616396
-26.702880859375,1.79146998993804,0.0148385195377541
-26.5121459960938,0.701767080198782,1.4220499076027
-26.3214111328125,-0.768758529863883,0.606264247232625
-26.1306762695313,0.672361023276491,1.14719454367658
-25.93994140625,-0.11553479700295,-0.947472041099295
-25.7492065429688,0.999986131843027,-0.716264431187557
-25.5584716796875,-0.391861267542369,-0.0224168088681445
-25.3677368164063,2.78233708320495,1.71764233720106
-25.177001953125,1.11358759993955,0.130256051750562
-24.9862670898438,1.25529823783881,-1.13065430000947
-24.7955322265625,1.37252930469357,0.136102755270746
-24.6047973632813,1.55520581977836,0.965606960017826
-24.4140625,1.62851233567368,0.715698538605334
-24.2233276367188,0.0190713711328926,-0.111518119334706
-24.0325927734375,0.726077138750514,1.12902414503674
-23.8418579101563,1.7684440761949,0.767243727265315
-23.651123046875,1.99467159095321,-0.325917707174548
-23.4603881835938,1.00928372434118,0.752853708068557
-23.2696533203125,0.186281863188843,1.45710141379536
-23.0789184570313,0.52414475022808,1.13841506459503
-22.88818359375,0.194029111390124,2.22324650800774
-22.6974487304688,1.92697112052168,0.000626987335181156
-22.5067138671875,0.356546705157263,0.77850220564495
-22.3159790039063,1.38947233642353,1.75563823428166
-22.125244140625,1.05685785182434,0.912223974976389
-21.9345092773438,-1.35746684013858,1.45178831725468
-21.7437744140625,0.208175355832344,1.27307572987189
-21.5530395507813,1.06291219589785,-0.327495143535267
-21.3623046875,-0.0750950379552748,-0.0939639331545612
-21.1715698242188,0.810619021471092,1.2071702967322
-20.9808349609375,0.555680896507052,-0.621229377011039
-20.7901000976563,0.809715977343603,1.16466115735857
-20.599365234375,-0.714428948034583,-0.110826077849229
-20.4086303710938,-1.58070020239603,-0.135782970796618
-20.2178955078125,0.564034093904467,1.27212186413235
-20.0271606445313,2.0853134837873,0.307931373026825
-19.83642578125,0.172012503463797,1.1072176307113
-19.6456909179688,1.15495305591493,-0.500527406315241
-19.4549560546875,0.936946707639108,0.384531958116037
-19.2642211914063,0.400551376765564,0.561508519324845
-19.073486328125,1.23699539593137,-0.422314764072799
-18.8827514648438,1.13209728610923,0.477750936117936
-18.6920166015625,-1.16940795936564,0.213301043750998
-18.5012817382813,0.290994821444526,-0.0960440637261309
-18.310546875,0.121350267578744,0.532466065532669
-18.1198120117188,-0.766984994870446,1.3602944581601
-17.9290771484375,0.759968481825233,0.781271534789657
-17.7383422851563,0.540632513331539,1.06724672942546
-17.547607421875,0.955587229328401,1.40181131115566
-17.3568725585938,1.4979213812914,-0.910273817851166
-17.1661376953125,0.279583486447871,0.987310122426218
-16.9754028320313,-0.538727881230127,1.65562603386449
-16.78466796875,1.44002193712297,0.488803092663928
-16.5939331054688,2.20534933280313,0.587492689517585
-16.4031982421875,-0.833032510636374,0.675982948142989
-16.2124633789063,0.841887365001308,0.728889753955932
-16.021728515625,0.570555838960438,0.41010453393242
-15.8309936523438,-0.419524144372321,0.406762089340086
-15.6402587890625,1.50641526171817,-0.467656274765644
-15.4495239257813,0.436645382814223,0.801454121668946
-15.2587890625,0.647982933201079,0.255072183991322
-15.0680541992188,0.728659910952958,-0.431188170612114
-14.8773193359375,2.00619542030935,1.02978892618204
-14.6865844726563,0.848125345738501,2.09576910129553
-14.495849609375,0.853206510321633,2.3743447306248
-14.3051147460938,1.21647859872267,-0.184112547224255
-14.1143798828125,0.96865701448818,1.0383467069632
-13.9236450195313,0.392800412911509,1.43705462953974
-13.73291015625,1.96748562875637,0.624026994983725
-13.5421752929688,-0.389880996939186,-0.049179541381705
-13.3514404296875,0.00629202535654561,1.09698370898162
-13.1607055664063,1.66633582411108,0.0882690902759625
-12.969970703125,0.25176259123688,1.20306910150348
-12.7792358398438,2.57004057505031,-0.213932504904438
-12.5885009765625,1.79991919615613,0.900959181077288
-12.3977661132813,0.630839793333288,1.48913367209018
-12.20703125,0.910843571505783,0.25564488443662
-12.0162963867188,2.38829522848885,0.556543034737444
-11.8255615234375,0.667311605207139,0.579336200850657
-11.6348266601563,1.09946338599821,0.165290007655666
-11.444091796875,1.54689415741464,0.182560881530685
-11.2533569335938,-0.81229520639583,0.31019035252389
-11.0626220703125,1.49109241559593,-0.907656617707678
-10.8718872070313,1.41163612206438,1.6667510649953
-10.68115234375,0.845994377135787,0.358476452252936
-10.4904174804688,0.905548410765296,-0.109297986581722
-10.2996826171875,1.08668930399923,1.84607217078223
-10.1089477539063,0.124653119662622,1.58890844084524
-9.918212890625,1.10636381436399,0.984118657788743
-9.72747802734375,0.59587062846861,2.95112941681963
-9.5367431640625,0.969406698363637,0.284919227447521
-9.34600830078125,1.52690111000275,0.092346269234504
-9.1552734375,1.06993872249468,0.762886740975415
-8.96453857421875,1.4882780146544,-0.14875987356648
-8.7738037109375,1.74060520881766,1.33709335793138
-8.58306884765625,-0.378661817113922,-1.45990947820782
-8.392333984375,1.38881156078116,0.674701115308592
-8.20159912109375,1.44895440903547,0.874127471111535
-8.0108642578125,0.250230149200273,-0.613705598943861
-7.82012939453125,0.0248604568480522,-0.0364234499223196
-7.62939453125,1.3444085061482,1.21710884954666
-7.43865966796875,0.592559810982976,2.1786936970211
-7.2479248046875,1.47218643084393,1.55872228567298
-7.05718994140625,1.51083857336731,0.720295403909261
-6.866455078125,1.31652998810313,0.83287595145106
-6.67572021484375,1.48066851383219,-0.086872900847212
-6.4849853515625,-0.404432399735929,0.574977645280324
-6.29425048828125,1.29495744308759,-0.160870285759928
-6.103515625,-0.33670323877741,-0.887517591785494
-5.91278076171875,2.42287642352912,0.177281523603576
-5.7220458984375,1.58186950632493,0.541063862769913
-5.53131103515625,2.27256572422794,0.0899469388026056
-5.340576171875,-0.299407421884826,-0.223147150946296
-5.14984130859375,0.0155180420680847,0.890637017045313
-4.9591064453125,-0.0177254866806247,1.00005554558144
-4.76837158203125,1.80953981430558,0.76898369055447
-4.57763671875,0.571365211156056,-0.605093083809549
-4.38690185546875,-0.30785339746665,-0.377865350604353
-4.1961669921875,1.65483389703331,0.157251561297414
-4.00543212890625,-0.560217534372416,-0.0517560438966725
-3.814697265625,-0.730891985525812,-0.350861298563998
-3.62396240234375,1.80662155346926,-0.561863068262256
-3.4332275390625,-0.388705049949505,0.057753217489791
-3.24249267578125,0.115026059050321,-0.950975772178014
-3.0517578125,1.44656862338409,-0.102441369203758
-2.86102294921875,0.522957303422833,1.63294356684427
-2.6702880859375,0.615144154241062,1.15168336781055
-2.47955322265625,3.17723762516982,-0.327315603042382
-2.288818359375,0.499266326388722,0.420994107558381
-2.09808349609375,0.875671549451486,0.716582769269418
-1.9073486328125,0.660602987230553,-0.154617887825572
-1.71661376953125,1.22939462021589,-1.14538032518165
-1.52587890625,0.722378760812032,0.124284745427438
-1.33514404296875,-0.317988133462667,-0.801998166204693
-1.1444091796875,0.707793429243812,0.316520901987961
-0.95367431640625,1.80116027543434,-0.0605107348750442
-0.762939453125,0.66188654668646,0.676292281947587
-0.57220458984375,1.68928618569461,-1.15940213409949
-0.3814697265625,1.89784750875876,0.618469793307992
-0.19073486328125,0.805836879811341,0.0527563785020516
0,0.781594060414914,0.820034746891023
0.19073486328125,1.5613996825583,1.19679975270244
0.3814697265625,1.60875683665602,-0.473742430561559
0.57220458984375,-0.835320885642322,-0.165722555818032
0.762939453125,0.893131870479235,0.749165778444256
0.95367431640625,1.97148876509973,-0.140681273946856
1.1444091796875,2.10376369783417,0.93878147291857
1.33514404296875,1.2760068455934,0.284041237422368
1.52587890625,0.519145391458907,-0.0317765381832012
1.71661376953125,-0.00382705940383794,-0.204855885887262
1.9073486328125,0.375734657430904,0.863775883681915
2.09808349609375,1.12701731711079,0.66809347817824
2.288818359375,1.98909990764757,-1.02893318544514
2.47955322265625,-0.319248963324682,-0.995764073390093
2.6702880859375,1.37977164280811,-1.81933763619084
2.86102294921875,0.950464819497086,-0.785888499390434
3.0517578125,0.557322413965177,1.20952922414579
3.24249267578125,0.190601813211968,-0.116713030783791
3.4332275390625,0.247822636510625,1.20386339731102
3.62396240234375,0.137807046012835,-1.03846292395638
3.814697265625,0.905768821291208,0.17988712487138
4.00543212890625,-0.294329866173044,0.2013408699057
4.1961669921875,0.67719118583488,-1.0898867972628
4.38690185546875,1.39446117006401,1.5586713255403
4.57763671875,1.45609699302812,-0.160647729996429
4.76837158203125,-0.498429086294059,-1.59142191652672
4.9591064453125,0.527670012500313,0.0514754456780505
5.14984130859375,0.872595496758875,-0.250123132775978
5.340576171875,2.07141951474388,2.09020719530602
5.53131103515625,1.10370579670426,-0.557772646724307
5.7220458984375,0.209973287488513,0.452149989188451
5.91278076171875,-0.416301984515383,1.99878562554239
6.103515625,-1.04355195468961,-0.134165943061058
6.29425048828125,-0.220014969660847,1.95678305635491
6.4849853515625,-0.657544542501865,-0.647911863887748
6.67572021484375,-0.271075530647392,0.490747609022218
6.866455078125,1.86064606959693,-0.128729208358565
7.05718994140625,-0.183652237503406,0.67278315295847
7.2479248046875,1.41476108345004,0.469016010115262
7.43865966796875,-0.423330062884277,-0.46313093494571
7.62939453125,0.531713023189784,-0.0473051294162851
7.82012939453125,1.03269855086666,-0.123950481463282
8.0108642578125,2.38461638648749,0.657824482250753
8.20159912109375,0.945191884824937,0.446995231939875
8.392333984375,-1.26595944256936,1.05234317754172
8.58306884765625,1.03955055975517,0.307178183906379
8.7738037109375,-0.505551547337918,1.00284062824743
8.96453857421875,1.74715583586876,1.66931606260184
9.1552734375,1.48515622925268,1.15527371738436
9.34600830078125,-0.499638588359503,1.19765882873012
9.5367431640625,1.08512320157593,1.52179720840608
9.72747802734375,-0.604480041437052,-0.153480480960182
9.918212890625,0.367241968010194,-1.17697221383205
10.1089477539063,2.1074345744371,-0.68531672149753
10.2996826171875,1.83188495011956,-0.430662961824273
10.4904174804688,1.22244264091634,0.463729843470178
10.68115234375,-0.119316501757194,1.69729843835457
10.8718872070313,0.927487369611463,0.354405976221017
11.0626220703125,-0.254838757452457,-1.55361874294534
11.2533569335938,2.72843598767434,0.135462582650937
11.444091796875,1.72714567549963,0.255179709923753
11.6348266601563,0.869487433098114,-0.334312095775529
11.8255615234375,0.705873799232877,0.74356824579096
12.0162963867188,-1.24017912036565,1.43690227601722
12.20703125,0.418612314683992,0.608778888949815
12.3977661132813,0.637864033657767,0.0531997329403804
12.5885009765625,0.0696348280232041,1.0720731788953
12.7792358398438,-0.476594569176122,0.175228913716057
12.969970703125,-0.362827414491446,0.0872485836899414
13.1607055664063,-1.11283287567498,-0.24383924775743
13.3514404296875,0.909257672172631,-0.276691658741495
13.5421752929688,1.6293777987,1.55053986866941
13.73291015625,1.37428739694855,-0.0549572431453525
13.9236450195313,0.0838387221896433,-0.404511960243759
14.1143798828125,0.701592574532381,-0.433708641207608
14.3051147460938,0.677139417350697,-0.311693551889096
14.495849609375,1.19748061307665,1.8709920835818
14.6865844726563,1.19916939917865,0.306208370771972
14.8773193359375,0.112302466149125,-0.118676995434922
15.0680541992188,0.926962768090129,-0.697973079587252
15.2587890625,0.793511150238437,0.493141829870345
15.4495239257813,0.723706587587019,-0.389349248104791
15.6402587890625,-1.50027803597462,0.0505245723125758
15.8309936523438,0.617201671662132,1.1877072498374
16.021728515625,2.36276057632234,0.597022409812497
16.2124633789063,-0.341653801603429,1.01328461663373
16.4031982421875,0.530360085550066,0.245785372716602
16.5939331054688,2.43732334888576,1.61016767806124
16.78466796875,0.842021949341213,1.40527665751022
16.9754028320313,0.42656772167793,0.882170104164574
17.1661376953125,-0.0873216626373456,0.871409648088912
17.3568725585938,-0.070559862916527,0.533014551802659
17.547607421875,-0.152543125711567,0.290851241455913
17.7383422851563,1.39752978362454,2.09034348036987
17.9290771484375,0.837044016581516,0.690944786604565
18.1198120117188,2.0422912672852,0.125292231992554
18.310546875,1.50578498354974,-0.540515960435021
18.5012817382813,0.0749596103622009,1.19416621060163
18.6920166015625,1.22192424676848,-0.132114994519728
18.8827514648438,0.990157342096891,-1.27844135152171
19.073486328125,0.545056738094238,1.8040633616471
19.2642211914063,0.907857511018416,-1.08927020274435
19.4549560546875,0.253285387585615,1.25419867488687
19.6456909179688,1.64885795117941,0.486520134037317
19.83642578125,0.626849562338358,0.544830671110336
20.0271606445313,1.40720214739394,-0.979041696811126
20.2178955078125,0.482197186328988,-0.325937041856484
20.4086303710938,0.528935800062986,0.452339453818234
20.599365234375,0.270229364381667,-1.25270445516542
20.7901000976563,0.850081752101231,-0.109336285115155
20.9808349609375,0.862319177168724,0.0117941017661941
21.1715698242188,1.36335266294198,-0.0447564957210571
21.3623046875,2.08566505595499,1.16361686587074
21.5530395507813,-0.854992692298855,-0.593553116524672
21.7437744140625,1.05673203697526,-0.318073434469437
21.9345092773438,-1.47019663500498,-0.576447250085325
22.125244140625,-1.4107586447571,0.486392871504269
22.3159790039063,-0.00424581719160302,-0.812954091072629
22.5067138671875,-0.0752673995258013,-0.659103829165887
22.6974487304688,0.604796787341208,1.00646805095776
22.88818359375,0.316408477581996,-0.340198223882083
23.0789184570313,0.0228902421842081,0.198074985160464
23.2696533203125,0.82545989727953,0.368288278958839
23.4603881835938,1.76477853475978,-1.53100347759235
23.651123046875,2.46871578339656,0.894931388368253
23.8418579101563,0.793399749019331,-0.701381821557436
24.0325927734375,1.10299943228352,2.13376245811352
24.2233276367188,-0.977034670905815,0.696490563073045
24.4140625,1.90800445050454,0.82389941865749
24.6047973632813,3.00171091740186,-0.485003395176896
24.7955322265625,-0.791448543568121,-1.10558115681434
24.9862670898438,1.21401400043719,-1.50587271367326
25.177001953125,1.55930928178411,-0.227817728086859
25.3677368164063,-0.00473435679091379,-1.23675360222104
25.5584716796875,-0.181532598624805,0.216193665479605
25.7492065429688,-0.943762470278133,0.150812250037363
25.93994140625,-0.186963185784665,1.10221345608752
26.1306762695313,0.385079516081411,-0.827286765753573
26.3214111328125,0.603542829886733,-0.20545852047688
26.5121459960938,-0.394600615619224,-0.296146348283992
26.702880859375,3.15192487660883,2.81057861760992
26.8936157226563,2.39062203757311,-0.857720226621314
27.0843505859375,0.90448273936614,1.14044984637422
27.2750854492188,0.0324648951310204,0.475438727903058
27.4658203125,-0.424581779064927,1.15751032756519
27.6565551757813,2.05062894710283,0.118476293375784
27.8472900390625,2.12517953576892,0.209786222395143
28.0380249023438,0.124938104895252,0.484416477508535
28.228759765625,0.45229776609474,0.217550836398622
28.4194946289063,-0.50748102046821,1.58872410427266
28.6102294921875,0.0559477119413744,1.95310263176891
28.8009643554688,0.03443477539075,0.715128088846648
28.99169921875,2.1090688706765,-0.500467610831987
29.1824340820313,-0.747398831911349,0.806925526604044
29.3731689453125,0.89299691985912,0.225437161584564
29.5639038085938,0.958005017942784,0.532456071527167
29.754638671875,1.26926443268075,0.430378562523502
29.9453735351563,0.308260518547054,-0.845380813985833
30.1361083984375,0.261904990069226,1.48197539311548
30.3268432617188,2.1989910883756,0.651114541408508
30.517578125,0.0389998750240419,-1.32561755799776
30.7083129882813,1.38906758391447,-0.564838988686149
30.8990478515625,-0.611762571068885,-0.854195330596315
31.0897827148438,0.557292673798547,1.39186195996314
31.280517578125,-0.720619375827054,1.01392904698474
31.4712524414063,1.18062692686453,1.0650487754709
31.6619873046875,2.27483441072849,0.36334859692494
31.8527221679688,0.878436266742721,1.91270475110193
32.04345703125,0.700397273379124,0.302322042044068
32.2341918945313,1.4069414440167,0.26942358379498
32.4249267578125,-0.431212572773316,1.30211462726166
32.6156616210938,0.401327789523309,1.03504699336419
32.806396484375,0.232239837586459,-1.1523694900891
32.9971313476563,-0.203577841374124,0.675633643845149
33.1878662109375,1.28118002224252,-1.2077459210788
33.3786010742188,-1.28400662822611,-1.40872741154998
33.5693359375,-0.00644334031798235,0.929866873643346
33.7600708007813,0.433273341932697,0.828809016431473
33.9508056640625,0.606366571779458,-0.99209191995889
34.1415405273438,-0.515264454946245,-0.335503829393203
34.332275390625,-0.52126123373479,0.445763437518725
34.5230102539063,0.658789819546244,0.612764282332825
34.7137451171875,1.94144169138157,-0.316823490522217
34.9044799804688,1.8979070114025,1.26475749361108
35.09521484375,1.39700910515462,-1.00208847994209
35.2859497070313,0.453211235313315,-0.31921143043412
35.4766845703125,0.255403750230131,0.884190251839345
35.6674194335938,0.119879564694286,0.122820264436488
35.858154296875,-0.116748883103918,-0.821762630146942
36.0488891601563,1.46288798043827,0.620813504553415
36.2396240234375,1.52841502038782,-0.0771965820957429
36.4303588867188,0.231553315206923,-0.127049676526043
36.62109375,1.19402027121487,0.23359986165645
36.8118286132813,1.27711209988658,0.414106095340633
37.0025634765625,-1.67884109865096,-0.461683990792501
37.1932983398438,0.55951510987501,-1.17996692199916
37.384033203125,0.871509251504638,-0.432459154711357
37.5747680664063,1.42406320951971,1.00447920208978
37.7655029296875,1.01737675386261,0.610822384867458
37.9562377929688,0.685132808786152,-0.205659518334608
38.14697265625,-0.305661010534735,-0.0113493387144717
38.3377075195313,-0.649238034347498,-0.288594581403974
38.5284423828125,-0.20271162245732,-0.378778729872079
38.7191772460938,0.746922318575898,0.303038705120375
38.909912109375,0.478780424212543,-0.544419016561737
39.1006469726563,-0.691011916983101,-0.0593812202712994
39.2913818359375,0.568762864636245,-1.25737741276999
39.4821166992188,0.18005556998899,0.790343972970516
39.6728515625,1.79005650834432,-0.215852973494924
39.8635864257813,-0.384937823328743,0.348689194354232
40.0543212890625,-0.0920136973279384,0.329656709231691
40.2450561523438,-0.136201870149099,1.25887022942779
40.435791015625,-0.76336043769397,0.345066084404877
40.6265258789063,0.261017133481281,0.485683197641706
40.8172607421875,-0.333184831601616,2.20059206425175
41.0079956054688,1.36844442943173,1.98645440906321
41.19873046875,-0.489870855397127,-0.150895554122382
41.3894653320313,1.13419637779912,1.04260617999173
41.5802001953125,0.355505906202535,0.75465558851064
41.7709350585938,1.14474239878697,1.95431846482822
41.961669921875,1.30225306914456,-0.550054994723226
42.1524047851563,0.376607350899985,1.41648775731238
42.3431396484375,-0.756840308115411,0.245932896960566
42.5338745117188,-0.955927472322027,0.0656725593351027
42.724609375,1.53011789970748,-0.141193758381087
42.9153442382813,1.50578268701683,0.685273034976411
43.1060791015625,0.278161586012462,0.107831151502174
43.2968139648438,-0.302046497064161,-0.548299667426956
43.487548828125,2.54938305332046,-0.726865872414608
43.6782836914063,-0.600876915071584,0.834953565066133
43.8690185546875,-0.614521681230364,1.76096630624028
44.0597534179688,0.979135914756948,-0.421870245911288
44.25048828125,0.616208347571543,0.199361668101128
44.4412231445313,1.38408926483524,1.67745512470919
44.6319580078125,0.42975668312575,-0.932777532931402
44.8226928710938,-0.476883934233598,-1.54569727098115
45.013427734375,1.06948641162405,-0.122523093288963
45.2041625976563,-0.576434921836511,1.59958380082321
45.3948974609375,1.68251873432864,1.35630701465977
45.5856323242188,0.406238127449985,0.26056142404959
45.7763671875,-0.184853618062541,0.564385329645182
45.9671020507813,1.32054980983084,0.532298350895074
46.1578369140625,-1.1574092348849,0.251899635628757
46.3485717773438,0.487374727661465,0.402172486060336
46.539306640625,1.30516945084409,0.312132266935022
46.7300415039063,-0.0818558402021143,0.717083660086981
46.9207763671875,0.324568741280582,-0.645667909150567
47.1115112304688,0.437538855711588,0.384386905806146
47.30224609375,-0.278367739214061,-1.28941501012419
47.4929809570313,-1.18226709490563,-0.628655384251049
47.6837158203125,0.831557055757866,1.24149424758108
47.8744506835938,2.57630846254953,-1.36359475191532
48.065185546875,-0.801463223752109,-0.252674597440497
48.2559204101563,0.700964075964728,1.08272811732739
48.4466552734375,-0.110622976239399,1.63924791976774
48.6373901367188,0.082513436678053,0.696029442185969
48.828125,1.95489449026806,0.923491594532269
49.0188598632813,1.50369817384453,0.0522017369881853
49.2095947265625,1.35336892582101,0.0748349142593568
49.4003295898438,2.61100613836944,0.682164937919888
49.591064453125,0.719917821456205,1.01472315434656
49.7817993164063,1.34014275978009,0.360056485646511
49.9725341796875,3.23531858760098,1.28365247914996
50.1632690429688,0.346328938744787,0.80102526843525
50.35400390625,1.05696889614116,1.16099458528122
50.5447387695313,0.940981230380265,-2.01407978957049
50.7354736328125,1.63697632604623,0.494680884084482
50.9262084960938,0.0249888190708397,0.290134009864755
51.116943359375,0.890664904639399,-0.492526273199142
51.3076782226563,0.0918813575306903,-0.862541584463999
51.4984130859375,0.406973988261729,0.860537989118922
51.6891479492188,0.67687808819911,1.50393612955464
51.8798828125,0.859566033870968,1.14890032280371
52.0706176757813,0.926328127070211,1.1522240123726
52.2613525390625,0.500149963600353,0.147353193815796
52.4520874023438,-0.136009040577263,0.606462853746461
52.642822265625,-0.0772238931824989,0.43824764885843
52.8335571289063,-0.650061107886806,0.39740480451396
53.0242919921875,0.486244928995352,0.366572138750433
53.2150268554688,-0.863970626413376,-0.216551835266319
53.40576171875,0.729475288169509,-0.879453846825044
53.5964965820313,-1.35888128124775,0.0610602569567052
53.7872314453125,1.85484001097226,0.621211480051235
53.9779663085938,0.875377970280951,-0.379428451559518
54.168701171875,0.721436075555339,0.279678248998898
54.3594360351563,-0.58077245047659,1.38195984959865
54.5501708984375,0.554988481296306,0.607728949788557
54.7409057617188,0.864249747083649,0.612063493792478
54.931640625,0.340805175227075,0.667846769263172
55.1223754882813,-0.0880779919393042,0.896208176191461
55.3131103515625,0.929201812462082,0.102577619801417
55.5038452148438,-0.0349171352982855,0.889743313142377
55.694580078125,0.0905082241540324,1.03727730525842
55.8853149414063,2.48003832044949,-0.204937333686664
56.0760498046875,0.750066147967722,-1.95391756661623
56.2667846679688,-0.163574593061397,0.739031637537696
56.45751953125,0.258544930716877,1.02982580552021
56.6482543945313,0.294615650893024,0.396164952425589
56.8389892578125,0.952181122851377,1.78658332333362
57.0297241210938,1.84219863938104,0.156321166645888
57.220458984375,-0.0630388996417862,0.454789584146964
57.4111938476563,0.591433193526595,0.166184349389797
57.6019287109375,-1.13564272247329,0.591256972142569
57.7926635742188,0.14307754337748,-1.33730882172985
57.9833984375,0.631549506951776,-0.333296807786576
58.1741333007813,0.688672979666189,-1.18133375579321
58.3648681640625,0.257893270997297,1.39870006502886
58.5556030273438,-1.9512178043164,-1.55289003548896
58.746337890625,0.120597031413655,0.12999639670756
58.9370727539063,1.90954701497085,-0.212660607177664
59.1278076171875,1.16652442721234,1.1508604574852
59.3185424804688,0.990165146865611,1.05232419026146
59.50927734375,0.510025932339096,0.208989432705677
59.7000122070313,0.564835474629313,0.718484425788834
59.8907470703125,1.95923625621029,-1.99780209275501
60.0814819335938,-0.423343656634499,1.1965933781992
60.272216796875,0.857759948548899,2.06238685534586
60.4629516601563,1.22474703644455,-0.364627215619514
60.6536865234375,0.539132168387913,-1.10604867724867
60.8444213867188,-0.427468314905354,0.126840994229194
61.03515625,0.377894768008105,1.85614819445545
61.2258911132813,0.127031157213809,0.354928030908972
61.4166259765625,0.815554455391981,0.494789249039411
61.6073608398438,0.55195571786848,0.841432856677255
61.798095703125,1.17700203252404,1.16037625711061
61.9888305664063,1.65060884367689,0.152161611621034
62.1795654296875,0.674300102049444,0.239798847484166
62.3703002929688,0.562249360575771,-0.140547108577756
62.56103515625,0.595270509086061,0.00437642203213027
62.7517700195313,-0.448022890661294,-1.02687873632696
62.9425048828125,0.994000883626371,0.940603351269639
63.1332397460938,-0.361812576180801,-0.634425626476685
63.323974609375,-0.327833526206657,0.283263997703064
63.5147094726563,0.727816854434879,0.418321279302208
63.7054443359375,3.18430021751893,0.435460087363366
63.8961791992188,0.716925887935963,0.306866791938765
64.0869140625,-0.738746492355284,-0.45796469789545
64.2776489257813,1.72579229225613,1.84503317636362
64.4683837890625,-0.39184219214539,1.22154425610331
64.6591186523438,0.861326711470035,2.51900612952106
64.849853515625,-0.322708783233327,1.42468147127431
65.0405883789063,-0.142000135769167,1.54150317219025
65.2313232421875,-0.0496129658657967,-0.240316559245094
65.4220581054688,2.22214139086721,-0.255622355218785
65.61279296875,0.185340462250208,0.843460918208452
65.8035278320313,0.745938904773826,0.228526179125719
65.9942626953125,0.671283192209029,0.218668703110805
66.1849975585938,-0.190379174368067,-1.8547182409127
66.375732421875,2.62690668323905,-1.03199655957254
66.5664672851563,1.70809769294469,-0.885307818830591
66.7572021484375,-0.624623862820665,-1.14611009635121
66.9479370117188,-0.533781939863919,0.627245245891496
67.138671875,2.21584286835125,1.51944542238444
67.3294067382813,1.47639022643788,0.535052800697193
67.5201416015625,1.26832602905176,-0.570195216126815
67.7108764648438,0.93477161997141,1.07383797506035
67.901611328125,-0.569113381934717,-1.70424699954524
68.0923461914063,-0.66143053181201,1.36818782773605
68.2830810546875,-0.554686481925314,-0.698232484553878
68.4738159179688,0.516348250943678,-0.322561090715138
68.66455078125,1.12685532012373,0.0513728746120027
68.8552856445313,-0.191373521132646,0.0272562161392983
69.0460205078125,0.384443705530702,1.35439114569888
69.2367553710938,0.0474995077018992,0.255792693291005
69.427490234375,-0.53232454004806,2.06746851121876
69.6182250976563,0.197721930846479,0.266769295561024
69.8089599609375,0.961952103348686,0.53214452720436
69.9996948242188,1.00141685029252,0.0801405299776589
70.1904296875,1.67078621705105,-0.192808411711082
70.3811645507813,2.02403536592247,0.818228051990524
70.5718994140625,1.00144396333166,0.283415431414978
70.7626342773438,0.19951869121142,0.0244931602099375
70.953369140625,-0.847854903565341,-0.824392405799414
71.1441040039063,-0.818860212842115,0.329520424318943
71.3348388671875,0.848545572155384,0.515711239917114
71.5255737304688,0.401488588465214,-0.182914393688709
71.71630859375,1.02630495022403,-0.00129049324796588
71.9070434570313,1.23344043026917,-0.844948055632165
72.0977783203125,0.161393096765919,1.14725695910032
72.2885131835938,1.14882777561764,-0.547959617653789
72.479248046875,-0.0639148095507892,0.0611079248403541
72.6699829101563,-0.777575701506447,1.22909447747017
72.8607177734375,-0.13852629433767,0.6372448669477
73.0514526367188,-0.809062039434084,0.832926352769258
73.2421875,1.21731341425714,-0.69472949192774
73.4329223632813,0.188041632266938,0.579094298088834
73.6236572265625,0.713131020930209,-0.00435368366749181
73.8143920898438,-0.316878426262667,-0.510439892143759
74.005126953125,-0.0839027962727107,1.30852318560963
74.1958618164063,0.25070426379028,0.562227308243507
74.3865966796875,1.24955923244258,-0.101666746211945
74.5773315429688,-0.0171514472781119,0.0312653849689069
74.76806640625,1.67612547149164,-0.615911633503512
74.9588012695313,1.71608356224193,-0.746617531008502
75.1495361328125,-0.896283378214256,0.952005944205247
75.3402709960938,-1.29088388188978,0.293368707590194
75.531005859375,-0.230097215408229,-0.292979517838214
75.7217407226563,-0.976631491394012,1.19690493667976
75.9124755859375,1.14981132460125,1.89074274619639
76.1032104492188,0.742769372113915,-1.11438055836006
76.2939453125,0.753723279827134,2.29044386733572
76.4846801757813,0.0731237968754573,-2.159469343474
76.6754150390625,1.63365526234865,1.09357212904849
76.8661499023438,0.667746482261842,0.920084017915942
77.056884765625,1.15616056394426,1.18603110369731
77.2476196289063,-1.04530370358808,0.0188073098743622
77.4383544921875,0.526924415111974,0.0937752612337302
77.6290893554688,0.242564917375616,-0.0913227407219524
77.81982421875,-0.332368233169306,0.654610853110037
78.0105590820313,-0.64847607468008,1.43788365713019
78.2012939453125,0.228074350344287,1.70983668484789
78.3920288085938,1.0864100953135,-0.0761953561036122
78.582763671875,0.809022878259336,0.324111093593337
78.7734985351563,0.849906345430436,1.68271217448698
78.9642333984375,-0.669238821808361,-0.21886014257254
79.1549682617188,1.96780690222828,-1.90018607100821
79.345703125,-0.729268032161085,1.49332286608648
79.5364379882813,1.90244386856486,-0.801841710657121
79.7271728515625,2.29438287773574,0.981560756706904
79.9179077148438,0.385532374912891,0.781981014120159
80.108642578125,0.751939612021864,0.862892531893697
80.2993774414063,0.589524627481772,0.227220495384257
80.4901123046875,0.871293872811175,1.31454287236454
80.6808471679688,0.459980020798546,0.293312554482552
80.87158203125,1.36617275305856,-0.358691804014475
81.0623168945313,-0.64018370243862,-0.0879184465683549
81.2530517578125,-0.419986889984654,-0.561436241800594
81.4437866210938,0.548799997706814,0.0447429298210113
81.634521484375,0.740601726121947,1.31566836125116
81.8252563476563,-0.193300498286862,1.20320550394665
82.0159912109375,-0.502819578686413,1.43621919527551
82.2067260742188,1.49722793116307,0.478393361160361
82.3974609375,1.54048144151155,0.751942535673812
82.5881958007813,1.9237054463909,0.343599165893003
82.7789306640625,-0.406723090493229,-1.32420352722105
82.9696655273438,1.85690416054,-0.00775021421419378
83.160400390625,-0.114150336651696,0.298194310427003
83.3511352539063,0.685789117410244,2.26491116178495
83.5418701171875,-0.99068242853745,1.65510351196427
83.7326049804688,0.61895673698917,-1.27457790260182
83.92333984375,1.21699250307307,0.707487986647315
84.1140747070313,1.2294677014734,-0.323815630794467
84.3048095703125,2.22956918262158,0.318347357605064
84.4955444335938,-1.41215381896345,0.856875640497538
84.686279296875,0.106857741095882,0.754158800298994
84.8770141601563,0.308928059568483,0.184750332529429
85.0677490234375,0.744622404231105,-0.740085895812751
85.2584838867188,-0.383068147744233,1.29751823370032
85.44921875,0.455259438477326,-0.185599468142925
85.6399536132813,0.508912686582813,1.7017949341551
85.8306884765625,0.123089398978163,0.0400852681341892
86.0214233398438,0.575789179822503,1.5142668739967
86.212158203125,-0.0170695328335544,1.76208172478394
86.4028930664063,1.30378836043237,-0.146724829832181
86.5936279296875,0.553049059569934,0.427500417380701
86.7843627929688,-0.0843882403485064,-0.507039153579947
86.97509765625,0.231256229007392,-1.21328606857366
87.1658325195313,0.33745762934159,0.487237837970702
87.3565673828125,1.00401717307966,0.277171631276569
87.5473022460938,-0.17895645164826,0.838361115501814
87.738037109375,-0.888689881675924,0.863486729047542
87.9287719726563,1.2670773609258,1.88530351342295
88.1195068359375,-0.707208010690586,-0.2380137728692
88.3102416992188,-0.559985712668924,-0.997929080889442
88.5009765625,1.5076018797894,-0.157690880643853
88.6917114257813,-0.20430497869723,0.293015348701378
88.8824462890625,-0.16001277626807,-0.103118208941892
89.0731811523438,0.941624574345114,-1.25548975123913
89.263916015625,-0.0421313977646653,1.01243830875681
89.4546508789063,2.54366995402928,1.78512962691331
89.6453857421875,0.11616369839912,0.454444150307536
89.8361206054688,0.0128921072149533,0.346807672036565
90.02685546875,0.655285566299758,0.224348854877538
90.2175903320313,0.312850420107255,-0.818869009495007
90.4083251953125,-0.501390784398768,-0.403002843704077
90.5990600585938,-0.0056008864959225,0.536850559033462
90.789794921875,-1.31644217292381,-0.482451948971728
90.9805297851563,1.25880199487658,0.298108990680218
91.1712646484375,2.47110212785957,0.768605092391734
91.3619995117188,-0.259480593672863,0.676703923700224
91.552734375,2.14402263390636,-0.253635308628211
91.7434692382813,-2.06816052124046,-1.37143812312005
91.9342041015625,0.132999231996245,1.92885965492866
92.1249389648438,1.40185285116152,1.94650502139864
92.315673828125,-0.169778119135922,0.615128685389988
92.5064086914063,-1.1214211335552,0.915400367266289
92.6971435546875,1.44499751651183,0.28218225191684
92.8878784179688,1.13686438307401,-0.185956024802492
93.07861328125,0.902072718817103,0.991493849992467
93.2693481445313,-0.7524455749171,0.635636107819042
93.4600830078125,1.33256680704911,1.2705573231867
93.6508178710938,-0.48335444321888,-0.245102875046439
93.841552734375,1.31258295313878,0.644476941409846
94.0322875976563,2.27764560932236,2.09179226845101
94.2230224609375,0.733696267643896,0.411518404833992
94.4137573242188,0.403569945954116,1.88770825890508
94.6044921875,1.29788129833345,1.17547311237437
94.7952270507813,-0.509349542074056,0.493474806395361
94.9859619140625,0.410746252495809,2.76714587280943
95.1766967773438,0.0181706569075021,0.839572075124203
95.367431640625,-0.53235393095205,-0.415691292787706
95.5581665039063,2.07306729290126,0.0456317914460993
95.7489013671875,1.03229913427993,-0.605907666991219
95.9396362304688,1.40442006256758,-0.317335830899453
96.13037109375,0.738941970634831,-1.27678655444108
96.3211059570313,1.27052115335312,0.0405350042730152
96.5118408203125,1.08079592199386,0.29382599535653
96.7025756835938,1.4634059992778,0.772470678229273
96.893310546875,0.432757852533215,-0.236414070291531
97.0840454101563,1.22803194771506,1.5447973527918
97.2747802734375,0.962536181738305,0.0749041223520794
97.4655151367188,0.583555445640519,0.55376158691243
97.65625,0.216167302916741,0.267857101353031
97.8469848632813,1.35418416267045,-0.351077546068102
98.0377197265625,-0.48189844272836,0.813194632806205
98.2284545898438,0.442404596658404,0.550615118614807
98.419189453125,0.23545275497513,0.630366079505527
98.6099243164063,0.18684691418044,1.44983408216519
98.8006591796875,0.953772329643064,0.802139534315417
98.9913940429688,0.558878319046319,0.446794314992076
99.18212890625,1.92461091305742,0.204533565426037
99.3728637695313,1.17090629403534,2.35898453640895
99.5635986328125,0.466599834779412,-0.423353310388068
99.7543334960938,0.811558961914454,-0.930207688041888
99.945068359375,0.481260581600071,-0.105793650684129
