Fre(kHz),Re,Im
-99.945068359375,-1.2612823672237,-0.179746488241973,ZeroPoint:Tj,62,0.5
-99.7543334960938,0.222326707715426,0.939531619925209,Const.;stime,3.141592,6.4E-07
-99.5635986328125,-0.213076779192514,0.927537582192922,Fre.Range:Tau,-100:100,0.5
-99.3728637695313,-0.192058343136313,-0.311643856797883,FFTSize:DataSize:Firstpul,8192:8192,5E-07
-99.18212890625,-0.418629528300604,-0.169101590774096,1108F500,Freq.=141410000
-98.9913940429688,0.854129973902166,1.34671452682187
-98.8006591796875,0.403484787570169,1.09165113937802
-98.6099243164063,-1.31354102959199,1.07395133397996
-98.419189453125,-0.171753509198427,1.16857708725014
-98.2284545898438,-0.667142459532651,-0.328426452482225
-98.0377197265625,-0.29530098801539,0.979318604110706
-97.8469848632813,-1.29960147772876,0.879120100585932
-97.65625,-0.168305529821284,0.843333436272074
-97.4655151367188,-0.26163695961187,-0.649832782171245
-97.2747802734375,-0.555434823530882,1.08665189649213
-97.0840454101563,0.209596045221806,0.459555617167066
-96.893310546875,0.974007814471846,0.201622848531443
-96.7025756835938,0.0130577475380416,-0.40427809691325
-96.5118408203125,-1.02016259633213,0.824517171598977
-96.3211059570313,-0.624406521653056,2.3391418298979
-96.13037109375,0.109086983649047,1.32726363865071
-95.9396362304688,0.48394493192274,2.07080495092875
-95.7489013671875,-0.613312366461717,0.445657086071214
-95.5581665039063,-1.10805146950743,-0.192117925202627
-95.367431640625,0.991900135352551,1.62397028651166
-95.1766967773438,-0.822940258571617,0.525482112984769
-94.9859619140625,-0.146435468513587,1.10481694315586
-94.7952270507813,0.368001793698054,1.22483477853265
-94.6044921875,-0.025347001615837,-0.207812996708194
-94.4137573242188,-0.603862484315469,1.57987393786645
-94.2230224609375,-0.0155065015408032,0.588870738752472
-94.0322875976563,0.783084533639137,0.24622440386583
-93.841552734375,-1.47748070399064,-0.1316025965256
-93.6508178710938,1.28711998615076,-0.117106473518248
-93.4600830078125,-0.00868201507915857,0.700578513006842
-93.2693481445313,-0.580455833626739,2.00283529942841
-93.07861328125,-1.19338026033618,1.17185457456175
-92.8878784179688,-0.417835139737178,2.80178991317676
-92.6971435546875,0.103106290140892,-0.181082073494092
-92.5064086914063,0.155978375251774,0.556841176440129
-92.315673828125,-0.688191663832884,0.219481457891274
-92.1249389648438,0.332100540342954,-0.630389728494699
-91.9342041015625,-1.50290861638834,0.815669074688893
-91.7434692382813,-0.723318523306222,-0.570364886363459
-91.552734375,-1.00652327315842,1.29572406053926
-91.3619995117188,0.979016570008589,1.14083937558616
-91.1712646484375,-0.792428577577614,0.760806485751364
-90.9805297851563,1.38318967229662,0.869535892975497
-90.789794921875,-0.765813053942829,1.96082942243252
-90.5990600585938,-0.654845804110027,0.373249078756231
-90.4083251953125,-0.819481001225885,1.03837567858235
-90.2175903320313,0.806819927898693,0.274798768945214
-90.02685546875,-1.19908642509134,1.63585167546806
-89.8361206054688,-0.968910237557867,0.490178949382076
-89.6453857421875,-1.08424392059174,0.466903884261937
-89.4546508789063,-0.618932860476634,0.446763184214906
-89.263916015625,-0.665369628497913,1.05133034715836
-89.0731811523438,-0.951945520075496,1.8982175109264
-88.8824462890625,-0.80966851778086,1.09299484535881
-88.6917114257813,0.529702815413233,0.980614188212804
-88.5009765625,-1.09068358781706,1.26627548971401
-88.3102416992188,-1.56934353267951,1.03706567681738
-88.1195068359375,-1.50147684083366,1.90012727438796
-87.9287719726563,-0.504255749748303,1.86916346141762
-87.738037109375,0.479351937349649,0.712666394907051
-87.5473022460938,-0.745853021717595,0.278052035554455
-87.3565673828125,0.0642743211533743,0.83979394029099
-87.1658325195313,0.283821076953479,0.667507576914192
-86.97509765625,-0.976027721175909,0.120256725955083
-86.7843627929688,-0.235942448946024,0.585602337679949
-86.5936279296875,-0.418782242367589,2.08935675550808
-86.4028930664063,0.771521543015253,0.827607228697899
-86.212158203125,-2.21599650097781,2.52001687034616
-86.0214233398438,-0.711030431283716,1.31165125507536
-85.8306884765625,0.106295208658361,1.53233142736229
-85.6399536132813,0.105183425889022,0.284276091574209
-85.44921875,-0.616807285516275,1.89492466122447
-85.2584838867188,-0.870477533045167,0.97207142802323
-85.0677490234375,-0.371293621680428,0.692812437763461
-84.8770141601563,-0.194819204465055,1.26977309440875
-84.686279296875,-0.913758828720567,1.66165438021228
-84.4955444335938,-1.44239039345259,-0.193046364663671
-84.3048095703125,-1.46374625445095,2.74360322122579
-84.1140747070313,-0.842002597038706,-0.0681136848968792
-83.92333984375,-0.333849785153066,-0.0607301524920518
-83.7326049804688,0.125812694715735,1.11388411566396
-83.5418701171875,-0.805674477051774,1.06048425314783
-83.3511352539063,-0.564797306294612,1.55352566964864
-83.160400390625,0.198793850464723,2.31869707191303
-82.9696655273438,-0.70223013400316,1.90947127766829
-82.7789306640625,-0.137285512181143,0.490237486216286
-82.5881958007813,-0.395333598494509,1.5596140782441
-82.3974609375,0.202475501128195,0.480835341198525
-82.2067260742188,-0.306176974882532,0.636075348692161
-82.0159912109375,-1.07406298987853,0.0363836599668628
-81.8252563476563,0.292510311766769,1.4880308173898
-81.634521484375,-0.425169933736091,1.65680945464742
-81.4437866210938,0.289521666811281,1.42842642684591
-81.2530517578125,-0.916023760213669,2.13727273710823
-81.0623168945313,-1.62881904427738,-0.81553283747498
-80.87158203125,0.0824340225286407,0.497035142982167
-80.6808471679688,0.045243325581093,1.46057798054571
-80.4901123046875,0.207414174381891,0.930758748371768
-80.2993774414063,-0.467372250404349,0.969507622472832
-80.108642578125,-1.18029603553839,1.71430287319244
-79.9179077148438,1.87376465683469,0.116625394798156
-79.7271728515625,0.691458301999712,1.20233614110894
-79.5364379882813,0.112929103329266,1.42758946019247
-79.345703125,0.797986939686473,1.25907139462713
-79.1549682617188,-1.21574400682801,0.890269970154611
-78.9642333984375,-1.78736594930948,0.9529586848288
-78.7734985351563,0.0168870338261816,1.13163506466987
-78.582763671875,0.325934775542929,1.39694508799508
-78.3920288085938,-1.36152009984316,1.72095289001989
-78.2012939453125,1.58908167842657,-0.413303140361665
-78.0105590820313,0.12328091098464,1.00568657214386
-77.81982421875,-0.41040534128103,1.08981960560845
-77.6290893554688,-0.346225836680488,1.93510135032253
-77.4383544921875,0.419119513641817,1.443055401364
-77.2476196289063,-0.344782358734217,1.74658685382865
-77.056884765625,-0.766935001749792,0.296877521026693
-76.8661499023438,-0.0100929594041615,2.01457417950136
-76.6754150390625,-0.814571190409078,1.83375207873538
-76.4846801757813,-0.239069502187573,1.56571901745619
-76.2939453125,0.675149940950505,0.181307558984793
-76.1032104492188,-0.314465781302827,1.0585581020648
-75.9124755859375,-1.18025405111959,1.13074227823759
-75.7217407226563,-0.0346387428544371,1.46255947825004
-75.531005859375,-1.49935320558958,2.01066975117113
-75.3402709960938,-0.473526213763235,-0.473397880669905
-75.1495361328125,-1.41459990070888,1.78879365936446
-74.9588012695313,-0.026217140483921,2.37302177508604
-74.76806640625,-0.164124833953462,0.707610353067691
-74.5773315429688,0.216796254459998,0.73844473458235
-74.3865966796875,-0.248231579756663,1.45815741673329
-74.1958618164063,-2.05126807580666,1.37525478873008
-74.005126953125,-0.0963645080038958,1.56384594613517
-73.8143920898438,-0.629146270820039,1.79649088211885
-73.6236572265625,-0.823895868815937,1.65245490769645
-73.4329223632813,-0.897157138406216,0.616185629133708
-73.2421875,-0.566461090650805,2.01385676425211
-73.0514526367188,-0.582045339029847,0.395578005178709
-72.8607177734375,-0.595995411832243,0.662237041251446
-72.6699829101563,-0.18466041400282,0.447249173272514
-72.479248046875,0.85941798559132,1.16087880645978
-72.2885131835938,-0.79616142593537,0.503542100171856
-72.0977783203125,-0.0441083513634395,2.17937675612833
-71.9070434570313,2.33723338503008,1.27241686251993
-71.71630859375,-1.84974083484427,0.0154731232915732
-71.5255737304688,0.552448078251217,1.72888668514734
-71.3348388671875,0.62001607762364,2.54341883761849
-71.1441040039063,-0.164246734762436,1.59320220244899
-70.953369140625,-0.934574466714627,1.72669077227868
-70.7626342773438,0.221149343887877,0.331340008323365
-70.5718994140625,-0.378255699220486,1.704302097569
-70.3811645507813,-0.68607680784291,0.969746344350184
-70.1904296875,-0.0877655315763246,1.17055386163022
-69.9996948242188,1.24680866340739,1.31947074827297
-69.8089599609375,0.551369035340387,2.80697258613306
-69.6182250976563,-1.42312433662645,2.24115640105547
-69.427490234375,-0.681685471460354,2.86482535162886
-69.2367553710938,-0.338977535043236,2.10527266636816
-69.0460205078125,-0.424018075627369,0.835190162581585
-68.8552856445313,-0.430634816826588,1.30259572862396
-68.66455078125,-0.476586851791063,1.81419280410524
-68.4738159179688,2.13278578417798,1.50497902690669
-68.2830810546875,-0.797689385757834,1.21473063416013
-68.0923461914063,-0.471597401735405,1.18002859441439
-67.901611328125,-0.465776783782889,0.988043401197381
-67.7108764648438,-1.0399022162063,2.27748078951213
-67.5201416015625,0.391753138281175,1.73784130343211
-67.3294067382813,0.324411895703845,1.96412782147856
-67.138671875,-1.6686760294798,1.81478214383357
-66.9479370117188,0.299650209396313,2.63650817766576
-66.7572021484375,-2.01784831188883,1.29946413368603
-66.5664672851563,-0.906045744678726,0.184190531571085
-66.375732421875,1.05094627304334,3.36863059239388
-66.1849975585938,-1.41533388022956,1.53015023102937
-65.9942626953125,0.423471216713773,1.82215625264725
-65.8035278320313,-1.4397767731713,-0.51320988964724
-65.61279296875,0.739470636224949,1.78752241703121
-65.4220581054688,0.440945973822675,2.79433629093098
-65.2313232421875,-0.670985572177915,1.24470049293348
-65.0405883789063,-0.438520015908974,0.910540757182733
-64.849853515625,1.41599468894612,0.58523916908327
-64.6591186523438,-1.26779989025853,1.60470057360356
-64.4683837890625,-0.240682387012156,1.13505599376918
-64.2776489257813,-1.41882682612407,0.607194047454419
-64.0869140625,-2.02818910731152,1.08405550366131
-63.8961791992188,0.610062942254132,1.53928012883035
-63.7054443359375,0.0379980914849062,1.88573084771719
-63.5147094726563,0.317196839493059,2.2166266677346
-63.323974609375,0.260697766433025,2.73339783894675
-63.1332397460938,0.0878525373554787,1.82737282873213
-62.9425048828125,-0.865432665053523,2.37474192921794
-62.7517700195313,0.0173318030961244,1.75186422941422
-62.56103515625,-0.640057741893213,2.22397983702823
-62.3703002929688,0.636221883208777,1.74491439868579
-62.1795654296875,-1.29739260035104,2.16032018292947
-61.9888305664063,-1.27281788978872,1.20641831959911
-61.798095703125,0.217191107037313,1.56753776011899
-61.6073608398438,-2.31343470299604,1.43933805420104
-61.4166259765625,-0.152801849014841,2.3649301751121
-61.2258911132813,0.235441205047209,0.17152693029536
-61.03515625,0.453292536964992,1.60577531524344
-60.8444213867188,1.3058432992879,2.31580824693312
-60.6536865234375,-0.726367020768417,2.21387645243914
-60.4629516601563,0.574595453047728,1.85639483765817
-60.272216796875,1.10013960804033,0.907557857279152
-60.0814819335938,-0.679824763911815,0.707941034089016
-59.8907470703125,0.909356591447361,1.55515534591692
-59.7000122070313,-0.245482937544203,2.3049655551451
-59.50927734375,-0.0584029593866178,1.91550109764563
-59.3185424804688,0.385489817112719,1.27691821133317
-59.1278076171875,-0.748784599158104,0.826794938552471
-58.9370727539063,-0.294220561067605,-0.438939026852344
-58.746337890625,-1.95798941720845,1.10168368218088
-58.5556030273438,0.948211880886231,1.47300067974349
-58.3648681640625,0.193295559808664,1.11284650638562
-58.1741333007813,-0.84627259134207,1.97921076668514
-57.9833984375,-0.0776773824007559,1.05095752639003
-57.7926635742188,0.186335739573246,2.34984070977841
-57.6019287109375,0.824924590714559,1.93831823219661
-57.4111938476563,1.17484787459309,2.10547566342088
-57.220458984375,-0.787043959509799,1.81351833277057
-57.0297241210938,-0.617550838523358,0.37886517736352
-56.8389892578125,0.00984712537455097,1.23960276095429
-56.6482543945313,-0.210290175292025,1.97551664728249
-56.45751953125,-2.06749934039577,1.75872374343831
-56.2667846679688,-1.00584282447762,0.576425387940116
-56.0760498046875,1.43230951919812,2.18817333521526
-55.8853149414063,0.236316361987416,1.36379600092919
-55.694580078125,-0.562091532550869,2.20227902640965
-55.5038452148438,0.217650448407289,2.24033173324958
-55.3131103515625,0.926349255549216,2.61158916846497
-55.1223754882813,0.343948409486799,1.6919238381392
-54.931640625,0.0610755663780319,2.96938663785474
-54.7409057617188,0.382317604817702,0.75706855742441
-54.5501708984375,0.535091837815128,1.13508647069369
-54.3594360351563,0.0512091213419218,3.42477376635637
-54.168701171875,-0.0685230816691052,1.57177983361441
-53.9779663085938,-0.811805977338798,2.55863731037525
-53.7872314453125,0.892523897376025,1.78493953069284
-53.5964965820313,0.354563017657573,1.93032310285557
-53.40576171875,0.788478088828218,0.42150175133004
-53.2150268554688,1.41349537202079,1.49753460208058
-53.0242919921875,1.19608617473096,1.17695673627457
-52.8335571289063,0.00334611104215071,2.58183799167068
-52.642822265625,0.429769558466951,0.51430837452729
-52.4520874023438,-0.796111537501564,2.54144443501772
-52.2613525390625,0.0387513882000246,1.32319218157898
-52.0706176757813,-0.217340403108009,0.736919738802951
-51.8798828125,-0.195469240913469,1.9998438848539
-51.6891479492188,-0.0733400190284615,1.15156937125245
-51.4984130859375,0.538516149945074,2.12221605440251
-51.3076782226563,0.00185414581257194,2.23353647815641
-51.116943359375,-1.10469557729519,2.05107787624639
-50.9262084960938,0.250230244710752,2.44369882470783
-50.7354736328125,0.0205366269276595,3.4823408462638
-50.5447387695313,-0.0213696825644371,1.5422401361908
-50.35400390625,0.896944750161892,1.09530874432396
-50.1632690429688,0.0882968290668645,0.904862643101573
-49.9725341796875,-0.123743179020494,1.14381479700308
-49.7817993164063,-0.566796962737005,2.70175035305464
-49.591064453125,-0.733672962433409,2.1978697932621
-49.4003295898438,-0.0931228687183179,1.86011407794683
-49.2095947265625,-1.32912909697339,0.971767648007734
-49.0188598632813,0.124161464963456,1.13511370584648
-48.828125,0.336465200907175,3.62777944581063
-48.6373901367188,-1.30491242863479,1.63043542589309
-48.4466552734375,0.313485884638499,2.42640156908225
-48.2559204101563,1.52110485475785,2.35580683113181
-48.065185546875,0.132979195436259,3.25457890904416
-47.8744506835938,-0.480723106124949,1.44642768551618
-47.6837158203125,-0.0542408303157374,3.04340704679346
-47.4929809570313,1.4059987996315,1.83673009578062
-47.30224609375,0.306328912218514,1.9994169178115
-47.1115112304688,1.29168004271089,2.08675010180415
-46.9207763671875,1.2569766885849,1.77218725470079
-46.7300415039063,-0.925688141511211,1.82580365894734
-46.539306640625,-1.27310962271428,1.24476709437073
-46.3485717773438,0.134165233251626,2.29700794076308
-46.1578369140625,-0.0166273010621812,2.81995596798574
-45.9671020507813,-0.576721778946324,3.21248311945677
-45.7763671875,-0.41575640367964,1.70799513266206
-45.5856323242188,-1.27526670071659,2.63765038033126
-45.3948974609375,1.07099011849922,1.69485968763852
-45.2041625976563,-0.543588552623541,2.22610180241258
-45.013427734375,-0.46876198130115,3.13240197486398
-44.8226928710938,-0.0863988112059999,2.79185096792904
-44.6319580078125,0.294533077839622,1.26285047449232
-44.4412231445313,1.76522925424785,1.6908852017439
-44.25048828125,-0.37120872668413,1.46441089719701
-44.0597534179688,1.37384998123403,1.93033071399211
-43.8690185546875,1.29619619775755,1.80218189521549
-43.6782836914063,0.8122856947858,1.25245160089194
-43.487548828125,0.510375159729211,2.51636751247029
-43.2968139648438,0.459683479667466,3.37370992096343
-43.1060791015625,0.773905957448977,0.513209565335265
-42.9153442382813,-0.552019388580083,2.75653253007518
-42.724609375,1.47373698555407,2.5700578095874
-42.5338745117188,1.07154831053964,2.70669177878488
-42.3431396484375,1.29068728891414,2.07645415875725
-42.1524047851563,0.0149193484057548,1.70226824987108
-41.961669921875,-0.931943791485823,2.52066829550747
-41.7709350585938,0.0723018042785937,3.03837408879329
-41.5802001953125,0.645590983806455,2.04133715193783
-41.3894653320313,0.611048504078136,0.870784358089098
-41.19873046875,-0.477769457913025,2.16425404539152
-41.0079956054688,-0.346166236300352,2.15415128810388
-40.8172607421875,1.17518366925324,1.56380286171932
-40.6265258789063,0.579613697194034,2.17843416015971
-40.435791015625,-0.271861924128234,1.66648377474533
-40.2450561523438,0.807866752591657,1.81936173464498
-40.0543212890625,0.59502194304554,1.42810477793368
-39.8635864257813,0.0655902844813151,2.4160728964575
-39.6728515625,1.72564408009051,2.12267501333176
-39.4821166992188,1.14834162296137,1.28511283755873
-39.2913818359375,0.598023590306306,0.934984499816736
-39.1006469726563,-0.0770749634147927,0.600392563499552
-38.909912109375,-0.918160771539315,1.1751230157232
-38.7191772460938,0.822287735586596,1.71488564137354
-38.5284423828125,0.986419971121311,2.2231494107578
-38.3377075195313,1.79555182611142,0.65794903423584
-38.14697265625,0.715296585431368,2.06521615759476
-37.9562377929688,0.0704469605931685,1.23335933987611
-37.7655029296875,0.16068973626092,1.92761203138223
-37.5747680664063,0.000335292693263119,1.76800736271372
-37.384033203125,0.171604110986924,1.18988946256702
-37.1932983398438,-0.444566738224077,2.65972568044043
-37.0025634765625,0.61609070099194,2.05237886647758
-36.8118286132813,-0.0801616538498489,2.00832724143617
-36.62109375,0.853489883528082,1.00316123874596
-36.4303588867188,0.148581875273525,2.94446567836965
-36.2396240234375,1.93418643971406,2.01670362420061
-36.0488891601563,0.443382885333083,1.33099095376937
-35.858154296875,0.420452236421137,1.79646790586693
-35.6674194335938,0.299076132082278,0.851226527670974
-35.4766845703125,0.26804141730573,1.82095989259558
-35.2859497070313,0.578896462683854,2.01291299393164
-35.09521484375,1.77491692221529,1.79180000644432
-34.9044799804688,0.800064177939148,1.66836212764066
-34.7137451171875,-1.15211478469842,2.28530114084968
-34.5230102539063,0.556372634035022,2.141236629641
-34.332275390625,0.763003561169603,0.806336659308235
-34.1415405273438,0.252885753743097,2.28754548296566
-33.9508056640625,-0.302916404302976,3.13607172321416
-33.7600708007813,0.00274359859247859,0.664821479930284
-33.5693359375,0.21929184240462,2.33233971133969
-33.3786010742188,0.667535378572346,1.86186151916288
-33.1878662109375,-1.2730130328731,1.97589940742351
-32.9971313476563,-0.0491691366785192,2.61588185460972
-32.806396484375,-0.662843270982988,2.23875388986732
-32.6156616210938,0.9556919428218,1.95474950358874
-32.4249267578125,-0.819554056717957,3.39117623127689
-32.2341918945313,1.55644197366866,3.55872217938864
-32.04345703125,0.812312591575234,1.1992485133377
-31.8527221679688,1.41983314420243,0.957579214371486
-31.6619873046875,0.944059790505218,2.43896303417779
-31.4712524414063,1.3259220087978,1.64807993163472
-31.280517578125,-0.695556925543085,2.53127025376724
-31.0897827148438,0.576051238982615,2.42600974019404
-30.8990478515625,0.303540757148109,1.63366951269132
-30.7083129882813,0.647580851910297,2.12043586555136
-30.517578125,0.266761223707524,1.82317185459261
-30.3268432617188,0.140098259523438,2.43679902788511
-30.1361083984375,1.18798595492201,2.02948415578629
-29.9453735351563,-1.21578201378196,2.04057102822278
-29.754638671875,1.36439656892463,2.56209888200079
-29.5639038085938,1.69732724187778,3.46124735551393
-29.3731689453125,-0.148539161842178,2.03733442429959
-29.1824340820313,-0.47305081145509,1.35700851761281
-28.99169921875,0.209590446443101,2.40670337290011
-28.8009643554688,1.21643585729963,3.37186345461917
-28.6102294921875,1.08168437766822,2.82792121722707
-28.4194946289063,0.044124415866672,2.20574149579053
-28.228759765625,0.31585892652277,2.61829847462758
-28.0380249023438,0.0892484967009023,2.95677779791008
-27.8472900390625,0.924514280510482,1.7453069595241
-27.6565551757813,0.314114571311854,0.878307596073086
-27.4658203125,1.09993805955741,2.02614716704267
-27.2750854492188,-1.68606633528647,2.89871006137196
-27.0843505859375,0.593889982588522,2.73239567176828
-26.8936157226563,0.794690212288748,1.77173874162904
-26.702880859375,1.7824897393095,3.4886229104061
-26.5121459960938,-0.0580125517551129,0.973861491321293
-26.3214111328125,-0.0560252639670305,2.42634528823644
-26.1306762695313,0.786299553758739,3.16580827850689
-25.93994140625,0.651689948180651,1.03618594069653
-25.7492065429688,-0.851587165439828,3.02690487831716
-25.5584716796875,0.0240206148642333,2.62249130543437
-25.3677368164063,0.760509175550106,1.69255768224966
-25.177001953125,1.1032692306598,2.63785010240589
-24.9862670898438,0.540809141498408,1.75838487412646
-24.7955322265625,0.473507714374732,1.83969588234537
-24.6047973632813,-0.661643309119538,3.37380807926126
-24.4140625,-0.755623596055135,3.30159982965867
-24.2233276367188,-0.239374358945148,2.98565258804754
-24.0325927734375,2.2049593094599,1.47586786241375
-23.8418579101563,0.0492130761831398,2.58541623905104
-23.651123046875,-0.154496273126612,4.17070769188872
-23.4603881835938,0.844520216886893,1.75030582709272
-23.2696533203125,-0.177530471009473,1.74579912356542
-23.0789184570313,0.114086121702219,2.82933842491518
-22.88818359375,-0.0123649956187441,3.26539619556081
-22.6974487304688,0.294621284796893,2.174711956298
-22.5067138671875,1.63721850088756,1.49258047391342
-22.3159790039063,-0.271712445287596,1.77924914526385
-22.125244140625,1.88722915672415,3.35054160430545
-21.9345092773438,-0.525920356377128,3.1086043473587
-21.7437744140625,0.484250118925996,2.29862139800187
-21.5530395507813,0.206396589871058,2.64520700753269
-21.3623046875,0.335376424639362,2.61447514087465
-21.1715698242188,0.470754793763298,2.58490018846675
-20.9808349609375,0.198701217251504,3.53891776859688
-20.7901000976563,0.109661881746179,2.38855441635711
-20.599365234375,0.13564233831287,1.48068893413075
-20.4086303710938,1.55267936137513,4.54618049618173
-20.2178955078125,2.56090680030335,3.57619664682739
-20.0271606445313,-0.330777775936074,1.88218740066029
-19.83642578125,0.880515781508018,1.57076036086246
-19.6456909179688,-0.0608430125583714,3.47330018162188
-19.4549560546875,0.805355901885617,2.60543628491632
-19.2642211914063,0.361999588310772,2.83231808703289
-19.073486328125,1.81553858613941,2.41263665761001
-18.8827514648438,1.40307592519816,2.71700236312735
-18.6920166015625,1.28224368089356,2.86018118705742
-18.5012817382813,1.58510462961575,2.17914605185158
-18.310546875,0.489422856601116,3.31112470432599
-18.1198120117188,1.06741396764684,3.27500920740258
-17.9290771484375,0.0677176876892152,3.50337852271658
-17.7383422851563,-0.0960367979048716,2.95317680557648
-17.547607421875,0.91323121009044,2.20740667215602
-17.3568725585938,1.34729185105684,3.04716073518594
-17.1661376953125,-0.675518113986289,2.29856225072104
-16.9754028320313,1.5979403188895,3.30456153687476
-16.78466796875,0.686129410717324,3.60437863177667
-16.5939331054688,0.197120416634047,4.57909090937048
-16.4031982421875,1.52206658100957,3.64226341912722
-16.2124633789063,0.429921066913161,2.63453103752665
-16.021728515625,0.890642361825733,2.66619354763564
-15.8309936523438,0.375229541594245,2.85390483527217
-15.6402587890625,-0.60065621365816,3.23131720509039
-15.4495239257813,1.71772982476244,2.97011721419672
-15.2587890625,1.20584943205856,3.203053078027
-15.0680541992188,0.360135152609917,3.38123565208375
-14.8773193359375,-1.22461079152407,3.12252024732019
-14.6865844726563,-0.0042743867456771,2.42500379746762
-14.495849609375,0.470907884281302,4.43663078607989
-14.3051147460938,-0.176038965135754,2.51274499812306
-14.1143798828125,0.166441612570364,3.10293132229422
-13.9236450195313,-0.156722429878839,3.54006429083893
-13.73291015625,0.998181336259722,3.82444206368237
-13.5421752929688,0.6575982510088,2.66350721397289
-13.3514404296875,1.5413929089036,3.30684963187486
-13.1607055664063,0.441760246894021,4.34112298799465
-12.969970703125,-0.0200185389766849,4.55519325541498
-12.7792358398438,-0.687930698964347,3.45961772327676
-12.5885009765625,-0.281529430615543,4.34131067510951
-12.3977661132813,1.82752679623655,4.39589892302124
-12.20703125,-0.223986201925524,4.5720096699469
-12.0162963867188,-0.296991456716669,4.57724635059736
-11.8255615234375,0.62815969683109,4.14705600423063
-11.6348266601563,1.05195010374792,4.12510115353705
-11.444091796875,0.334857069880883,4.91644939132049
-11.2533569335938,0.791159533074294,4.66157095300854
-11.0626220703125,-0.419937610383819,4.37159989753371
-10.8718872070313,0.842025902666704,4.31453269900905
-10.68115234375,-0.848359847975148,4.52040279300057
-10.4904174804688,0.728388872961255,3.50095918223049
-10.2996826171875,0.235215103431777,5.93736989059727
-10.1089477539063,-0.0322050044711375,4.81579878512081
-9.918212890625,-0.0337683725559516,4.22699757147854
-9.72747802734375,0.751348095116355,5.70568452406583
-9.5367431640625,1.25319662536222,4.75456220771048
-9.34600830078125,0.475284820723132,6.51783093234838
-9.1552734375,0.780384702051705,6.91584531091595
-8.96453857421875,0.776404830532855,7.24554762595031
-8.7738037109375,0.919215434543799,7.17203331471152
-8.58306884765625,1.39767727106088,6.25954513849961
-8.392333984375,-0.105973107162997,5.73036851686504
-8.20159912109375,0.433732756203052,7.49224033845183
-8.0108642578125,2.05362673019316,7.31112652852657
-7.82012939453125,1.78682033242123,7.03346170570321
-7.62939453125,2.55724260177307,6.70618552033835
-7.43865966796875,3.36850612635452,9.51060325153273
-7.2479248046875,1.87796162905943,8.51777462673328
-7.05718994140625,2.65083619086287,7.26880179993385
-6.866455078125,2.65079923545595,8.12823470016779
-6.67572021484375,3.63765154543302,7.8162963779702
-6.4849853515625,2.43589229719972,7.52416814403256
-6.29425048828125,4.55070405140255,8.79707886147618
-6.103515625,4.95241480343682,9.22927475275531
-5.91278076171875,6.28284632166278,8.90690499194124
-5.7220458984375,4.4408461619005,8.15825192023591
-5.53131103515625,7.60998318634541,7.83385917026556
-5.340576171875,4.88772880224424,8.38457592791569
-5.14984130859375,5.58851312500037,7.33191965613365
-4.9591064453125,6.65120717133061,8.2449671541916
-4.76837158203125,5.82716091092988,7.86350451321304
-4.57763671875,7.12626684275877,6.34106036475954
-4.38690185546875,7.09577535991916,7.22122427044134
-4.1961669921875,7.93725755273969,6.184471284887
-4.00543212890625,9.61729329202141,7.06802056233734
-3.814697265625,9.59094476042063,7.15308997389483
-3.62396240234375,9.52789819275357,7.25627307433855
-3.4332275390625,8.47320923723762,5.80485322580102
-3.24249267578125,11.1046443282307,5.6828654442867
-3.0517578125,9.72294303878786,6.90902198017817
-2.86102294921875,9.70901643536239,4.47012829915864
-2.6702880859375,11.4067937317331,5.2051661305279
-2.47955322265625,10.6777256873649,3.86874915096905
-2.288818359375,10.2284826285096,4.19029158902257
-2.09808349609375,8.61448040159828,4.67928290167111
-1.9073486328125,10.4200078481523,3.59829543556491
-1.71661376953125,10.7985879162927,4.14957712313292
-1.52587890625,9.81693822569825,2.97786060237267
-1.33514404296875,10.5949242497771,4.12400359283185
-1.1444091796875,9.81128948532309,3.28727078783355
-0.95367431640625,11.3394822162258,2.88893840685559
-0.762939453125,10.0236767806571,1.29268672631619
-0.57220458984375,10.7170340101177,1.96684686094061
-0.3814697265625,11.0897138770831,1.44641601675949
-0.19073486328125,10.7996769822488,2.11102194751521
0,10.3763286618255,2.48475731725913
0.19073486328125,11.10350519289,1.20755381961108
0.3814697265625,11.187230485064,-0.0978471260464469
0.57220458984375,11.3614599374832,0.399869319560272
0.762939453125,11.9356276037706,0.778277444558789
0.95367431640625,9.74494986546815,0.168006869201576
1.1444091796875,10.641512788393,-0.01568030962549
1.33514404296875,11.4033905821835,-2.09000310850869
1.52587890625,10.5242620170305,-1.28051388333479
1.71661376953125,10.0469739039445,-0.298268994360416
1.9073486328125,9.87111125973754,-1.02254711986659
2.09808349609375,9.97060611001772,-2.86824619072869
2.288818359375,9.74884456625329,-2.7702003924044
2.47955322265625,10.4362442962892,-2.85539339602283
2.6702880859375,9.81619615753383,-2.93069283007125
2.86102294921875,10.7284579291044,-3.01088330120686
3.0517578125,10.5201142118449,-3.84722649525555
3.24249267578125,9.53403923958439,-2.89667017877396
3.4332275390625,9.05426705383573,-2.85213865032891
3.62396240234375,8.04497805777517,-3.89518633942699
3.814697265625,8.69151809976004,-4.46480201640148
4.00543212890625,8.56946522427871,-4.47945592832035
4.1961669921875,7.34147862414471,-6.08007868574249
4.38690185546875,6.92088773753361,-6.10508230180242
4.57763671875,7.93180894370327,-6.61022463419403
4.76837158203125,6.08483423198517,-6.51223782746689
4.9591064453125,6.24472118342558,-5.9785866844787
5.14984130859375,7.33189098791882,-6.74919764571391
5.340576171875,6.67614838532247,-7.43344534356134
5.53131103515625,6.68202137139697,-4.02702756520716
5.7220458984375,5.26732608801645,-7.38414715766112
5.91278076171875,5.6766209408444,-5.08331516878131
6.103515625,5.90196597153454,-5.31026642269635
6.29425048828125,4.74304116467132,-6.35036059140109
6.4849853515625,4.49452914923176,-5.22124029556702
6.67572021484375,4.8932401912281,-7.94956376717158
6.866455078125,3.27770494771493,-5.23799374374351
7.05718994140625,2.20924103231365,-6.42562011738949
7.2479248046875,3.47104546687164,-5.49476796574336
7.43865966796875,3.62564312978662,-6.72920110492017
7.62939453125,3.00446121822538,-5.47727195129453
7.82012939453125,2.00831086807577,-5.35268827455963
8.0108642578125,2.44264896812057,-6.10345712744541
8.20159912109375,4.03435252286972,-3.86583520606027
8.392333984375,2.66105453482354,-5.82521479621739
8.58306884765625,1.80836073400276,-5.89189041577075
8.7738037109375,2.70869518075244,-4.74934685844707
8.96453857421875,1.80952069132187,-6.40671909919384
9.1552734375,4.3528059237578,-5.51209514000345
9.34600830078125,2.48509578569636,-4.69649771058305
9.5367431640625,1.92837448626522,-4.9142594869351
9.72747802734375,1.46878677361836,-3.58517910724091
9.918212890625,0.801814348722164,-3.67109936865162
10.1089477539063,1.84681303490883,-2.51239936670642
10.2996826171875,0.975117427793566,-3.622912066065
10.4904174804688,2.1646433066672,-3.2134729874844
10.68115234375,2.10882273480498,-4.0120058948899
10.8718872070313,1.65190487881675,-4.01604374771987
11.0626220703125,1.26114515422048,-3.63540736865969
11.2533569335938,1.38042837911707,-4.20141810531607
11.444091796875,0.680957818886882,-2.5759273328014
11.6348266601563,1.44866896675571,-2.71802663739871
11.8255615234375,1.88998179640272,-2.76116679460388
12.0162963867188,1.48450996589621,-2.96788396293962
12.20703125,2.38028773094106,-3.20737827580017
12.3977661132813,1.07593427780768,-3.6477463125826
12.5885009765625,0.829127643696162,-3.78632052560159
12.7792358398438,0.491143170205311,-3.25628157110549
12.969970703125,2.72989845487093,-3.90183798855246
13.1607055664063,-0.435927098160708,-2.98812771538771
13.3514404296875,1.97607490824566,-2.68976749139021
13.5421752929688,1.59282982136421,-1.92062811326046
13.73291015625,1.42713805657185,-2.76355676307556
13.9236450195313,1.45744860832266,-2.72231345170514
14.1143798828125,1.61501779995333,-2.13659530125393
14.3051147460938,0.515947819913447,-2.2745552987441
14.495849609375,2.49194194432245,-2.77971322599115
14.6865844726563,1.87477869141336,-2.99748927295316
14.8773193359375,0.448072447371374,-2.76590760622347
15.0680541992188,1.59588085107572,-2.20644236610534
15.2587890625,0.579087707715411,-3.03053918660256
15.4495239257813,0.575670893144709,-2.91768413399856
15.6402587890625,1.01084730957111,-1.72624346896548
15.8309936523438,0.476361576624988,-2.93432921832934
16.021728515625,1.94312159933704,-2.12259639743237
16.2124633789063,1.44792622247011,-2.76916092419252
16.4031982421875,-0.0512734657888369,-1.14660804679251
16.5939331054688,1.69251932157949,-3.61491031950088
16.78466796875,1.45860194187147,-2.29516705286083
16.9754028320313,1.36404848489837,-2.06434319224416
17.1661376953125,0.736119126260778,-2.00853219018205
17.3568725585938,1.38477377781331,-3.41946348652477
17.547607421875,1.27083691492276,-2.49039362860768
17.7383422851563,0.674499187270501,-3.09518188487149
17.9290771484375,0.01525260256867,-2.46374838173405
18.1198120117188,0.347095562158836,-1.39829443303745
18.310546875,-0.0783338036051926,-0.466722157540832
18.5012817382813,-0.182965141655046,-2.32227068275091
18.6920166015625,0.607506185929707,-0.905310855882195
18.8827514648438,0.744883441790211,-3.8007305200052
19.073486328125,0.632534486855836,-3.17365358701637
19.2642211914063,0.875688029638937,-1.4220960484298
19.4549560546875,-0.366494658946761,-1.8950924717685
19.6456909179688,1.39493540668331,-2.04459495463654
19.83642578125,2.32945549554192,-1.53251198672417
20.0271606445313,0.695331931764589,-1.80033825934048
20.2178955078125,0.876199152963541,-0.604916303884231
20.4086303710938,0.999179578703357,-0.972073200616428
20.599365234375,0.467764144952548,-1.55081500967526
20.7901000976563,0.940704758700621,-0.807703652527144
20.9808349609375,1.66699698751485,-1.89050722815829
21.1715698242188,0.0170367198782207,-2.88769267074271
21.3623046875,1.49942337948876,-2.35836456697757
21.5530395507813,0.123736592796969,-2.40848054259015
21.7437744140625,1.72642620063384,-2.5189082393234
21.9345092773438,1.52791256643599,-2.38041807988252
22.125244140625,1.20846666574789,-2.05715108939146
22.3159790039063,1.62829981536002,-1.53837868120876
22.5067138671875,-0.267349871214517,-1.47102960198783
22.6974487304688,1.05822807432317,-1.85878279754018
22.88818359375,0.139097936086767,-3.2315546218785
23.0789184570313,0.553796400346105,-2.48471960625919
23.2696533203125,-0.247268941187472,-2.85952746204715
23.4603881835938,0.820376714494933,-2.40902925201963
23.651123046875,2.83943544482334,-2.35209632103106
23.8418579101563,0.433689552396602,-1.13591794024735
24.0325927734375,-0.228033312577499,-0.39137174547467
24.2233276367188,0.885766019734708,-1.98514257735223
24.4140625,1.53744524887861,-1.99156047145169
24.6047973632813,0.483368259153541,-2.63493198879094
24.7955322265625,0.163906096843846,-1.03288618652978
24.9862670898438,0.166180608034924,-1.88601244711687
25.177001953125,2.0277378727159,-2.37151707130143
25.3677368164063,0.789581797393533,-2.31674978815957
25.5584716796875,-0.206964482399485,-2.06581379239369
25.7492065429688,-1.01830776306619,-2.10676935317155
25.93994140625,0.435589674758148,-1.4673604934612
26.1306762695313,-0.401656866553097,-2.15689033914913
26.3214111328125,1.64720564256619,-2.53113178382154
26.5121459960938,0.542629882371162,-0.667095301258831
26.702880859375,-0.116190649906383,-1.01802568524814
26.8936157226563,0.831675207401909,-0.942785929995091
27.0843505859375,-0.515133192224917,-2.09178661328333
27.2750854492188,-0.284442378248382,-2.54481171343459
27.4658203125,0.330435488579347,-1.16947963123886
27.6565551757813,-0.221755187931502,-0.106617358215422
27.8472900390625,0.888147243471608,-0.584029818388961
28.0380249023438,-0.13217387382787,-0.474836267979722
28.228759765625,0.577334022469864,-1.91178129617599
28.4194946289063,0.156942316567256,-1.32306818331776
28.6102294921875,1.53603726465739,-0.951741664127863
28.8009643554688,-0.287120934101921,-0.410420241508093
28.99169921875,0.855202795919579,-0.475289285194898
29.1824340820313,-0.0191661495356641,-0.633276499395982
29.3731689453125,0.111924423598083,-2.70183094554182
29.5639038085938,0.434313992447652,-0.828448401510483
29.754638671875,0.562741274835761,-2.11267902190077
29.9453735351563,-0.26584333283069,-1.88288506067606
30.1361083984375,0.986751187790333,-2.22714292215595
30.3268432617188,-0.477580362909009,-1.70498836295132
30.517578125,-0.461851425687343,-0.518267983098669
30.7083129882813,1.18965115812116,-0.029736960600321
30.8990478515625,-0.611903497805286,-1.63607622599459
31.0897827148438,0.627390127090445,-2.18529264503611
31.280517578125,-1.0694576014549,-1.67823238935512
31.4712524414063,0.219880270668814,-1.06853356605779
31.6619873046875,-0.110946429471153,-0.583492499647985
31.8527221679688,0.190773572054535,-1.35428220508323
32.04345703125,-0.436296388149939,-0.505158337087608
32.2341918945313,0.746800884728544,-1.47961304160391
32.4249267578125,-0.390380706190595,-1.54419203331819
32.6156616210938,-0.344740077287908,-1.63146684470982
32.806396484375,2.0049032047921,-0.528383569105032
32.9971313476563,0.601950156896967,-0.461458219677171
33.1878662109375,1.62695013993714,-0.565794334841244
33.3786010742188,-0.418110298643011,-1.45562440922474
33.5693359375,0.158926285672098,-1.14365077239801
33.7600708007813,-0.24431561078316,-0.711627263036909
33.9508056640625,0.155783382855419,-1.4664361661099
34.1415405273438,0.343868735602686,-0.737323223964095
34.332275390625,-0.422298381460366,-1.92646222287804
34.5230102539063,-0.27946631992096,-1.25158614287729
34.7137451171875,1.02014679899436,-0.470443161451081
34.9044799804688,-0.603511333133761,-1.5122342870179
35.09521484375,-0.601761512530721,0.457591798244355
35.2859497070313,0.178651410073108,-2.36043221374917
35.4766845703125,0.202721899226078,-1.40997917759587
35.6674194335938,1.05013518274247,-1.12869074628878
35.858154296875,0.0096169300687108,-1.87494509787246
36.0488891601563,0.573125826003577,-1.40717303495899
36.2396240234375,-0.383407619543689,-0.689959268792365
36.4303588867188,-0.772534898186457,-2.48622341765555
36.62109375,0.109538608728191,-1.37513654266636
36.8118286132813,-0.07472515334217,-0.909221794227251
37.0025634765625,0.0364018139183645,-0.0737303134989317
37.1932983398438,0.00541098463348237,-1.43835261379447
37.384033203125,1.40041023487308,-0.740663417571478
37.5747680664063,2.18199520868067,-0.0982959751818706
37.7655029296875,-1.09636371653355,-1.03402352578708
37.9562377929688,0.0464224721952113,-1.79883009271793
38.14697265625,0.736506940479889,-2.85773409785409
38.3377075195313,0.390252152853419,-1.66569004757989
38.5284423828125,0.819637288208734,-0.567033209102892
38.7191772460938,1.21962089523523,-1.71792164593851
38.909912109375,0.0336129318663693,-0.457098044227275
39.1006469726563,-1.65393761882782,-0.827054287536729
39.2913818359375,0.715022504967575,-1.25256409186828
39.4821166992188,-0.486504771229904,-1.03755816241436
39.6728515625,0.0821990477537345,-2.09207368949483
39.8635864257813,0.133316218445394,-1.34530021374722
40.0543212890625,-0.458237864215077,-2.02519481863415
40.2450561523438,0.951928825844405,-0.0206109448671031
40.435791015625,-0.534537468845953,-0.414338185697406
40.6265258789063,-0.666890247613282,-1.5021771105911
40.8172607421875,0.477232233063627,-1.07375435683794
41.0079956054688,-0.177166730942997,-1.92440131524588
41.19873046875,-0.251732497987885,-0.648748839430831
41.3894653320313,0.217878854040389,-0.568749303117699
41.5802001953125,-0.0706822341282105,-0.690499732253913
41.7709350585938,1.16411700828164,-1.56824413912891
41.961669921875,0.520916172349768,-1.48253155534131
42.1524047851563,-0.186870880790694,-0.107894766303544
42.3431396484375,-0.363287372940477,-1.22313958391892
42.5338745117188,0.258254346592724,0.0342355772285062
42.724609375,0.447906097682939,-0.491893398277304
42.9153442382813,-0.716842283968849,-1.87945940939599
43.1060791015625,0.411787224246367,-1.2680894755966
43.2968139648438,-0.0535220013772794,-1.2523948558039
43.487548828125,1.09367754500936,-0.317835554573153
43.6782836914063,0.247838515273827,0.296189051856993
43.8690185546875,0.131567258014274,-0.64999146887837
44.0597534179688,-0.417189964270959,0.0269737586755505
44.25048828125,-1.03356832633737,-0.783898729114051
44.4412231445313,-1.2627402311775,-0.170209170526308
44.6319580078125,0.223602863228154,-0.777904366634244
44.8226928710938,0.0597790438743515,-1.53039518563266
45.013427734375,-0.339767703088021,-1.05839432809592
45.2041625976563,-0.320370264031347,-1.39099379526236
45.3948974609375,-0.469357762677055,-0.330520629520206
45.5856323242188,0.263636022052006,-0.338171044681617
45.7763671875,-0.516013315741876,-1.44200665978634
45.9671020507813,0.313586829470287,-1.03143913331641
46.1578369140625,-0.788953531445945,-0.652873757902635
46.3485717773438,0.0581021489101822,-0.64222510320698
46.539306640625,0.14298836451644,0.458525175249025
46.7300415039063,-0.941338056673046,-0.121277944355816
46.9207763671875,0.168261981174774,-0.602943263372994
47.1115112304688,-0.524622885413745,-0.819525560273248
47.30224609375,-0.634219629219131,-1.3549643393118
47.4929809570313,-0.152634483710059,-0.116874566915031
47.6837158203125,0.72096595210687,-0.505278940610471
47.8744506835938,-1.27791662981399,-0.181861982725785
48.065185546875,-1.48793598681131,0.851881972826336
48.2559204101563,-1.40908965152935,-0.30311117843737
48.4466552734375,-1.10514657511235,-0.721008227284495
48.6373901367188,0.300406647315494,0.457106650041399
48.828125,0.969721190950763,0.886829942694308
49.0188598632813,0.332586724266281,-0.904722842702289
49.2095947265625,-1.57755708175636,-0.280987366039336
49.4003295898438,-1.11319678489084,-0.581080163194845
49.591064453125,-0.80115082463416,-1.9433080657394
49.7817993164063,-0.718068756176791,-0.745581209586755
49.9725341796875,-1.07476158666755,0.561170230832003
50.1632690429688,-0.337810512759526,-1.0150537327586
50.35400390625,-0.872572528654335,0.820613747974012
50.5447387695313,0.481884007072862,-1.78992459357552
50.7354736328125,-0.622861948949001,0.343549901453758
50.9262084960938,-0.396967757491497,-0.351704940776208
51.116943359375,0.244383909113085,-0.76116738395209
51.3076782226563,-0.439058696931864,0.437245866319313
51.4984130859375,-0.895579441180344,-1.1962272316709
51.6891479492188,0.00332063443714466,-1.02832530157208
51.8798828125,-0.810799425009782,-0.041779317589648
52.0706176757813,-0.136646441304469,-0.741444019523694
52.2613525390625,-0.229249059495853,-0.764316452531991
52.4520874023438,0.595417216349279,-1.12982791511957
52.642822265625,0.640365311087743,-0.968849754514914
52.8335571289063,0.43028706351417,-0.414791583479534
53.0242919921875,0.0170377518539213,0.9954600873493
53.2150268554688,-1.14798576244747,-0.527509704975303
53.40576171875,0.492286235076965,-0.664511413729051
53.5964965820313,0.246814684598937,0.840955109388069
53.7872314453125,-0.693821376665256,-1.8693180731316
53.9779663085938,0.100646259110483,0.124925585279978
54.168701171875,-0.127203630526679,-0.431260663059525
54.3594360351563,-0.956567235816527,-1.00601901408548
54.5501708984375,-1.82898760156541,-0.412748284471204
54.7409057617188,-0.651147733437218,0.799280600506379
54.931640625,0.397938281665259,0.481830763897318
55.1223754882813,-0.572879912338099,0.513904241548917
55.3131103515625,-0.833323779495835,-1.28072964700031
55.5038452148438,0.241589892372392,0.177223863195699
55.694580078125,0.276551909116414,-0.275466789323988
55.8853149414063,-1.26040570964133,-1.60381876088827
56.0760498046875,0.346662948359388,-0.285332366327064
56.2667846679688,-0.932443033937993,0.376012272172836
56.45751953125,0.307087890537541,-1.81864347531946
56.6482543945313,1.30755833491804,-1.70929794602198
56.8389892578125,1.06715048955216,0.591786154896267
57.0297241210938,0.481806959972701,-0.136461797575213
57.220458984375,-0.595316435621561,0.806340244379469
57.4111938476563,0.266936624552736,-0.14305470746645
57.6019287109375,1.29801545458119,-0.280277068397203
57.7926635742188,-1.47272107009321,0.576228744613344
57.9833984375,0.347032540501821,0.992893433618923
58.1741333007813,0.162197040124633,0.5192285929041
58.3648681640625,0.4402876150277,0.468464260633676
58.5556030273438,-1.99966660036278,-0.767232806313723
58.746337890625,-0.600107422277402,0.242183131245611
58.9370727539063,0.140223071784103,-1.34967383095456
59.1278076171875,-0.901069159735254,0.51511044774745
59.3185424804688,-0.749387145847376,-0.591153617032959
59.50927734375,-0.577100497902079,1.18921540226118
59.7000122070313,0.116871190768484,0.0661317859732082
59.8907470703125,-0.316406414771881,-0.27841214270575
60.0814819335938,0.50758774074468,0.0103570341927149
60.272216796875,-0.879913455995965,-1.11404823736996
60.4629516601563,-0.633981111355232,0.0133594526673362
60.6536865234375,0.609907393386249,0.606042585331427
60.8444213867188,-0.756517620554663,1.14754401820513
61.03515625,0.70717858948911,-0.786782659718575
61.2258911132813,0.201581475803229,0.139839230183742
61.4166259765625,0.107451561384601,-0.099474601710262
61.6073608398438,-0.568562663286055,-1.65527315256124
61.798095703125,-0.708193720353085,-0.373105590141404
61.9888305664063,0.576207689524547,1.20435524251377
62.1795654296875,-0.533948968790322,-0.561535737789199
62.3703002929688,-0.58386733378405,-0.101397897422749
62.56103515625,-0.613678561476121,0.774617870855295
62.7517700195313,1.29302329288337,0.868300792121991
62.9425048828125,0.436686590279508,-0.939764953135256
63.1332397460938,-0.634548706010399,-0.571199800065673
63.323974609375,0.570199853526381,-0.594308332465198
63.5147094726563,0.335404389459512,0.190210616410206
63.7054443359375,-0.0616950918720401,0.34566479504601
63.8961791992188,-0.954661849874527,1.22727523163365
64.0869140625,0.518459488782741,0.283570629303301
64.2776489257813,-0.6829782038502,-0.130884197714533
64.4683837890625,-0.254394205603386,0.311357154077391
64.6591186523438,-0.549291172963937,-0.334908413624493
64.849853515625,0.684717425483996,-0.638141157166634
65.0405883789063,1.71449217394101,0.67960426723967
65.2313232421875,-0.196867119600222,-0.763746503168041
65.4220581054688,0.417872367478056,0.615385135855861
65.61279296875,-1.17180594878173,-0.874093975963126
65.8035278320313,-0.489542764788327,-0.600577643781074
65.9942626953125,0.699383938820291,-0.532299718565799
66.1849975585938,0.722197122383457,0.154533288037602
66.375732421875,-0.917961271884991,0.449651778273561
66.5664672851563,-2.08410637659718,0.342213796250756
66.7572021484375,-0.0744975598033449,-0.297041238918523
66.9479370117188,0.388872411327356,-0.364034108380746
67.138671875,0.62268198623138,0.574768614307532
67.3294067382813,-0.656736198511729,0.965006305491977
67.5201416015625,-0.339776546741552,-1.5088206597169
67.7108764648438,-0.208445817190162,0.228537113809878
67.901611328125,-0.219591900929041,0.67900425967401
68.0923461914063,-0.782950089775835,0.14146238987555
68.2830810546875,-0.822232076360513,0.510711710947071
68.4738159179688,-0.985700215385456,-0.960535155305353
68.66455078125,-1.38024994341223,0.716706671233777
68.8552856445313,1.07675155925283,-0.708423484935169
69.0460205078125,-0.140706873588086,-2.45607069094711
69.2367553710938,-0.766182021261258,-0.936339447850655
69.427490234375,-0.123797544277896,0.268822659398394
69.6182250976563,-1.42147398162299,-0.270388826521121
69.8089599609375,0.152138035844413,0.143480865511268
69.9996948242188,-0.98818164385284,0.292255917761392
70.1904296875,-0.600398757671363,0.679060420871937
70.3811645507813,-0.366506221920515,0.106381431919164
70.5718994140625,-0.913170225549099,-0.405974640212854
70.7626342773438,-0.639340618908522,0.149966591337128
70.953369140625,-0.0943322838450548,1.59500406287078
71.1441040039063,0.147005509656001,-0.0504020122307413
71.3348388671875,-1.16308750358074,-0.530898147277845
71.5255737304688,0.356427039073328,-0.415300175195134
71.71630859375,1.02060153861005,0.467394135098801
71.9070434570313,-0.0159431181410393,0.893811445131713
72.0977783203125,0.351456217100799,0.725688325144177
72.2885131835938,-0.943763605672442,1.12681813116461
72.479248046875,0.0162018685662581,0.921975094614345
72.6699829101563,0.760222727612865,-0.158447741969016
72.8607177734375,0.779590678674303,1.42486497320658
73.0514526367188,-0.974552011086652,1.02743709630568
73.2421875,-0.0875721476187397,0.799096179417356
73.4329223632813,-1.38824858697815,1.1277868252501
73.6236572265625,0.360156739268058,0.855584261624714
73.8143920898438,-0.351319533515312,-0.200876623708433
74.005126953125,-0.696674085386613,0.619331623002109
74.1958618164063,0.939621267932293,-0.582933690862652
74.3865966796875,-0.473235778193595,0.340237512981218
74.5773315429688,-1.06374105975465,-0.30237107114036
74.76806640625,0.190340782072924,-0.684495652310252
74.9588012695313,-0.0615415988040172,0.933578273087512
75.1495361328125,0.699016268898354,-0.297492230541095
75.3402709960938,0.251826908091154,0.217771791236543
75.531005859375,0.201267603303984,0.0388923802597337
75.7217407226563,-0.133087589591546,0.832425874165321
75.9124755859375,-0.785818603513115,0.331907415410225
76.1032104492188,-0.501976638753116,0.408487793217732
76.2939453125,1.78078717844585,-0.208233194632931
76.4846801757813,-0.618138266850769,0.627418270473166
76.6754150390625,0.0292173162939678,-0.376396423564182
76.8661499023438,-0.750922201400452,-0.18453621913443
77.056884765625,1.11776901505251,-0.224020648437481
77.2476196289063,0.395127306160372,0.601551695289377
77.4383544921875,-0.254756522709713,-0.0106720624870751
77.6290893554688,-0.401918469314292,0.48122926946429
77.81982421875,0.463522972907225,0.716562930186607
78.0105590820313,-1.05958420491012,1.35489927320503
78.2012939453125,0.304309508784598,0.525912760179878
78.3920288085938,-2.10165024816239,-0.694706667734393
78.582763671875,0.49823988414906,0.319577707417427
78.7734985351563,-0.598057091426183,-0.521030210919695
78.9642333984375,0.285109412787664,-1.08377234143587
79.1549682617188,0.681101626353746,1.0079520180106
79.345703125,0.926797000832563,0.522628831281533
79.5364379882813,-0.676968664616526,-0.173320883455521
79.7271728515625,0.245729637220115,0.671068762126978
79.9179077148438,0.584548060809474,0.914943908030068
80.108642578125,-1.61411909581967,1.23483666226083
80.2993774414063,0.469380254731222,0.619074571200321
80.4901123046875,-0.88538192184568,0.980031090100797
80.6808471679688,-0.246026951046637,0.736662912895376
80.87158203125,-0.00601250657915677,0.760973637495719
81.0623168945313,-0.217133661451861,0.726664548419531
81.2530517578125,0.073680631294942,0.835210823009561
81.4437866210938,1.11603907912132,0.23616574125281
81.634521484375,-0.529676537906722,0.397266675912208
81.8252563476563,-0.628276581151723,-0.251740178856952
82.0159912109375,-1.43422409110294,1.00178391759202
82.2067260742188,1.00579284657099,0.208087529625387
82.3974609375,-0.754660245007788,0.573054910655029
82.5881958007813,-0.917804693645989,0.306679580925959
82.7789306640625,-0.395904916980266,0.746766686472327
82.9696655273438,0.565760428205793,-0.573486844061136
83.160400390625,-0.779667053853873,0.204330024463219
83.3511352539063,0.815962128975386,0.553330576424224
83.5418701171875,0.317059387920881,0.416885473483149
83.7326049804688,0.492387598630704,0.208528945750099
83.92333984375,-0.678481910768084,-0.360111614277805
84.1140747070313,0.221752011833497,-0.20347307937973
84.3048095703125,-0.238115316802699,-0.373131308362875
84.4955444335938,-0.219125101580611,-0.175917604413616
84.686279296875,0.519797504044785,0.179157404083897
84.8770141601563,-0.898522115411346,1.17135095528189
85.0677490234375,-0.294685989145262,1.07025968118663
85.2584838867188,-0.026488069659605,0.291400013879258
85.44921875,-0.383858738036763,-0.401931195654672
85.6399536132813,-0.128204677731106,0.724754614010267
85.8306884765625,0.122975554360147,-0.117905098224833
86.0214233398438,-0.354809565643727,1.31643893040049
86.212158203125,-0.403244315101124,0.633391519430559
86.4028930664063,0.359192835417974,1.28977861258162
86.5936279296875,0.182704791170303,-0.195530379629999
86.7843627929688,-0.841345126066071,1.79356398005513
86.97509765625,-1.48243197449374,0.49981219298414
87.1658325195313,-0.0978819104094956,0.0593747949488183
87.3565673828125,0.399166282712373,0.176571275925824
87.5473022460938,0.939747114300069,-0.508777589659229
87.738037109375,0.555267055402678,1.28601739063483
87.9287719726563,0.446767868052083,-0.116316847863603
88.1195068359375,0.622010536916701,-0.593057748105631
88.3102416992188,-0.577124647979744,-0.725391339850241
88.5009765625,0.433199749211009,0.472245111648933
88.6917114257813,-0.550197052347171,0.348068478755134
88.8824462890625,1.01544548736038,1.343258907021
89.0731811523438,0.669020380438251,-0.60809480837178
89.263916015625,-0.222165068460262,0.117376158420072
89.4546508789063,0.752775957323915,0.352202743823541
89.6453857421875,0.464180201406461,-0.153019428808641
89.8361206054688,-0.892921459181289,0.175306822570859
90.02685546875,-0.294009852605957,1.11415600268171
90.2175903320313,0.102325710076106,2.13048010166715
90.4083251953125,-0.0102549167068172,0.142821538537259
90.5990600585938,0.726054733989511,0.411778041213581
90.789794921875,0.714915131023545,-0.00765279520629506
90.9805297851563,-0.283268008854539,0.585290255001398
91.1712646484375,-0.293246597847905,1.13057265975712
91.3619995117188,1.12963622853755,-0.411250509755406
91.552734375,0.191681639841503,0.685326205302038
91.7434692382813,1.05080494853952,0.990364255021563
91.9342041015625,0.334228221890469,-0.133728948877494
92.1249389648438,-1.07040481259708,0.494520364585413
92.315673828125,1.42881091625436,-0.345101712778674
92.5064086914063,-0.548558189651415,0.925693913411198
92.6971435546875,1.66572215354903,0.245736660551176
92.8878784179688,-0.314938289745904,2.28766334883171
93.07861328125,-0.652719773252403,1.44365195798106
93.2693481445313,-0.0908284204022075,2.7885958871021
93.4600830078125,0.835376844067947,-0.18569434723434
93.6508178710938,0.360175630208745,0.614518880293686
93.841552734375,0.711593097075378,0.563287818544431
94.0322875976563,-0.567979814071704,0.0160700779307624
94.2230224609375,0.876225302745022,1.35703163191483
94.4137573242188,-0.978002936215972,0.807422991222162
94.6044921875,-0.353231311838956,1.25084053604785
94.7952270507813,-1.2263166273153,-0.468530331858038
94.9859619140625,0.632982814493446,0.996391464315669
95.1766967773438,-0.255947123096451,0.543948853899425
95.367431640625,0.300706723966022,-0.954906764003353
95.5581665039063,0.198795407954542,1.1444348251137
95.7489013671875,-0.521933750569775,-0.412128126640538
95.9396362304688,-1.37052136104885,0.391962940297635
96.13037109375,-1.03811382620482,0.847138151193373
96.3211059570313,-1.1295651315833,-0.0574131896197382
96.5118408203125,0.526338334296404,0.303224032083135
96.7025756835938,0.0992020960453441,0.348167098887015
96.893310546875,-0.318766975675102,0.533511524021865
97.0840454101563,0.159698294798742,0.83443209870469
97.2747802734375,-0.148830630578465,0.917071433849365
97.4655151367188,0.565266254249898,-0.652654836213297
97.65625,-1.94836214014611,1.17857876846469
97.8469848632813,-0.23800621904319,1.30186666853121
98.0377197265625,-1.33890266747588,1.33588921895452
98.2284545898438,-1.04654419049078,-1.04246207837441
98.419189453125,-1.53719475890684,0.663191016703977
98.6099243164063,0.578571567263012,0.590779564664061
98.8006591796875,-0.587976729560296,0.764265783225057
98.9913940429688,-1.01452067984109,-0.221596520509272
99.18212890625,0.24631228948669,0.837303705032433
99.3728637695313,-0.495147662244906,0.927047140144354
99.5635986328125,1.0279981055028,1.03550128580147
99.7543334960938,-0.169798614659587,-0.324069776488242
99.945068359375,1.84926784213562,0.999200926976919
