Fre(kHz),Re,Im
-99.945068359375,-1.32716426159354,0.325653840512067,ZeroPoint:Tj,62,3
-99.7543334960938,-1.88730544787175,2.46202103098363,Const.;stime,2.8274328,6.4E-07
-99.5635986328125,-0.401361153817109,1.02777940673283,Fre.Range:Tau,-100:100,0.5
-99.3728637695313,-0.681849487739106,0.22013683387415,FFTSize:DataSize:Firstpul,8192:8192,5E-07
-99.18212890625,-0.724267240105132,0.138237830480317,1109F6666,Freq.=141410000
-98.9913940429688,-0.220619471183741,0.948728367152686
-98.8006591796875,0.276132495553467,1.13404225704264
-98.6099243164063,-2.530044762351,-0.0392348448425349
-98.419189453125,-0.925371375215931,1.19662317055049
-98.2284545898438,-0.0626930762426544,1.51180628578399
-98.0377197265625,-1.73005164756498,0.691775750512206
-97.8469848632813,-0.512910401211679,1.38715661873905
-97.65625,-0.905073621826986,-0.0399736579464917
-97.4655151367188,-1.25028542714056,0.303073558652765
-97.2747802734375,-1.55166565682471,1.80722207044128
-97.0840454101563,1.08205730412838,0.549579226528479
-96.893310546875,-1.48082285476081,0.822233302427116
-96.7025756835938,-0.452908786510125,-0.529471008820199
-96.5118408203125,-1.22204189934433,0.852101183693098
-96.3211059570313,-1.20114328362558,1.7235104115376
-96.13037109375,-1.16383707892459,0.221917930056159
-95.9396362304688,1.05755538236135,0.625519193789478
-95.7489013671875,-1.31204673023841,0.541137489317843
-95.5581665039063,-1.52351872582313,1.98463097905018
-95.367431640625,-1.11345198772609,0.0637520425305316
-95.1766967773438,-1.58153356889553,0.120437786345725
-94.9859619140625,-2.46716432320164,0.299461124542091
-94.7952270507813,-0.199211728954126,0.665539275198752
-94.6044921875,-1.02922960187138,0.776770516536827
-94.4137573242188,0.0147796907661906,1.49195491128009
-94.2230224609375,-0.293683892517944,0.180482169144933
-94.0322875976563,-0.898937587828536,-0.427692754765752
-93.841552734375,-1.65482064895964,0.910870874882908
-93.6508178710938,-1.34904083213501,1.019352192032
-93.4600830078125,0.145130189059217,-0.282527552899343
-93.2693481445313,-1.92805788691995,1.00182484252959
-93.07861328125,-1.05240731677458,1.64955137445096
-92.8878784179688,-0.834359978343934,2.0443649677235
-92.6971435546875,-2.04151925327823,-0.587241436989982
-92.5064086914063,-1.09274513777984,0.654506756288438
-92.315673828125,-0.609537731540199,0.970473610665001
-92.1249389648438,-0.188629823609807,1.75547884948077
-91.9342041015625,-0.663682369552334,0.24300735145286
-91.7434692382813,-1.46480679888011,0.412051074594081
-91.552734375,-1.12445351384992,1.18807150174756
-91.3619995117188,-2.00408230413006,1.43800936680001
-91.1712646484375,-1.80811560439918,0.530279758036093
-90.9805297851563,-0.370566469246263,1.58653451733476
-90.789794921875,-0.143022586106847,1.80569852327885
-90.5990600585938,0.0059790067756889,1.94107310435862
-90.4083251953125,-2.59413197587023,-0.24627060238039
-90.2175903320313,-1.88002144820385,1.08938454988322
-90.02685546875,0.897205900145548,0.0500227567200378
-89.8361206054688,-0.774139401132715,1.98723531700993
-89.6453857421875,-0.482834349150244,1.7192067880895
-89.4546508789063,-0.532829648427367,0.761910042540771
-89.263916015625,-1.02707424591413,1.9659807113629
-89.0731811523438,-1.41208074589779,1.86074963445686
-88.8824462890625,-1.51952961673805,1.06352012699509
-88.6917114257813,-0.658568061563735,0.814067985173899
-88.5009765625,-0.777583930098752,0.171690548566219
-88.3102416992188,-1.39054322671029,1.28729695575217
-88.1195068359375,-0.880313114340548,3.2993073819819
-87.9287719726563,-1.95295693905909,1.19792798490386
-87.738037109375,0.480144627207735,2.29878577377305
-87.5473022460938,-1.85566277636152,0.597050061956867
-87.3565673828125,-1.5061823528166,1.2516766448763
-87.1658325195313,-0.319998518185021,1.26396577289925
-86.97509765625,0.613526835012387,1.43913751091655
-86.7843627929688,-0.322208272663526,2.73405596398709
-86.5936279296875,-0.424880934071998,1.34656198759159
-86.4028930664063,-0.757214411509267,1.97838511002747
-86.212158203125,-2.69728548107917,0.87401354955497
-86.0214233398438,-1.14363811472227,1.38231479076712
-85.8306884765625,-0.588513742998677,0.848267724848003
-85.6399536132813,-2.41078344343197,1.51107200759921
-85.44921875,-1.8877175522409,1.34331830550097
-85.2584838867188,-1.92105291712829,0.778612332919645
-85.0677490234375,-1.48381122413386,0.995919260894805
-84.8770141601563,-0.387019490195366,1.35413471158205
-84.686279296875,-0.192764069988812,1.29214381392477
-84.4955444335938,-1.44452612065792,1.14850331300486
-84.3048095703125,-0.849591560104452,0.00667119014363474
-84.1140747070313,-1.31870484905271,1.05008170164434
-83.92333984375,-1.66740508066763,2.88433785283813
-83.7326049804688,-0.581661013593361,0.496470662412506
-83.5418701171875,-1.62001591219462,0.374493884547251
-83.3511352539063,-1.97695600720654,0.503453763993071
-83.160400390625,-0.583153780957245,1.13295496337351
-82.9696655273438,-0.0164936098382803,0.824190247519841
-82.7789306640625,-0.915869673558693,0.907285740929379
-82.5881958007813,-1.63733914117558,1.50288450034629
-82.3974609375,-0.710435712244378,1.66100738493493
-82.2067260742188,-1.27059916980294,1.64179233253073
-82.0159912109375,-1.0256129146575,-0.490278371410899
-81.8252563476563,0.410405081932033,-1.03030386031975
-81.634521484375,-1.85429522492122,1.15880804833598
-81.4437866210938,-0.738715829797763,-0.0081889338469736
-81.2530517578125,-0.711180824293239,0.854039689277862
-81.0623168945313,-1.28600678487767,1.50524637658198
-80.87158203125,-1.03735188574605,1.78882586387205
-80.6808471679688,-1.7129693954561,1.90084070021156
-80.4901123046875,-1.19877758956832,0.880313766213657
-80.2993774414063,0.305015727399835,1.70037410656806
-80.108642578125,-0.186030504799223,0.029838312103741
-79.9179077148438,-1.68910376335407,0.189537045398879
-79.7271728515625,0.260818634057168,1.1915000071293
-79.5364379882813,-2.01096146252916,1.85087099855468
-79.345703125,-0.303232160889107,2.16214498515032
-79.1549682617188,-1.56367467918861,0.419336569041545
-78.9642333984375,-0.353301248430801,2.0296092920115
-78.7734985351563,-0.960010488065022,1.56673869329656
-78.582763671875,0.530042852933453,1.15967254861177
-78.3920288085938,-0.790630341219543,0.249861854752692
-78.2012939453125,-2.03612144295137,1.60048671095026
-78.0105590820313,-1.27241751573823,1.79210862001656
-77.81982421875,-0.14580137846018,0.869140055137025
-77.6290893554688,-0.48390099424131,1.78362899223822
-77.4383544921875,-0.605020228669359,3.65478692579541
-77.2476196289063,-0.75949100758107,1.12318518990154
-77.056884765625,-2.20028354646338,2.36912106113243
-76.8661499023438,0.0144804368551953,2.03923719888473
-76.6754150390625,-1.71427594993828,1.32398504306585
-76.4846801757813,-1.85357081929325,2.42005580057791
-76.2939453125,-0.687699738904433,0.423192948396325
-76.1032104492188,-0.895318163315515,3.00991112608549
-75.9124755859375,-1.5642498195895,1.18849073882144
-75.7217407226563,-0.815574864530979,1.78836801709901
-75.531005859375,-1.7154981372053,1.0913157588807
-75.3402709960938,-2.14161881328605,1.34922061263989
-75.1495361328125,-1.74001990338621,0.993864903879869
-74.9588012695313,-0.96293970019534,1.6573761487168
-74.76806640625,-0.906364708100256,1.97345147303017
-74.5773315429688,-1.7036523946401,0.886805531405392
-74.3865966796875,-2.17770258501192,2.80714570079589
-74.1958618164063,-1.4243259094623,0.21938103264603
-74.005126953125,-1.61980209463121,1.40062154916202
-73.8143920898438,-0.0185133351453433,1.91655969565005
-73.6236572265625,-0.125677911820265,1.84973586197446
-73.4329223632813,-0.752085293399495,1.03634299206111
-73.2421875,-1.56828930474417,2.02884466464977
-73.0514526367188,-0.115918743846062,1.73994964263545
-72.8607177734375,-0.750215945023253,0.370496853667849
-72.6699829101563,-1.0870028545808,1.48910955277364
-72.479248046875,-1.70759291940223,0.639164381521123
-72.2885131835938,-0.75227438097016,2.74408443280022
-72.0977783203125,-1.20015720194602,2.52049425234578
-71.9070434570313,-2.15851552923021,1.57948008638189
-71.71630859375,-0.820577789934668,1.86241655972834
-71.5255737304688,-0.326612185338334,0.402756478887165
-71.3348388671875,-1.62084402836319,1.06555561253452
-71.1441040039063,-0.534453576639646,2.00256103150153
-70.953369140625,-1.79719879441731,1.97112414075092
-70.7626342773438,-1.4332260110507,2.05250558458491
-70.5718994140625,-0.71999081268576,2.18390596006
-70.3811645507813,-1.11003088816649,1.06084793131885
-70.1904296875,-2.22498039232503,2.38252745426322
-69.9996948242188,-1.55847447867238,1.24473642692473
-69.8089599609375,-0.623683933131964,1.93801209493316
-69.6182250976563,-1.31437208160441,0.110565160248852
-69.427490234375,-0.626970948797075,3.76651108886202
-69.2367553710938,-2.02711798745123,0.378292930447914
-69.0460205078125,-1.66648213681771,2.12241117177543
-68.8552856445313,-1.23797442240492,2.76622217017964
-68.66455078125,0.159183440888061,2.46257824360927
-68.4738159179688,-2.1626587123374,0.393820753440374
-68.2830810546875,-2.41807338046339,2.54356581954574
-68.0923461914063,-0.552364927440578,1.69572110470891
-67.901611328125,-0.401633177715137,2.052943728049
-67.7108764648438,-2.44801817887111,1.61493222201455
-67.5201416015625,-0.0563358800592593,0.34727861423493
-67.3294067382813,-0.747788485482577,1.98893389075593
-67.138671875,-0.201554955692664,0.531142225531585
-66.9479370117188,-0.196126046234573,2.34104897379742
-66.7572021484375,-2.03166660272234,1.95454393861892
-66.5664672851563,-0.0951146100773761,1.72733866118196
-66.375732421875,-0.999529991140132,2.30454751882247
-66.1849975585938,-1.5426259726141,2.61610969192536
-65.9942626953125,-2.11903236844496,2.62923066357395
-65.8035278320313,-1.6863488530188,2.0551215645372
-65.61279296875,-1.95018734869717,1.34792024720697
-65.4220581054688,-1.42355037969741,1.36331939056288
-65.2313232421875,-0.606592680009877,2.27746090629731
-65.0405883789063,-0.996499605189279,1.76661466891736
-64.849853515625,-0.217754312723293,1.77494070508387
-64.6591186523438,-0.842653174551411,2.49659710047945
-64.4683837890625,-0.830468608223906,0.977828628368581
-64.2776489257813,-0.988993913159738,2.59048311369653
-64.0869140625,-1.3897646284202,2.52598309486661
-63.8961791992188,-1.55237024817244,2.64794359261925
-63.7054443359375,-0.32844723751468,2.11735117908383
-63.5147094726563,-0.856258935013289,2.633011291681
-63.323974609375,-0.476012529116221,0.617672396196113
-63.1332397460938,-0.943513850433504,1.27550788096721
-62.9425048828125,-1.06830298929942,2.86830892239022
-62.7517700195313,-0.731891470319168,3.05150699176528
-62.56103515625,-1.19558149009114,2.51304771491276
-62.3703002929688,-0.510301726394593,1.31108676603637
-62.1795654296875,-1.86866349330022,2.22963249803174
-61.9888305664063,-1.14277482074178,1.25828282182283
-61.798095703125,-0.373549333485558,2.20290255002612
-61.6073608398438,-0.0454186810198939,1.23304261292222
-61.4166259765625,-0.178187874977769,0.784822134527176
-61.2258911132813,-0.283571316622213,3.75459840143398
-61.03515625,-0.240863825303426,3.08098590058098
-60.8444213867188,-0.646459628002166,1.63661958118988
-60.6536865234375,-1.98440835351436,2.32210943407553
-60.4629516601563,-2.27343886398298,2.53338672525449
-60.272216796875,-2.18315389892481,2.063249364757
-60.0814819335938,0.0270504967224941,1.97580018261559
-59.8907470703125,-1.42305877837766,2.51118331225092
-59.7000122070313,-0.658858352597058,2.0126502466809
-59.50927734375,-1.25239590768013,3.09790375758084
-59.3185424804688,-2.20044111893144,0.991539856763416
-59.1278076171875,-2.52673987034797,1.37299407734529
-58.9370727539063,-1.8411423225634,1.30065683774782
-58.746337890625,-2.19813033956524,2.67573412043559
-58.5556030273438,-1.54832206353481,2.48444448501041
-58.3648681640625,-0.643492029548129,2.52635929408319
-58.1741333007813,-2.20607104823054,2.09725065499214
-57.9833984375,-1.97354956195871,1.84375050554769
-57.7926635742188,-0.807402611806274,3.09368377911776
-57.6019287109375,-1.65029271431617,1.90131822341788
-57.4111938476563,-1.1088791383295,2.77091277534991
-57.220458984375,-1.15827391995835,1.77411275249597
-57.0297241210938,-1.40364371703176,1.10663781851093
-56.8389892578125,-1.00017131950056,3.3597753034823
-56.6482543945313,-0.348080047228552,1.05508892486773
-56.45751953125,-1.08311229131602,2.21602002570196
-56.2667846679688,-0.421065932427158,3.93090067360638
-56.0760498046875,-0.279331898425877,2.9341327686797
-55.8853149414063,-1.86573084386065,3.62081671310526
-55.694580078125,-0.553630524489692,2.30029270325482
-55.5038452148438,-0.788323522348055,2.64160736150127
-55.3131103515625,-0.797384896540243,3.31044873894385
-55.1223754882813,-1.28093881211937,2.36669637523637
-54.931640625,-0.0306808131880907,2.7826302448306
-54.7409057617188,-0.276120457598846,2.25306040073198
-54.5501708984375,-0.72912611181978,1.65970467991541
-54.3594360351563,-0.407273893376288,3.14646366027275
-54.168701171875,-0.294783381552448,4.57691845487161
-53.9779663085938,-2.11643600952522,2.16152169956339
-53.7872314453125,-0.955116676467684,2.20112393622135
-53.5964965820313,0.223399284980823,2.51102273716834
-53.40576171875,-0.013496973292957,2.13200137514029
-53.2150268554688,-1.15310167436788,2.93657783090979
-53.0242919921875,-0.544354434197992,2.22151312691077
-52.8335571289063,-0.516941017063063,2.55668401229683
-52.642822265625,-1.16915356145724,1.02242145083569
-52.4520874023438,0.198528426039632,3.0003730912961
-52.2613525390625,-1.04999241580636,1.50051798947717
-52.0706176757813,-1.72150454791988,2.40724898205682
-51.8798828125,-2.4457962709749,1.99732192781245
-51.6891479492188,-1.07587678332931,3.02998222587251
-51.4984130859375,0.723708793172884,2.00586102741638
-51.3076782226563,-0.935120926044426,2.16056352276474
-51.116943359375,-0.905767339877863,2.47242033714241
-50.9262084960938,-1.55294144764756,2.70569150978774
-50.7354736328125,-0.957974060725811,1.38101690533865
-50.5447387695313,-0.511740332289685,3.2638572515155
-50.35400390625,-1.36203039561529,3.31212514300031
-50.1632690429688,-0.705997331997073,2.8944930719801
-49.9725341796875,-0.591270062759512,1.78004575324221
-49.7817993164063,-1.72464844871447,3.07106707703598
-49.591064453125,-0.148612904245459,1.75379436853526
-49.4003295898438,0.254743009774326,3.33109919043165
-49.2095947265625,-0.390372724230119,2.71569336784828
-49.0188598632813,-1.29723753876972,3.39552521264163
-48.828125,-0.239610875923522,2.06120310655778
-48.6373901367188,-1.50419032325127,1.44892974626902
-48.4466552734375,-0.315420487381671,4.1681731589541
-48.2559204101563,-0.917124418235839,2.04215573792021
-48.065185546875,-0.899566345760053,4.0420822082563
-47.8744506835938,0.367808228487435,1.9889400461107
-47.6837158203125,-0.0786961676842571,3.48670614703428
-47.4929809570313,-0.474612767124645,2.72591733956383
-47.30224609375,-1.14794257917789,4.39806054036606
-47.1115112304688,-0.904303567174778,3.19966444349218
-46.9207763671875,-1.35988684881765,2.83729172770923
-46.7300415039063,-1.03727593929722,3.98717848645844
-46.539306640625,-1.46056646482189,3.05088668570293
-46.3485717773438,-0.67087227736036,2.31126780437534
-46.1578369140625,-0.783898846925657,3.05565808867676
-45.9671020507813,-0.335245883232597,2.75016031683643
-45.7763671875,-0.965679527603643,2.79368607885945
-45.5856323242188,-0.882245673687342,3.07979179566384
-45.3948974609375,-0.470462960516544,2.38309529526039
-45.2041625976563,-1.30741870867925,3.09182474057843
-45.013427734375,-0.274643355148733,2.7248204082318
-44.8226928710938,0.715529505261384,2.75199711985208
-44.6319580078125,-1.39414886915348,3.07044466810714
-44.4412231445313,-2.4355443698079,2.87218249181115
-44.25048828125,-1.33298324313108,4.13496979674065
-44.0597534179688,-1.6954186063566,2.97111433280246
-43.8690185546875,-1.32024438039566,2.66533094799214
-43.6782836914063,-1.144537336705,3.92435347366197
-43.487548828125,-1.89320582206472,2.48624012447968
-43.2968139648438,-1.22525514378664,4.53242649997988
-43.1060791015625,-1.61442411551033,1.77416364144829
-42.9153442382813,-0.720995344556998,2.17672261338384
-42.724609375,0.199509348303524,3.15937213489959
-42.5338745117188,-0.9806768736154,3.28678774392304
-42.3431396484375,-0.355032373277143,4.17048134057114
-42.1524047851563,-0.301226680904426,3.16045614585686
-41.961669921875,-1.59531431994118,3.25513383017294
-41.7709350585938,-1.67976376832525,3.54491571952839
-41.5802001953125,-0.020010891418018,0.942237144591176
-41.3894653320313,-1.03169741030198,4.65474675946149
-41.19873046875,-1.55535969899593,3.61921640490941
-41.0079956054688,-0.834299444718175,2.86738100740289
-40.8172607421875,-0.368804558003845,2.25741548712273
-40.6265258789063,-0.332806996635577,3.11573812191312
-40.435791015625,0.155705494811533,3.80394343104394
-40.2450561523438,-2.1939737939761,3.29923734515538
-40.0543212890625,-1.42486719732059,3.38843908631128
-39.8635864257813,-0.367932128695789,3.13949629594203
-39.6728515625,-1.00395469783791,2.87452480336264
-39.4821166992188,-1.37264172536777,1.69486511419904
-39.2913818359375,-0.661536762054078,4.59346467819912
-39.1006469726563,-1.17423060025898,2.87343166844236
-38.909912109375,-0.50539812164758,3.97615894752839
-38.7191772460938,-0.988067465754351,3.07155672355943
-38.5284423828125,-1.30106201690002,3.80007278658027
-38.3377075195313,-0.254342324679518,4.21282066359108
-38.14697265625,-1.35356726069236,3.32826333747561
-37.9562377929688,0.352997741119827,2.58323290589892
-37.7655029296875,-1.02592931632529,5.08139864946197
-37.5747680664063,-1.07737255228243,2.52409325915848
-37.384033203125,-1.27180602288127,3.22500314986728
-37.1932983398438,-0.277898102210784,2.70251492464499
-37.0025634765625,-1.30442243771699,3.16701301909962
-36.8118286132813,0.563900218388502,2.88131619614796
-36.62109375,0.891885888739588,4.08074976073807
-36.4303588867188,-0.166683693121206,3.08714856018289
-36.2396240234375,0.423164439418102,2.86197044284882
-36.0488891601563,0.0732799452888454,2.51322090383166
-35.858154296875,-1.42649368685589,4.27307186733259
-35.6674194335938,-1.68705231024665,2.30186878549977
-35.4766845703125,-0.491306260806912,3.37714250762784
-35.2859497070313,0.639804268836085,2.83155035982854
-35.09521484375,-0.905410963307857,4.27117582219098
-34.9044799804688,-2.30668011697935,4.07583691751306
-34.7137451171875,-1.77554770592968,3.10276639687952
-34.5230102539063,-2.09272096947175,3.0703171183426
-34.332275390625,0.49311019020444,3.67871496211501
-34.1415405273438,-2.03208440972785,4.41034842399478
-33.9508056640625,-0.727444731204919,3.63138685619964
-33.7600708007813,0.15776709181419,4.16703939272293
-33.5693359375,-1.18564360687407,4.04794725724411
-33.3786010742188,0.0604610343356531,5.91579617656788
-33.1878662109375,-0.447117755009729,5.34826971240369
-32.9971313476563,0.564366045466959,4.49689707162317
-32.806396484375,-0.497938177407342,3.63256797214681
-32.6156616210938,0.0771440266388976,3.20910274082963
-32.4249267578125,-0.857060445586009,4.06566902905825
-32.2341918945313,-1.37678699075055,4.18865246178749
-32.04345703125,-0.429135919799973,3.86098128367604
-31.8527221679688,-0.27178476871147,4.15893132871987
-31.6619873046875,-1.28584914159971,4.68242977156738
-31.4712524414063,-0.329634780385417,3.91932125919551
-31.280517578125,-0.469418336706782,4.17561046759437
-31.0897827148438,0.0384343806533694,2.54272563123681
-30.8990478515625,-0.159251097515836,3.36647666917586
-30.7083129882813,-0.525074112761632,4.13399355303423
-30.517578125,-0.661973285661052,5.43507633409417
-30.3268432617188,0.0863749116946489,4.69081416535515
-30.1361083984375,0.903485675926096,3.14323476115726
-29.9453735351563,-2.74529749067486,3.55015696520023
-29.754638671875,-0.7955452843043,4.40619712144272
-29.5639038085938,-0.625157083039815,4.04536884246941
-29.3731689453125,-0.200218626273446,3.78982788359561
-29.1824340820313,-1.50054718125132,3.9572226885492
-28.99169921875,-1.63750059883397,5.1816461255851
-28.8009643554688,-0.778097674455566,4.37254962895834
-28.6102294921875,0.267153278163324,4.97327860471701
-28.4194946289063,-0.635774114086337,5.02891724973129
-28.228759765625,-0.618103476286231,5.20902305738026
-28.0380249023438,-1.04264960833385,5.18321828168639
-27.8472900390625,1.14403730208928,4.69737056916118
-27.6565551757813,-0.490022871334563,5.09122583356617
-27.4658203125,-0.778409929288812,5.24567280057164
-27.2750854492188,-2.37174214713489,5.24579416201613
-27.0843505859375,-1.35177462616091,5.57131874338764
-26.8936157226563,-0.676643729996585,5.65114534694001
-26.702880859375,-1.56645300985544,5.69437944090813
-26.5121459960938,-2.01726880035334,4.71726614413532
-26.3214111328125,-0.212525096883828,5.89387930550431
-26.1306762695313,0.504705619450563,5.44796900426645
-25.93994140625,-1.75062753152211,6.29671879757876
-25.7492065429688,-1.27479469190155,5.14845105021276
-25.5584716796875,-0.900329229831329,5.10307917275283
-25.3677368164063,-0.960435133314159,4.99660943783763
-25.177001953125,0.169879735307405,4.19955258663684
-24.9862670898438,-0.519236977376041,5.4178391390014
-24.7955322265625,-1.23925528296973,5.66955105370372
-24.6047973632813,-1.07119190780548,5.83818058956224
-24.4140625,0.071442820671046,5.91300934126994
-24.2233276367188,-0.106692626397331,5.32088208599813
-24.0325927734375,0.18545892079384,6.40022062399706
-23.8418579101563,-0.377399708957159,6.43682179872388
-23.651123046875,-0.925838724093075,6.59946416857029
-23.4603881835938,-1.10513928679933,6.15726253131202
-23.2696533203125,-0.793462794087388,5.74868695384675
-23.0789184570313,-0.832970288375514,7.67194098054084
-22.88818359375,-1.19124597934185,5.11204198858873
-22.6974487304688,-1.0789646026798,5.90969521603971
-22.5067138671875,-1.26128917749881,7.85737531270114
-22.3159790039063,-1.26428184529927,7.62423947357314
-22.125244140625,0.475842996620259,7.40655632995125
-21.9345092773438,1.08761082373719,6.87491829290297
-21.7437744140625,-1.77731943743591,7.58629921870727
-21.5530395507813,-0.107815042795206,6.29299376943634
-21.3623046875,0.207249247394286,8.06898624082265
-21.1715698242188,0.100544433591715,7.46502522013823
-20.9808349609375,0.254902258324591,7.6007578277967
-20.7901000976563,-0.25427287764675,6.66783258444415
-20.599365234375,0.232757577137866,8.51770426623371
-20.4086303710938,0.525357223435828,7.79157827787597
-20.2178955078125,0.263921578349369,8.34527741180404
-20.0271606445313,-9.4959755313373E-05,8.94637342875791
-19.83642578125,1.3994403990447,6.95085058699837
-19.6456909179688,1.81447484139672,8.01054990624873
-19.4549560546875,1.31051279628974,8.18340745297603
-19.2642211914063,2.15218071513281,8.76906424215244
-19.073486328125,1.43710541923021,8.83094434459871
-18.8827514648438,0.489031333302497,8.73205067002713
-18.6920166015625,1.05816070845627,8.90790228082336
-18.5012817382813,2.9527806452656,8.47699543213276
-18.310546875,3.01742377001114,8.25195426308506
-18.1198120117188,3.59042308030805,8.41033572614977
-17.9290771484375,3.96579007997761,8.22280154112315
-17.7383422851563,2.66723516279963,9.28148010840328
-17.547607421875,4.51675356151353,8.6665041587418
-17.3568725585938,3.12535526703915,8.94945035510361
-17.1661376953125,4.26802666165487,8.07972725610478
-16.9754028320313,3.2775015848825,9.06642029715478
-16.78466796875,4.72603162222761,7.96010818740646
-16.5939331054688,2.98803676316326,9.32843882900607
-16.4031982421875,3.58092094598127,8.01559525261528
-16.2124633789063,4.65581810467457,6.92048270237142
-16.021728515625,4.57555063564265,7.41320581344615
-15.8309936523438,3.782302353156,8.85338590480186
-15.6402587890625,3.5612803279152,8.87509358663275
-15.4495239257813,4.02290604912857,7.5566574229852
-15.2587890625,4.26925884152666,7.29074259900819
-15.0680541992188,4.85303553560591,7.86343708608784
-14.8773193359375,5.49014627112219,7.71756204535067
-14.6865844726563,4.82960349934986,7.41347724022166
-14.495849609375,4.48894085247227,6.56025219268492
-14.3051147460938,4.21884125402277,7.90756995521759
-14.1143798828125,4.38697603292703,6.63034600079258
-13.9236450195313,5.92139698253971,7.93502263711662
-13.73291015625,4.08317044987079,7.2690452458168
-13.5421752929688,5.3213048776193,7.17991422314263
-13.3514404296875,4.32208811153182,7.56818330941296
-13.1607055664063,5.11765262586437,7.53925158005802
-12.969970703125,4.86006626332182,6.93866508621736
-12.7792358398438,6.10442205119335,7.04698722327837
-12.5885009765625,5.51213120285879,8.82138267518868
-12.3977661132813,5.5620436489013,6.96617131291122
-12.20703125,5.47653076574394,9.17394982703756
-12.0162963867188,6.40067285653639,8.31820987654293
-11.8255615234375,5.50262023061464,7.7242957001593
-11.6348266601563,6.29581253962445,7.07962420619765
-11.444091796875,5.78149761442245,7.65026794793535
-11.2533569335938,6.66941030383912,8.27819808054527
-11.0626220703125,6.85336216069538,7.00231105982071
-10.8718872070313,4.98318264562178,8.61628478800473
-10.68115234375,6.0342438111738,9.01623936153516
-10.4904174804688,6.96695652770063,9.3693976757022
-10.2996826171875,7.03267775250711,8.82606468077254
-10.1089477539063,8.58699304275206,7.78211179578617
-9.918212890625,9.08465547210404,9.08921319582565
-9.72747802734375,8.17904687063207,7.92504826860285
-9.5367431640625,8.20092345725086,7.7681458674112
-9.34600830078125,8.55699854577607,8.23837648525075
-9.1552734375,10.5107060451219,6.31165948001686
-8.96453857421875,9.92109728925456,7.57120912253776
-8.7738037109375,9.26460022079141,7.78957237061544
-8.58306884765625,11.1871336228043,6.34688131693077
-8.392333984375,10.1780926186335,6.013514476034
-8.20159912109375,10.8972455293059,5.7555459860851
-8.0108642578125,10.490479208562,5.53045377859855
-7.82012939453125,10.2218149612602,5.14560958449223
-7.62939453125,10.1983830391315,4.37831614383387
-7.43865966796875,10.5980450514531,5.730547647727
-7.2479248046875,10.7340614466752,5.75053044630169
-7.05718994140625,12.2878122231243,4.9568440414685
-6.866455078125,11.2814912488714,3.41827756273778
-6.67572021484375,12.1496988931519,3.12177640046734
-6.4849853515625,12.147569566692,2.67934715759027
-6.29425048828125,10.0795033516829,5.4528331999199
-6.103515625,10.6979659366055,2.71518675578232
-5.91278076171875,10.5855010327726,2.96823900276138
-5.7220458984375,10.3490543425221,2.16773652217376
-5.53131103515625,10.7715386913097,2.31074521131823
-5.340576171875,9.73167809469186,0.608786477497973
-5.14984130859375,10.7635332769061,1.58847655253754
-4.9591064453125,9.02221599668676,2.74432941322432
-4.76837158203125,9.62466972955946,1.6637761265633
-4.57763671875,10.167871423561,0.64413206801163
-4.38690185546875,9.66528267738671,2.04360748778226
-4.1961669921875,9.19321837043031,1.25149186448427
-4.00543212890625,9.47139990521613,0.626139497096935
-3.814697265625,9.47299760252087,-0.323699128854638
-3.62396240234375,8.5687543078055,1.24791588133415
-3.4332275390625,10.0094054267579,2.01800423812853
-3.24249267578125,7.41159056105528,1.07571308104323
-3.0517578125,6.91124980151285,0.718086666041856
-2.86102294921875,7.95895912254887,0.520073356335356
-2.6702880859375,8.78700879829808,1.59423073176614
-2.47955322265625,8.54758866981181,2.96810566981896
-2.288818359375,8.30513688633803,0.642033213044184
-2.09808349609375,9.01839937544549,1.8556273211638
-1.9073486328125,9.556985226721,1.7857284470881
-1.71661376953125,8.56467069224105,1.26493102815834
-1.52587890625,10.663133217438,2.90606127173814
-1.33514404296875,9.75006941255502,2.28903912677158
-1.1444091796875,10.2407593395057,1.55154624800061
-0.95367431640625,8.74164624295987,2.03414159157037
-0.762939453125,9.34660905179151,1.59283969437205
-0.57220458984375,9.04453578507306,0.611686665977563
-0.3814697265625,10.9839629153193,1.56491524337527
-0.19073486328125,9.33661645301028,0.802970287484859
0,10.3543513005973,-0.0666021197124179
0.19073486328125,11.6144729330338,-1.02475180492034
0.3814697265625,10.8768531236801,-0.693237875463899
0.57220458984375,11.0338476084965,-0.300752978360374
0.762939453125,10.0802904122256,-1.68273753788885
0.95367431640625,11.9337199821712,-0.935146345830575
1.1444091796875,11.2162557849989,-1.25881756051921
1.33514404296875,10.6492699834859,-2.22113857872129
1.52587890625,12.269199419492,-1.51606077701079
1.71661376953125,11.4334983120627,-2.89923988363081
1.9073486328125,10.5973870562666,-2.51011220508558
2.09808349609375,10.01738537702,-3.3309466831128
2.288818359375,9.99013979493362,-3.96746574241362
2.47955322265625,10.323476087085,-4.41844245582641
2.6702880859375,10.985159575421,-3.81177687184011
2.86102294921875,9.78548626092717,-4.19386015706158
3.0517578125,11.6413479120506,-6.92378643213022
3.24249267578125,10.2669801676859,-3.42755353806808
3.4332275390625,10.1171865709392,-4.77348089359227
3.62396240234375,8.69073970705269,-5.59522476428715
3.814697265625,10.6525865851948,-5.45432601231677
4.00543212890625,10.4403839169099,-5.73633037548557
4.1961669921875,8.84011754157275,-5.17977277788157
4.38690185546875,8.37667350726612,-5.89991257029237
4.57763671875,6.90527107050242,-6.55535811019409
4.76837158203125,6.81447324811132,-6.22401495460083
4.9591064453125,7.53935609640052,-5.71799883920279
5.14984130859375,7.50961379572192,-5.81125888885384
5.340576171875,6.89401526369214,-6.78642160990467
5.53131103515625,7.05896941922995,-6.35617525971417
5.7220458984375,5.37158630630594,-6.35409131220483
5.91278076171875,5.60689812238986,-6.11547534150816
6.103515625,4.7367794486738,-5.71230779148206
6.29425048828125,6.35253884366459,-6.03329346096878
6.4849853515625,4.98278210008206,-6.0647319956971
6.67572021484375,5.33824170402327,-5.46189422450259
6.866455078125,3.8161333072536,-5.60897524621132
7.05718994140625,2.58286369120637,-5.85571455189426
7.2479248046875,3.07680167250599,-5.15100536893369
7.43865966796875,2.16281374864228,-6.62756120298567
7.62939453125,2.3800763678054,-5.50677736269803
7.82012939453125,2.09272290761196,-4.64176476085587
8.0108642578125,1.05312810037239,-5.07898594237339
8.20159912109375,2.4999856009849,-5.41186089549951
8.392333984375,2.50136347553393,-3.76279346501925
8.58306884765625,3.68130267589003,-5.0586439102125
8.7738037109375,1.41519784944815,-4.66956833613638
8.96453857421875,2.00678440655208,-4.52893556194694
9.1552734375,1.45989882687336,-3.72286016812957
9.34600830078125,0.956785123352967,-3.5737877357204
9.5367431640625,1.69506124322862,-2.79239322611625
9.72747802734375,1.27607389737415,-2.85150955996696
9.918212890625,1.99475190132148,-4.23578413861642
10.1089477539063,1.15927445398198,-1.94681198159194
10.2996826171875,1.85855787807112,-3.31975959404432
10.4904174804688,2.44861946859564,-1.66763206185962
10.68115234375,2.38013524157773,-1.82685557823822
10.8718872070313,0.759403842330984,-1.24446092305144
11.0626220703125,2.26401091436226,-0.0825301406721071
11.2533569335938,1.43207840036347,-3.15537634757386
11.444091796875,3.1615596831261,-0.350426889800589
11.6348266601563,2.83925351994759,-2.36029839903965
11.8255615234375,2.39693658737393,-1.41269141660294
12.0162963867188,2.18566241339646,-0.548376617162434
12.20703125,3.65061354507954,-0.381499405406141
12.3977661132813,4.04336554424404,1.29045567771186
12.5885009765625,3.01173891308059,-1.62641157532119
12.7792358398438,3.53902347326379,-1.06199804447363
12.969970703125,4.4281440595864,-2.08450040416574
13.1607055664063,2.66684003471448,-0.096560483035979
13.3514404296875,5.07578424676041,-0.0701232409238432
13.5421752929688,3.26415905837592,-0.232457982383058
13.73291015625,4.87291187043654,-0.298503567044523
13.9236450195313,4.00119223801685,-0.445249844043603
14.1143798828125,4.46795316427221,-1.90228208564126
14.3051147460938,5.25918610014295,-0.648431995737852
14.495849609375,3.37627162679925,-1.42353991210664
14.6865844726563,5.89608902582504,-2.29486302447226
14.8773193359375,4.60755231429584,-2.02772596649927
15.0680541992188,5.87537381362778,-1.30449946424237
15.2587890625,6.8886905524643,-2.78845230089928
15.4495239257813,4.94142302059241,-4.46297114829391
15.6402587890625,5.07345562806668,-4.55493842297964
15.8309936523438,5.06307380218589,-3.21311604782584
16.021728515625,6.03828921232712,-2.72937858552263
16.2124633789063,5.33360476560192,-3.29604680741581
16.4031982421875,4.59456077108205,-3.38208755873917
16.5939331054688,5.66136796001947,-3.02176187494768
16.78466796875,5.10990644772305,-4.59262109864329
16.9754028320313,5.53098376614055,-3.60795990761233
17.1661376953125,6.26695179466789,-4.0586695635321
17.3568725585938,5.61301626363666,-5.13883096724749
17.547607421875,5.38225686586392,-1.6744188831325
17.7383422851563,5.66157044527498,-4.60005086262595
17.9290771484375,6.03304252691955,-5.05236098347902
18.1198120117188,6.30628628529131,-5.10611771966876
18.310546875,4.30971000681515,-4.56112764445866
18.5012817382813,3.54766972466433,-4.96603892552504
18.6920166015625,4.52246634287155,-5.73636073268495
18.8827514648438,3.18455476685205,-3.99672021751927
19.073486328125,3.68736296601737,-4.76441870261473
19.2642211914063,3.98842288285899,-5.49673682884732
19.4549560546875,3.81104068078794,-6.73487783088749
19.6456909179688,3.03401161159227,-5.56814878667718
19.83642578125,4.4663366853805,-5.64992576793154
20.0271606445313,1.8271518899808,-4.57454791922819
20.2178955078125,1.77569827596283,-5.11368939394738
20.4086303710938,1.71596454727961,-5.04510814597136
20.599365234375,2.48131190844472,-5.41042009155282
20.7901000976563,3.4631081928811,-5.15018452040838
20.9808349609375,2.45584322171001,-5.37493357459752
21.1715698242188,1.42467549209849,-4.42239635670003
21.3623046875,2.38983064785111,-5.18004885278562
21.5530395507813,1.15828157604539,-5.08425117330032
21.7437744140625,1.78357928688998,-5.77943535906142
21.9345092773438,0.667910027456506,-6.12083322785427
22.125244140625,1.14278649721372,-5.2164853200726
22.3159790039063,-0.340464617632461,-4.62416644234881
22.5067138671875,0.711516809511399,-3.72353897163337
22.6974487304688,0.587930422727742,-3.26881514811272
22.88818359375,1.88688084102552,-5.1832727228869
23.0789184570313,1.82213153316986,-4.37582292030571
23.2696533203125,0.929012411860974,-5.18694095010866
23.4603881835938,0.0620748409873967,-5.44563388577267
23.651123046875,0.541778400950099,-4.76098864693958
23.8418579101563,-0.499124806107875,-4.16835783185612
24.0325927734375,0.531037054412142,-3.72035429166184
24.2233276367188,1.43549137785391,-3.71549695672118
24.4140625,-0.618364657840943,-3.68321758867543
24.6047973632813,0.474853890148451,-4.29042047324771
24.7955322265625,-0.184847306217246,-3.11222760837506
24.9862670898438,-0.752361313834785,-2.15077799548462
25.177001953125,-1.45709298096738,-2.95436660229081
25.3677368164063,-0.145138931610694,-2.82473017588788
25.5584716796875,-0.223475366280095,-2.22871307662876
25.7492065429688,-0.925999417869225,-4.91613906742178
25.93994140625,-0.560030620781738,-3.18814634138494
26.1306762695313,0.553644316704634,-3.1045828619215
26.3214111328125,0.916356003194912,-3.34023770068324
26.5121459960938,-1.25058927810711,-1.72691646209358
26.702880859375,0.234706936601894,-2.39444531821565
26.8936157226563,-0.384892285765453,-2.7016367318974
27.0843505859375,-0.523624846632146,-1.52674987411453
27.2750854492188,-0.613884460906657,-2.17329374444374
27.4658203125,-0.153778499536985,-1.50599698760574
27.6565551757813,0.306016696373979,-1.95434567809654
27.8472900390625,0.941493857362946,-1.44471350810192
28.0380249023438,0.679988690687338,-1.75159966878673
28.228759765625,-0.847239657908049,-2.67321448855503
28.4194946289063,-0.0396631267329366,-1.96112411456445
28.6102294921875,-1.32708693963195,-1.81528789999449
28.8009643554688,1.36431387057106,-1.67809805307037
28.99169921875,1.1537412519658,-0.549305137902888
29.1824340820313,0.331288549827602,-0.407852190845784
29.3731689453125,0.430265697333821,-0.475267981590544
29.5639038085938,1.1944150964975,-1.59078474569841
29.754638671875,1.46531036885995,-0.108657974215876
29.9453735351563,1.69455994665423,0.806312217579183
30.1361083984375,-0.0395354517642154,-0.776574292339339
30.3268432617188,1.20271286055255,-2.06120627324474
30.517578125,-0.0737007498284625,-0.860655540851999
30.7083129882813,0.495217473517227,-1.42061989866351
30.8990478515625,2.1819050354256,-2.10051903472819
31.0897827148438,1.57434757166096,0.0256626720663765
31.280517578125,0.504757271982178,-2.48119553490038
31.4712524414063,1.91239506188347,-2.07610390404546
31.6619873046875,2.36797476254034,-0.662161236862713
31.8527221679688,1.72277507985262,-0.677544941316095
32.04345703125,2.99530562396724,-4.17162318975073
32.2341918945313,1.99698103656263,-0.673211714926744
32.4249267578125,2.58541415273709,-2.04953234787752
32.6156616210938,2.83975395802231,-2.46794796265837
32.806396484375,2.03886537895494,-1.01559368207488
32.9971313476563,2.37627925331962,-0.944415717007134
33.1878662109375,1.60343321965738,-2.15706279948097
33.3786010742188,1.01067181904984,-2.65750029694442
33.5693359375,2.97349426016478,-1.62411991241579
33.7600708007813,2.86482974182264,-2.670895373922
33.9508056640625,2.52843254809258,-1.50226884467923
34.1415405273438,2.49257683451785,-2.16474395844273
34.332275390625,2.60928424405502,-2.3045604632795
34.5230102539063,0.717823097210792,-4.43745711889599
34.7137451171875,1.29476780073478,-3.77557963229723
34.9044799804688,1.40378798697353,-3.0859748304971
35.09521484375,1.65099644361616,-2.76022442738742
35.2859497070313,1.67072643740673,-2.65641018606559
35.4766845703125,1.07406998010746,-3.91472345980403
35.6674194335938,2.91780126897268,-3.30941446018747
35.858154296875,0.348701842561338,-1.27981882140404
36.0488891601563,2.47307636003989,-3.13420991482862
36.2396240234375,1.18139502963382,-4.15632277570766
36.4303588867188,2.02673798307905,-3.81123311754925
36.62109375,1.83646708028999,-3.62337859827438
36.8118286132813,1.78951859203,-4.46653043321794
37.0025634765625,0.710434665491816,-5.2506944674314
37.1932983398438,1.29284731031038,-3.33855883875982
37.384033203125,0.445956564540509,-4.62128757896226
37.5747680664063,1.71500942764075,-3.01043297695556
37.7655029296875,0.978263942226904,-2.80914295450222
37.9562377929688,0.013269219971671,-4.26715348047735
38.14697265625,1.90804887317135,-4.31212334289644
38.3377075195313,0.990871286434728,-5.73876981289189
38.5284423828125,1.01696026645352,-5.48213142594057
38.7191772460938,0.477289402107608,-2.77915460109402
38.909912109375,0.786951463276626,-4.39868558892425
39.1006469726563,-0.417700411936289,-3.48573342521116
39.2913818359375,-0.376543966389986,-4.28210267226152
39.4821166992188,0.945836747223709,-4.4178410214281
39.6728515625,-0.881132883620441,-4.10353258622095
39.8635864257813,-1.21848057211365,-4.39167632921142
40.0543212890625,-0.0267335796250028,-3.84255262349031
40.2450561523438,1.04077205207559,-2.53905695156306
40.435791015625,-0.488899446063532,-2.39705158892617
40.6265258789063,-0.0743252825248533,-2.94487975854114
40.8172607421875,-2.24345429577073,-2.19399431530494
41.0079956054688,0.415404375093398,-2.81308062037394
41.19873046875,-0.367849404417797,-3.43614628723263
41.3894653320313,0.295335380116311,-2.91624501848549
41.5802001953125,-0.267874043235708,-3.07622542329702
41.7709350585938,0.996594906961499,-3.14209111111568
41.961669921875,0.671288745857484,-3.0031435174792
42.1524047851563,-0.684675475032382,-2.20617387973615
42.3431396484375,-0.510270402056997,-3.3728187015238
42.5338745117188,-1.7508072283069,-1.77676381401029
42.724609375,-1.02197723615555,-1.99178796626263
42.9153442382813,-0.166104807439439,-1.89110487714119
43.1060791015625,-1.8149233055124,-4.78259008970183
43.2968139648438,0.491961298672841,-1.70589302722885
43.487548828125,-1.1648481931129,-1.88342518259188
43.6782836914063,-1.31938911872542,-1.71243504494015
43.8690185546875,-2.31484965482025,-3.11980738424347
44.0597534179688,-1.15161815303166,-1.580871524124
44.25048828125,0.444948768245237,-2.26177484037321
44.4412231445313,0.243614714465818,-2.63774743592272
44.6319580078125,-2.48307677544,-1.77024751255834
44.8226928710938,-0.980760383659966,-1.64770566257695
45.013427734375,-0.11057283610113,-2.92244839907788
45.2041625976563,-1.53530588307528,-2.03683370051693
45.3948974609375,-0.769284263503605,-1.24990771023806
45.5856323242188,-0.576750146103883,-2.31927863165002
45.7763671875,-1.32572040762931,-1.69481252733443
45.9671020507813,0.65308219772352,-2.1618944622405
46.1578369140625,-0.398106270049202,-2.25197325112878
46.3485717773438,-1.27277462957022,-2.25295662509417
46.539306640625,0.0533440814838543,-1.85436025634338
46.7300415039063,-0.0606144615334008,-3.88416358373489
46.9207763671875,-2.01443385332238,-0.222685062685566
47.1115112304688,-0.344111957619583,-2.72467821065602
47.30224609375,-0.294208935650364,-1.8825403513913
47.4929809570313,-0.905626402219766,-2.44977601894708
47.6837158203125,1.0862856163158,-2.24607505417488
47.8744506835938,0.55339171187181,-2.23247651624629
48.065185546875,-2.51724525732197,-1.91505721312211
48.2559204101563,-0.649383498164694,-1.7732130519427
48.4466552734375,-0.626804311240755,-1.98371826069136
48.6373901367188,-0.883394340576936,-1.31916976192029
48.828125,-0.785409293053159,-2.47725494270518
49.0188598632813,-2.1283780836135,-1.57093563361148
49.2095947265625,-1.82770406774513,-1.18362375558685
49.4003295898438,-0.403637122051284,-1.38459438164325
49.591064453125,-1.13480883516854,-1.08886546538751
49.7817993164063,-1.43800675650808,-1.95087349700015
49.9725341796875,-1.74678284150103,-1.36489474532359
50.1632690429688,-0.772451983068328,-1.2650785418904
50.35400390625,-1.12136739528183,-3.48540592756199
50.5447387695313,-1.40732991971276,-1.04188071422354
50.7354736328125,-0.745101389196809,-1.60534610287478
50.9262084960938,-1.62224437281228,-2.33246874424446
51.116943359375,-0.358168919414947,-0.840457651541376
51.3076782226563,-1.61066169792384,-2.24287992564946
51.4984130859375,-0.401749407076731,-0.47312246866485
51.6891479492188,-2.03402175498419,-2.03991111284554
51.8798828125,-2.07913952562231,-0.535989956512211
52.0706176757813,-0.85469651802081,-0.315819062453663
52.2613525390625,-0.690299510675234,-0.462581754691035
52.4520874023438,-0.353323539980439,-2.17152144865424
52.642822265625,-1.7762094110079,-2.09089243285877
52.8335571289063,-2.08029850276835,-0.87984238536463
53.0242919921875,-0.879978627810763,-1.43478463912739
53.2150268554688,-1.39194059717913,-1.35674429159906
53.40576171875,-0.67426466010633,-1.23362149954906
53.5964965820313,-2.14814305557337,-1.45800043760992
53.7872314453125,-1.45739806719621,-2.51930773042327
53.9779663085938,-0.108956663402221,-0.99425508970945
54.168701171875,-0.274193339039677,-1.54099597637216
54.3594360351563,-1.52562970450082,-2.00201572112888
54.5501708984375,-0.530300223259508,-0.448445902907378
54.7409057617188,-1.61580897057606,-0.157550899839048
54.931640625,-1.42149343728689,0.0746396652996456
55.1223754882813,-1.67531501135326,-0.378692976722726
55.3131103515625,-1.15967262283043,-1.74152506005565
55.5038452148438,0.313141728143896,-1.82436538895707
55.694580078125,-1.19962749468496,-2.19205178608711
55.8853149414063,-0.78792057622642,-2.19908415541035
56.0760498046875,-1.29035288045352,-0.568871413248638
56.2667846679688,-0.883719584853519,-0.780003809017799
56.45751953125,-0.744630635457044,0.35986235379271
56.6482543945313,0.0941490717857831,-0.931071367320262
56.8389892578125,-0.917668560552177,-1.44865572636532
57.0297241210938,-0.0434217126919595,-1.70535958085285
57.220458984375,-2.21835725980612,-1.13164945706436
57.4111938476563,-0.432871786443203,-1.44357761040291
57.6019287109375,-0.952148696174938,-0.9294896870083
57.7926635742188,0.263456837511075,-1.73908952210312
57.9833984375,-0.43186748627454,-2.58965829944755
58.1741333007813,-0.827784187923724,-0.289638904297587
58.3648681640625,-0.185478172731275,-0.440496253399083
58.5556030273438,-0.225501576793843,0.0951577199623775
58.746337890625,-0.861292311138967,-1.91331865630308
58.9370727539063,-0.633541614087446,-0.141952194655461
59.1278076171875,0.0198743347291646,-2.30505337673836
59.3185424804688,-1.42765684728221,-1.59815736176137
59.50927734375,-0.837275847723336,-0.503027315084396
59.7000122070313,-1.81055106790721,-1.67255235249401
59.8907470703125,-1.97297924017481,-1.56682240676152
60.0814819335938,-2.41051806145138,-1.256484848893
60.272216796875,-1.43737989127905,-1.42785398696713
60.4629516601563,-1.58671563437908,-0.869378648666014
60.6536865234375,-3.36151000496586,-0.292499396543965
60.8444213867188,0.351319665825663,-0.769000125072553
61.03515625,-2.06301375790147,0.918487005733867
61.2258911132813,-1.85044564244712,-1.7701702007722
61.4166259765625,-0.733620743565704,0.334552328192456
61.6073608398438,0.00792429458543008,0.362093484866035
61.798095703125,-0.107233538248305,0.331766131695526
61.9888305664063,-0.938981367424542,-1.17114385018789
62.1795654296875,0.37186748152366,-1.44472110125428
62.3703002929688,-1.1103640814179,-1.60646201931193
62.56103515625,-1.10089395364951,-0.726107457974917
62.7517700195313,-1.20102354075799,-1.31896643482422
62.9425048828125,-0.436327690473744,-1.38040313831905
63.1332397460938,-0.554759044103173,-1.41670534177066
63.323974609375,0.191450714774044,-0.87840705213702
63.5147094726563,-1.11073221372757,-0.905502498897824
63.7054443359375,-0.175131448474487,-0.649205210966421
63.8961791992188,-1.59244243537422,-0.622948410467222
64.0869140625,-1.41096167215796,-0.685330048086424
64.2776489257813,-1.3486668133326,-0.839068656718319
64.4683837890625,-1.47905035008241,-0.644649433561409
64.6591186523438,0.164680095671534,-0.284927883603395
64.849853515625,-0.0242630823231978,-1.6246759233711
65.0405883789063,-0.389376563150276,-0.766487044796586
65.2313232421875,-1.18867744736775,-1.15298198875578
65.4220581054688,-0.935081185250244,0.255246247632633
65.61279296875,-1.62100985557563,0.213704082790614
65.8035278320313,-1.41984709151045,-0.0714085104630597
65.9942626953125,-0.40926511427469,1.20714733252705
66.1849975585938,-1.61202861650109,-0.38052791443738
66.375732421875,-1.18851826527287,-1.03518411521996
66.5664672851563,-1.10372296694775,-0.0328633620039823
66.7572021484375,-0.322003708239016,-0.701347273572757
66.9479370117188,-0.537929164824416,-1.47159359467742
67.138671875,0.0131157280833891,0.380669907056973
67.3294067382813,-0.49020702945264,-0.983093034193771
67.5201416015625,-0.848828610871434,-0.737132504708331
67.7108764648438,-1.96845952396668,-0.86041584997084
67.901611328125,-0.894401020616127,-0.289925315204984
68.0923461914063,-1.36741834305533,0.123828044069234
68.2830810546875,-1.82328671618253,-0.905986539118342
68.4738159179688,-0.38310396801208,-0.824303163032537
68.66455078125,-1.44665179048535,0.224463718886225
68.8552856445313,-2.40258170495456,0.107643476719695
69.0460205078125,-0.325887591809349,0.163433954913989
69.2367553710938,-0.797864800408823,-0.70758077722084
69.427490234375,-1.75649638209816,-0.721451789038608
69.6182250976563,-1.53946534506924,-0.078459126829871
69.8089599609375,-1.0896102342771,-1.17419239554442
69.9996948242188,0.47405189698251,-1.47460697622688
70.1904296875,0.465718745138662,1.10843519446657
70.3811645507813,-0.862068346461065,-0.128877996986527
70.5718994140625,-1.93729037969129,0.167525860691647
70.7626342773438,-1.40249203849754,1.13270395931595
70.953369140625,-0.587028026417275,0.215320293796685
71.1441040039063,-0.16697619528484,-0.231871298039269
71.3348388671875,-2.73650836398631,0.0279786214848248
71.5255737304688,-1.2003567588012,-0.702062827917195
71.71630859375,0.65342470493353,-0.573714300216546
71.9070434570313,-1.24659271976518,0.213539931153546
72.0977783203125,0.553325951183066,-0.491987460442875
72.2885131835938,-0.31721896429405,0.455044857677519
72.479248046875,-1.45753780385904,0.0271947935155748
72.6699829101563,-0.499368157004844,0.26560836351944
72.8607177734375,-0.460353902971943,-0.925911479233313
73.0514526367188,-0.278791859502293,-0.240294070780334
73.2421875,-0.53320686902006,0.579292356495134
73.4329223632813,-0.513174034639314,-0.330654121962278
73.6236572265625,-1.13970811219105,-0.225604944603207
73.8143920898438,-1.76071513086379,-0.912904755225839
74.005126953125,-0.858241748989859,-0.476128130171309
74.1958618164063,-1.28884718803047,-0.624527020449477
74.3865966796875,-1.92101710370383,-0.730883923359114
74.5773315429688,-1.07441978973738,-1.27068943778326
74.76806640625,0.170321060841952,-0.492221616706528
74.9588012695313,-1.99068033740534,-0.730489468020313
75.1495361328125,-0.832035988492786,0.685175887466348
75.3402709960938,-0.368758532407238,0.479946617459045
75.531005859375,-1.3198617314297,-0.247147149720167
75.7217407226563,-1.13490142251251,1.00491757036706
75.9124755859375,-0.536798620778164,-1.59543292131084
76.1032104492188,-0.881819944651608,0.344863847698418
76.2939453125,-1.87524393306168,1.39464610993041
76.4846801757813,-1.76143370977035,0.582392445350248
76.6754150390625,-0.129064249405388,0.249317741506749
76.8661499023438,-0.794888119405,0.638468773954954
77.056884765625,-1.72582020177341,-0.335322853002322
77.2476196289063,-0.910846330374965,0.219396346778607
77.4383544921875,0.0816240355826268,-0.384563322543245
77.6290893554688,-0.173089708971133,-0.986431682468609
77.81982421875,-0.121348037232438,0.28034527690692
78.0105590820313,-2.0260881946428,-0.152498013490408
78.2012939453125,-0.38871975549858,0.633698807510913
78.3920288085938,-2.12988227277697,0.0459526028518332
78.582763671875,-1.30194574161243,0.927891478400387
78.7734985351563,-0.649693836291554,1.38056276556929
78.9642333984375,-1.23059391720383,-0.779213251270209
79.1549682617188,-0.950434675247052,-0.423360329539815
79.345703125,-0.765926999190801,0.229878061902097
79.5364379882813,-1.98717088551049,-0.175612896031273
79.7271728515625,-1.01126318078242,-0.633933807461628
79.9179077148438,1.03089615028749,-0.816255066217493
80.108642578125,-2.18978222347108,-0.341374864857726
80.2993774414063,-1.53067190750548,1.08939102190549
80.4901123046875,-2.11664640233076,0.0954836811858294
80.6808471679688,-0.104042061316177,-2.07187894322257
80.87158203125,-1.24909841392595,-0.984418035604049
81.0623168945313,-0.505960080253248,-0.491797214460233
81.2530517578125,-1.03688109229282,0.25853697436943
81.4437866210938,-0.112016504482503,-0.254413577891935
81.634521484375,-1.15634849641829,-0.0839920849193122
81.8252563476563,-0.993471609981802,-0.380348464740201
82.0159912109375,-1.32121374487299,-0.384172969868992
82.2067260742188,-0.594880561766582,1.30525436520321
82.3974609375,-1.57992924517455,-0.370613753079074
82.5881958007813,-1.70454253058314,1.44801331661192
82.7789306640625,-0.256258784891916,1.33875744890749
82.9696655273438,0.21685247285032,0.0953122553320237
83.160400390625,-1.87054954155389,-0.315633741910289
83.3511352539063,-0.207646689167937,-0.511874661120232
83.5418701171875,0.1189428927079,-0.332891166441288
83.7326049804688,-0.714235062593575,1.57223804926641
83.92333984375,-1.51519372098261,-0.165811142180186
84.1140747070313,0.455449977557453,0.0905911752625295
84.3048095703125,-0.412334966012029,-0.929570402556591
84.4955444335938,-1.09810087221609,0.480259437545554
84.686279296875,0.533144747495595,0.844657373907676
84.8770141601563,-0.481987053987235,0.415761690517533
85.0677490234375,-0.938146048314238,0.121728022107595
85.2584838867188,-0.624450257502921,0.239422081222241
85.44921875,-0.508162525589094,0.939329418537369
85.6399536132813,-0.132459219824404,1.4732577176991
85.8306884765625,0.0402888786683936,-0.188961760280485
86.0214233398438,-0.837886667240567,-0.374708281559284
86.212158203125,0.20880095364815,0.498136956039977
86.4028930664063,-0.215775257134719,1.16429738912084
86.5936279296875,-0.945746948897886,0.31927562549167
86.7843627929688,-0.664704556799944,0.477675242474184
86.97509765625,-0.41357883544083,0.14120100166686
87.1658325195313,-1.42375983201846,-0.53439118417607
87.3565673828125,-0.857622494381142,-0.089433231852821
87.5473022460938,-0.864714441681686,-1.11525094663182
87.738037109375,-1.74018042681493,-1.92501076039296
87.9287719726563,-0.149573833831279,0.221827577864984
88.1195068359375,-2.33740418445078,-0.260185764033703
88.3102416992188,-0.695873496414501,-0.780690223032695
88.5009765625,-0.63347231404018,1.19088545800396
88.6917114257813,-0.209909754085434,0.957601582867472
88.8824462890625,0.211965043811952,-0.0329022152800977
89.0731811523438,-0.406590265589333,-0.236213714977981
89.263916015625,-1.5208711759645,-0.278995956079239
89.4546508789063,-1.89740124102845,-0.319996989612957
89.6453857421875,0.0299799064207094,0.820577732303905
89.8361206054688,0.679549908282548,1.3913686187852
90.02685546875,-0.179345450740943,-0.365652357559065
90.2175903320313,-0.685725372569337,0.363563670284234
90.4083251953125,-0.939179034340244,0.544926378021807
90.5990600585938,-0.619418567666367,0.363990525520922
90.789794921875,-0.0967775548893579,0.0137713443837752
90.9805297851563,-2.72293525926791,0.104787956901446
91.1712646484375,-1.41220489329433,0.773198886686586
91.3619995117188,-2.28298688947501,0.189567462845807
91.552734375,0.226611906757521,-0.189607865711992
91.7434692382813,-0.782294284017648,0.428165988132239
91.9342041015625,-0.976951546937736,-0.460407333170936
92.1249389648438,0.0953432520083972,0.629507021827908
92.315673828125,-0.608413774461812,0.950736744426626
92.5064086914063,-0.817508745125102,1.3871822563435
92.6971435546875,-2.07414937884627,0.727032041071631
92.8878784179688,-1.37982768277363,1.2631470689593
93.07861328125,-0.801218416847014,1.60477946551145
93.2693481445313,0.190510983863455,0.943607167568733
93.4600830078125,-1.54014842732624,0.12710124251037
93.6508178710938,-1.45483669276043,1.87540701251095
93.841552734375,-0.83633284986492,-0.203663771141809
94.0322875976563,-0.894440126349934,1.13565149581216
94.2230224609375,0.692173998008265,0.936192156759302
94.4137573242188,-1.87579003467919,0.621086204208531
94.6044921875,-0.507342915640309,1.30360988935779
94.7952270507813,-0.270216679546849,1.32704772963088
94.9859619140625,-1.15362095945525,-0.461685209395146
95.1766967773438,0.885551452055112,2.25736903117031
95.367431640625,-0.986744310041689,0.129842519499957
95.5581665039063,-0.953754768026824,0.879197645301723
95.7489013671875,-1.35682583198019,1.01945497046227
95.9396362304688,-1.47894397827909,1.7706123342701
96.13037109375,0.281840934786965,0.318612904462793
96.3211059570313,-0.619749526839379,1.53395643514716
96.5118408203125,0.955813619805321,0.172455057857572
96.7025756835938,-0.240494671342882,0.283912223560969
96.893310546875,-0.0369774011637583,0.0287804680498131
97.0840454101563,-0.171767848053787,0.401828321120967
97.2747802734375,-0.698713293588319,0.888347811808975
97.4655151367188,0.634543327058019,0.550853231942719
97.65625,-0.585706856795264,-0.952666927553727
97.8469848632813,-1.38689024595134,1.1234546354689
98.0377197265625,-2.31284238149977,0.578790922422292
98.2284545898438,0.0511317738868377,0.557383581779706
98.419189453125,-0.702605402320422,2.01853324360058
98.6099243164063,-1.24536766589601,1.52603049433115
98.8006591796875,1.084747386204,-0.22206497523861
98.9913940429688,-0.693211147578418,-0.201652265742438
99.18212890625,-1.2366784206322,-0.225867513131391
99.3728637695313,-1.14943900559855,1.74336454949418
99.5635986328125,0.239574568790586,0.843973432614959
99.7543334960938,0.541493169473139,0.523519544837655
99.945068359375,-2.05194438447476,0.432728728105399
