Fre(kHz),Re,Im
-99.945068359375,0.935323964748263,2.53251074589779,ZeroPoint:Tj,62,0.025
-99.7543334960938,-2.45083547920058,2.3485506386646,Const.;stime,2.85884872,6.4E-07
-99.5635986328125,-0.0729409455629164,0.693821064023006,Fre.Range:Tau,-100:100,1.5E-05
-99.3728637695313,0.747854491999462,2.04910918182001,FFTSize:DataSize:Firstpul,8192:8192,5E-07
-99.18212890625,0.0628172793411831,0.395057595876146,5msF025,Freq.=141410000
-98.9913940429688,0.422492764280387,1.87677467879983
-98.8006591796875,-1.38198494752695,0.668074361102613
-98.6099243164063,-0.219443379671373,1.57676242518112
-98.419189453125,1.61361116881536,-0.321717595814754
-98.2284545898438,1.2151458620878,1.33881743982638
-98.0377197265625,0.898570497544827,-0.0852204513470631
-97.8469848632813,1.68246704519632,1.15747055268826
-97.65625,1.21609218462692,-0.922910778470192
-97.4655151367188,-0.198050651282724,1.56545433299787
-97.2747802734375,1.42639805130066,2.00135919389931
-97.0840454101563,-0.306571576132885,0.393052493077514
-96.893310546875,-1.31711320436413,1.3604803944516
-96.7025756835938,0.244900653278744,0.323874558138882
-96.5118408203125,-0.371879495175253,-0.313916777708499
-96.3211059570313,-0.721503082792501,0.752068239889877
-96.13037109375,-0.885176078223425,1.02564261367632
-95.9396362304688,-0.674399468844086,-1.04186094668917
-95.7489013671875,0.549888269557854,1.29852264910887
-95.5581665039063,-0.24915782415551,0.9934602833985
-95.367431640625,-0.752233706729721,0.321957728065745
-95.1766967773438,-0.287336102583746,-0.00864349762888736
-94.9859619140625,0.403119437606511,0.261915366916542
-94.7952270507813,-0.743667313219829,1.41567056629423
-94.6044921875,0.878297928854926,0.741084761831242
-94.4137573242188,0.290510924113068,0.676184469290709
-94.2230224609375,1.88418752422371,-1.10672907273339
-94.0322875976563,0.0810871683426876,0.709618767130112
-93.841552734375,0.214332824393637,0.979801324101102
-93.6508178710938,0.115979912579369,1.81348203330086
-93.4600830078125,0.806482211469162,1.01378682203985
-93.2693481445313,-0.520263979305241,0.250360687492646
-93.07861328125,-0.199346576589048,0.790203426897195
-92.8878784179688,1.54426734461987,1.16174798418446
-92.6971435546875,-0.425194076400563,-0.616787797376668
-92.5064086914063,0.483934148258548,-0.765187752762405
-92.315673828125,-0.381563737904354,0.150195567273399
-92.1249389648438,-0.101182526989199,1.88318840374249
-91.9342041015625,-1.71803639023639,1.07584584727454
-91.7434692382813,-0.59619141581271,1.82576294444478
-91.552734375,0.333181632785253,2.27617762941545
-91.3619995117188,-0.665081733078974,0.127933121859914
-91.1712646484375,0.335698287386046,1.80937832798203
-90.9805297851563,0.2049801511201,-0.521081801756793
-90.789794921875,-0.633346600375089,0.0179816490899208
-90.5990600585938,0.537186402738044,1.32717807509472
-90.4083251953125,-0.648144667113267,1.61868774508411
-90.2175903320313,-0.11159116627919,0.207566961675421
-90.02685546875,1.85738621349682,2.67371379487032
-89.8361206054688,-0.313697540500705,0.76707922328257
-89.6453857421875,0.90458152882259,1.07408002725768
-89.4546508789063,-0.464199704608036,2.2362302867919
-89.263916015625,-0.224150865559903,1.65356652542136
-89.0731811523438,-0.244704521337413,0.743997714723996
-88.8824462890625,0.493835886429725,0.52574626106075
-88.6917114257813,0.485621528491487,2.10668494759534
-88.5009765625,-1.24860933748611,0.32546065246034
-88.3102416992188,1.39659175718827,1.89760119415574
-88.1195068359375,0.148625517571364,0.476270766674626
-87.9287719726563,1.40877239375365,0.484968216964765
-87.738037109375,-0.0755775600026009,0.89804914582987
-87.5473022460938,-1.00801232576673,1.12920658591622
-87.3565673828125,-0.0343602461063288,2.71684034487818
-87.1658325195313,0.722902137630045,0.330138770742616
-86.97509765625,0.723843125316716,1.10769701489972
-86.7843627929688,1.11188893057472,0.818506500799981
-86.5936279296875,-0.633714718409894,0.799733518825314
-86.4028930664063,2.27986959195838,-1.08264920549741
-86.212158203125,0.146856028170026,1.5183611275774
-86.0214233398438,0.0470696139782532,1.69106954690353
-85.8306884765625,-0.969032646207828,0.773942707475019
-85.6399536132813,0.795481341812489,1.74462703745758
-85.44921875,0.00196392082155198,0.444931580096925
-85.2584838867188,-0.960710346977326,0.857222400463948
-85.0677490234375,-0.483523483862453,0.0939804411165556
-84.8770141601563,1.28222486337329,0.668603688493117
-84.686279296875,-1.54505771273516,2.04303389697453
-84.4955444335938,1.11686069239782,1.82442669290087
-84.3048095703125,0.947438778268236,1.68317411784698
-84.1140747070313,-0.425939765087709,0.903705142214609
-83.92333984375,0.749732507314421,1.47599001219363
-83.7326049804688,-0.491234995480232,0.556164463193472
-83.5418701171875,-0.719952577206862,0.0348133678914481
-83.3511352539063,0.0236946544260797,2.31095725573412
-83.160400390625,-0.000598157239456096,0.565143627854374
-82.9696655273438,-0.135478877878877,-0.607717786681403
-82.7789306640625,0.919435739828794,1.28424294579311
-82.5881958007813,0.830144840138444,0.125428355899223
-82.3974609375,2.09308701880815,-0.804674213610128
-82.2067260742188,0.785919366498475,-0.474312923010043
-82.0159912109375,1.30696305420635,1.39335725470941
-81.8252563476563,0.162100153457146,0.939937185111512
-81.634521484375,-0.387916286875518,1.0531943082268
-81.4437866210938,-0.0508642079957817,1.39781781538781
-81.2530517578125,0.918097689673801,-0.47292067507878
-81.0623168945313,-1.95077520708417,1.85765114397268
-80.87158203125,0.00211300162761478,2.54895210540839
-80.6808471679688,0.560197653904073,0.0757878307658078
-80.4901123046875,0.974250468164681,2.12275542040269
-80.2993774414063,-0.0360009248872993,1.24806195607718
-80.108642578125,-0.183927672097904,-0.175782049549529
-79.9179077148438,-1.00135897454528,2.4285234539095
-79.7271728515625,0.978277928069966,1.55808754301377
-79.5364379882813,0.660163424130082,1.3677970704681
-79.345703125,-0.428348099477325,0.769196876603491
-79.1549682617188,-0.376134952632385,0.507680201714319
-78.9642333984375,-1.53649450177779,1.13585646121196
-78.7734985351563,-0.846339687576059,1.79784955464852
-78.582763671875,0.559826877405584,1.04588107045427
-78.3920288085938,-0.252845122925147,-0.370664605309671
-78.2012939453125,1.3165479998892,1.86751630693552
-78.0105590820313,-0.710487482559428,1.71272714341761
-77.81982421875,0.135907536039053,2.18351391688869
-77.6290893554688,0.366634382689354,1.30139013300201
-77.4383544921875,0.109915744194986,0.574641603385917
-77.2476196289063,0.120160774144265,1.13532300336629
-77.056884765625,1.69996478118321,0.767419291740832
-76.8661499023438,-0.477796653913163,1.48169392271033
-76.6754150390625,-0.425759034839212,0.574316513054184
-76.4846801757813,-0.117433177173789,0.989105098684653
-76.2939453125,-0.209351523365249,1.35325153562762
-76.1032104492188,-0.477255626705679,1.30059937142693
-75.9124755859375,0.421822337795268,0.975312390063495
-75.7217407226563,-0.56372139513176,0.433483039367864
-75.531005859375,0.311338318518003,0.956925168817294
-75.3402709960938,-0.575060919500802,-0.307464604206481
-75.1495361328125,-0.470860553759676,1.02357330576245
-74.9588012695313,1.24136492588836,2.82700378269678
-74.76806640625,-0.211267629187143,-0.0657169910556713
-74.5773315429688,-0.728365497450072,0.788674429674749
-74.3865966796875,0.494159027226711,2.13733030284672
-74.1958618164063,-0.136729531737187,1.11578003925894
-74.005126953125,-0.1306423845319,0.860387014214705
-73.8143920898438,-0.120604366279161,1.24530676335696
-73.6236572265625,-1.40878142609663,2.66533631678268
-73.4329223632813,-0.631888114877065,1.96962375722685
-73.2421875,0.243553616710783,0.262784651732975
-73.0514526367188,1.71551289753798,-0.591682030408193
-72.8607177734375,0.447749032675464,2.60180640866595
-72.6699829101563,-0.604182477028582,2.50854370243595
-72.479248046875,-0.877420138183002,0.173217422328687
-72.2885131835938,0.14391811133028,0.630424322380871
-72.0977783203125,0.751009925281619,0.728056853817989
-71.9070434570313,-0.0956172618244954,1.22397401369086
-71.71630859375,0.516780851126871,2.52196616083976
-71.5255737304688,0.399385017181147,0.374935444929643
-71.3348388671875,0.530791217105757,-0.37630444572593
-71.1441040039063,-0.201604024305444,2.22061305826519
-70.953369140625,-0.703448168771857,2.27810466697409
-70.7626342773438,1.24776038555703,2.18241742029262
-70.5718994140625,-0.0747511264246152,0.575194587415323
-70.3811645507813,-0.568609532774654,0.942762130506892
-70.1904296875,0.144693982510217,-0.315004453763418
-69.9996948242188,-0.106804101046171,1.04961422900973
-69.8089599609375,-0.172522537622556,1.21329140371595
-69.6182250976563,-0.601290181400644,2.03720462943953
-69.427490234375,0.629116685651794,1.64979607932801
-69.2367553710938,0.783895928145975,1.58578607387392
-69.0460205078125,-0.581634226329024,1.75182530412227
-68.8552856445313,0.404143303853615,1.90073397845626
-68.66455078125,0.327242202845378,-0.308634163598031
-68.4738159179688,1.00508414209635,2.34635950814651
-68.2830810546875,-0.413786121293112,1.51305918323304
-68.0923461914063,-0.00943923934696124,1.78358770627718
-67.901611328125,1.75828925429451,1.31847344684978
-67.7108764648438,0.204122813361545,1.70300584929176
-67.5201416015625,1.22041799611251,0.813114021711709
-67.3294067382813,1.02421560065286,1.29910572171236
-67.138671875,-1.05390234374184,0.858419846007417
-66.9479370117188,-0.504650472797288,1.65241272385833
-66.7572021484375,-0.312275321776763,2.36853942294502
-66.5664672851563,-0.688060295787271,1.29073992295544
-66.375732421875,1.44901246759025,0.839439962477734
-66.1849975585938,0.255529517511895,0.811826588918891
-65.9942626953125,-1.36686238386955,2.03499458612621
-65.8035278320313,0.230016454054807,0.924316130915835
-65.61279296875,0.0465074534415705,2.12012745458794
-65.4220581054688,-0.365061950973788,0.455056445926915
-65.2313232421875,0.961905234259859,0.256067827767208
-65.0405883789063,-0.332419272547983,0.810945933047264
-64.849853515625,1.21717096315908,0.9268330726235
-64.6591186523438,0.709900327213334,2.13185363796011
-64.4683837890625,-0.295812390059351,1.05253108572531
-64.2776489257813,0.554034955265785,0.408507878801275
-64.0869140625,1.94578692147637,-0.0242206831883507
-63.8961791992188,0.501281462190953,0.713014815328467
-63.7054443359375,0.612470826848697,1.26289645022684
-63.5147094726563,1.37407428114067,0.0380817917134961
-63.323974609375,0.446019551562493,0.37029950057344
-63.1332397460938,-0.566009457416873,2.77725590956246
-62.9425048828125,0.830326782738614,1.29463818112925
-62.7517700195313,-0.214779176990291,2.54258037992457
-62.56103515625,1.08827017249561,1.57859888949894
-62.3703002929688,-0.165827512532788,1.0661320466833
-62.1795654296875,1.33021839270357,1.08973486379283
-61.9888305664063,0.860892021347191,0.873358221530818
-61.798095703125,-0.773315781901502,1.57199510569437
-61.6073608398438,0.525896600746766,2.68656906664579
-61.4166259765625,0.335568585591647,1.59571357364474
-61.2258911132813,0.822602639298151,1.04860058202201
-61.03515625,0.342474970616574,1.02121001091208
-60.8444213867188,0.71901084355838,1.6931259122968
-60.6536865234375,0.604976297860487,2.30186891828105
-60.4629516601563,-1.66220781485967,1.82680382049979
-60.272216796875,1.10582040640863,1.83873927435051
-60.0814819335938,-0.488251566143686,2.40495028551993
-59.8907470703125,-0.147123129230886,1.01515757777158
-59.7000122070313,0.459605112700829,1.21037672674427
-59.50927734375,-0.145759714345241,-0.0531410128235917
-59.3185424804688,2.40162365739515,1.13510187009538
-59.1278076171875,-1.58619659412352,0.820950478251574
-58.9370727539063,0.210781417143853,1.9443438435888
-58.746337890625,-1.0636938344131,-0.503670385401551
-58.5556030273438,0.555454186058947,0.418965339275738
-58.3648681640625,-0.255037037696306,0.985238134947341
-58.1741333007813,-0.866396967307263,1.74881652782309
-57.9833984375,-1.73432584369256,0.514056290842338
-57.7926635742188,-0.510922823431734,2.74220743271623
-57.6019287109375,0.148261787318813,1.87575852193516
-57.4111938476563,0.30259991415308,0.700941194935999
-57.220458984375,1.25057701994709,1.67275170879736
-57.0297241210938,-1.24976073748317,0.444474640086433
-56.8389892578125,0.626066493092677,0.892964321197082
-56.6482543945313,1.02565871683465,1.63646729109779
-56.45751953125,0.136508950929984,2.17360574213961
-56.2667846679688,0.821854664056009,4.52831556388133
-56.0760498046875,-0.53087766604113,1.1022218913376
-55.8853149414063,0.940362186292384,0.524796868593775
-55.694580078125,-0.24811938314329,1.68399551726557
-55.5038452148438,-1.32022851854149,1.00737145770583
-55.3131103515625,0.278310467249898,1.10620276785159
-55.1223754882813,0.080039725167682,0.446885941067558
-54.931640625,-1.64908930778966,1.56639277084575
-54.7409057617188,-0.0604511201878242,1.51901055613099
-54.5501708984375,1.4595911219908,3.29251078051876
-54.3594360351563,-1.1013959687621,0.7299441846497
-54.168701171875,0.745469416395331,2.66098405523318
-53.9779663085938,1.78611459685479,1.50574231739215
-53.7872314453125,-1.20241759031516,3.17337003375382
-53.5964965820313,-0.538314960054806,1.98089137082815
-53.40576171875,-0.472880397749117,1.23475967437215
-53.2150268554688,1.10959536295249,0.574335099800758
-53.0242919921875,0.791103710920322,1.20824790143688
-52.8335571289063,0.702742632791518,0.0667063482250151
-52.642822265625,0.131377286493727,2.23472515475264
-52.4520874023438,0.117085146904786,2.22059065791989
-52.2613525390625,-0.801995077013696,1.79464916622906
-52.0706176757813,0.514001368206681,0.383826970567767
-51.8798828125,0.0812198753388743,2.09467310813438
-51.6891479492188,1.85539888316824,1.49028328078606
-51.4984130859375,0.887701603644118,1.4910545938378
-51.3076782226563,0.108538476588333,0.435955041963278
-51.116943359375,0.657112223648222,0.743730769241068
-50.9262084960938,2.33323780932132,1.8808936721726
-50.7354736328125,1.09328258062519,2.12354857909173
-50.5447387695313,-0.166238006888526,0.705764162653687
-50.35400390625,0.159563085195688,2.65960590365033
-50.1632690429688,0.458450874584799,0.933246793704768
-49.9725341796875,-1.67509892833451,2.25873838484629
-49.7817993164063,0.89964117912203,2.885252225923
-49.591064453125,0.609319845297593,2.41770543637737
-49.4003295898438,1.09107605633802,2.46302957442364
-49.2095947265625,-0.674004466271934,0.743880953283992
-49.0188598632813,-0.0632308942953197,1.60941062357584
-48.828125,-0.0198999801425983,0.955897292108453
-48.6373901367188,-0.0253302763043931,1.17612359496867
-48.4466552734375,-1.30080542988732,0.809790211856508
-48.2559204101563,-0.408400606552598,1.8122889997614
-48.065185546875,1.56673773428489,1.13352871484478
-47.8744506835938,0.154872886036787,2.2599723787895
-47.6837158203125,1.78945611627762,1.94723635159187
-47.4929809570313,0.868659806718503,2.05803959661878
-47.30224609375,0.572059444140684,2.64817889820295
-47.1115112304688,-0.310630358839801,0.589484861348193
-46.9207763671875,1.37184604311969,2.33846054046215
-46.7300415039063,-0.241503811330921,0.311747690772775
-46.539306640625,0.431280248327547,0.674641421827553
-46.3485717773438,-0.107669760292729,0.339881529595721
-46.1578369140625,-0.312126734126685,0.634930909342749
-45.9671020507813,0.896188357355471,1.70296323791602
-45.7763671875,0.0169481201581427,1.80181581872493
-45.5856323242188,-0.731964658077809,2.33539183361146
-45.3948974609375,0.84334519800749,0.49627453068417
-45.2041625976563,0.25099445859529,2.54002638574022
-45.013427734375,0.556218348996811,1.27378106770406
-44.8226928710938,-0.558370152651603,1.54845844217182
-44.6319580078125,0.974747833227141,1.75953633259638
-44.4412231445313,-0.464215867224105,1.15197193917592
-44.25048828125,-0.418619170633386,1.9875014770554
-44.0597534179688,0.962794771890017,0.80582976369064
-43.8690185546875,0.527679077459522,0.877335560002829
-43.6782836914063,0.0940059703517161,-0.306550088942379
-43.487548828125,-0.466016062703748,0.333336381653763
-43.2968139648438,1.21881407938475,0.378910334318537
-43.1060791015625,0.123312512066165,3.03567296410794
-42.9153442382813,0.64332348057312,1.40077205339299
-42.724609375,0.754623176739126,1.6913112828379
-42.5338745117188,-0.463383339464694,2.3360503439154
-42.3431396484375,-1.602935403577,2.50449753421584
-42.1524047851563,-0.220693001855333,2.22719487848492
-41.961669921875,1.37374710726669,0.94042560191243
-41.7709350585938,0.177603837802443,2.88003491205382
-41.5802001953125,-0.548001077920203,2.02156911493587
-41.3894653320313,-0.932981032102173,1.73356016365944
-41.19873046875,0.184839024109428,2.41188937459334
-41.0079956054688,0.40100681724642,2.24296523553138
-40.8172607421875,0.898959190481432,1.80946338232724
-40.6265258789063,0.222983529829485,2.56525491265093
-40.435791015625,-0.665730506185117,1.34785238604979
-40.2450561523438,-0.630800029586139,0.57775570948515
-40.0543212890625,-0.60077140052894,2.67688056224908
-39.8635864257813,2.40599840041423,2.34715452385286
-39.6728515625,1.23631345466583,2.42197185317132
-39.4821166992188,1.61744129147835,2.3408782069571
-39.2913818359375,0.945139971268166,1.75205484021892
-39.1006469726563,0.410716812744435,1.78586514458004
-38.909912109375,-0.0134502285485992,1.77342089479489
-38.7191772460938,0.0554664807983598,1.33795191494212
-38.5284423828125,1.07993861365995,1.45758447607965
-38.3377075195313,0.250895195146183,1.2514703273104
-38.14697265625,1.81609122005924,0.754529039245975
-37.9562377929688,1.0097733243492,3.56681210224488
-37.7655029296875,1.40184603596503,2.02784313155143
-37.5747680664063,-0.471924757184251,0.746049318220263
-37.384033203125,0.481954163487465,2.72330978606611
-37.1932983398438,-0.910980527466437,0.548772530188983
-37.0025634765625,0.144333612340289,3.06311819644072
-36.8118286132813,-0.282320892403687,2.45010771848308
-36.62109375,-0.686453321604813,2.05852787536695
-36.4303588867188,0.559048052438948,1.66666029946253
-36.2396240234375,-1.35532890990946,1.4913962689982
-36.0488891601563,-0.370399299318813,1.89005493336643
-35.858154296875,0.427354560311767,2.29653022637392
-35.6674194335938,1.39918079764752,2.53407674724597
-35.4766845703125,-0.490884462930094,2.44784737700164
-35.2859497070313,0.15752705485283,2.75625959706002
-35.09521484375,0.88921793776254,2.50516811337816
-34.9044799804688,0.506096124238595,2.21977065708109
-34.7137451171875,-0.774587400545064,1.52714218354601
-34.5230102539063,0.616965987045481,2.58171497466866
-34.332275390625,0.0142489107865989,1.02882536783971
-34.1415405273438,0.573505392333264,2.06416237357165
-33.9508056640625,0.6896311703169,2.82193131250675
-33.7600708007813,0.365666141476485,2.42668678077654
-33.5693359375,-0.487496120500213,2.39052685161717
-33.3786010742188,1.12394001148711,1.73691111400571
-33.1878662109375,0.405585194730184,0.397213797245095
-32.9971313476563,0.0198675566514342,2.13099172853427
-32.806396484375,-0.894522590057231,2.84599115335697
-32.6156616210938,0.794721095915128,1.82105463613966
-32.4249267578125,-1.68936648282801,1.59539693243671
-32.2341918945313,0.808572036659639,2.8117221341501
-32.04345703125,-1.44708735529523,1.8640377673862
-31.8527221679688,1.06556136051594,2.32767961047395
-31.6619873046875,0.825246361511175,3.33985390734896
-31.4712524414063,1.20001486955716,2.03383188952286
-31.280517578125,-0.787110509678574,0.920468332386837
-31.0897827148438,0.170171185973336,1.85873681964544
-30.8990478515625,0.687157471135801,1.23985018472218
-30.7083129882813,0.355036221611723,3.66154989366483
-30.517578125,0.900195942950414,2.76681555031053
-30.3268432617188,1.07019805414877,2.1601441912119
-30.1361083984375,-1.77255558694283,2.1714153623207
-29.9453735351563,0.217533172874605,1.55343980063758
-29.754638671875,0.191327229850338,1.97647180420357
-29.5639038085938,0.418723870626313,0.240068148165079
-29.3731689453125,0.732227858436692,0.279351398763796
-29.1824340820313,1.31780247246935,1.77516662340552
-28.99169921875,-0.834580541487214,2.16371869052438
-28.8009643554688,-0.45663620837954,0.757157407492139
-28.6102294921875,1.22018153156075,3.99895388338412
-28.4194946289063,0.618758844445505,1.70420007970772
-28.228759765625,-0.112513983989163,2.53785557945437
-28.0380249023438,-0.370888414025827,0.792936985654836
-27.8472900390625,0.49541650391576,2.91714753413155
-27.6565551757813,0.256510260734329,3.72203086757378
-27.4658203125,0.285750080757713,4.69393977291399
-27.2750854492188,0.395906343491079,3.05409030820453
-27.0843505859375,-0.953467537330658,3.22087767648165
-26.8936157226563,-1.18048230619436,4.56261602949142
-26.702880859375,0.532122451109211,4.40163930772954
-26.5121459960938,-0.0102674953921014,3.33792363186432
-26.3214111328125,0.360596495076642,1.95320656579928
-26.1306762695313,1.06771518020327,4.37756394304578
-25.93994140625,0.0823255677241,4.72104112816784
-25.7492065429688,0.801442719955236,4.49844743457647
-25.5584716796875,1.07672013510066,4.25098336853677
-25.3677368164063,-0.106140319741694,1.45499668947577
-25.177001953125,0.177458367287751,3.32508355544958
-24.9862670898438,1.36882755229433,3.17306014597374
-24.7955322265625,0.778412740304738,2.11524870987972
-24.6047973632813,1.39393868134938,3.34591506161653
-24.4140625,0.18546851347196,2.6451691113853
-24.2233276367188,-0.0706166679079086,2.16186023375943
-24.0325927734375,-0.300865736448791,3.62510698452099
-23.8418579101563,0.529700076956414,2.50413664282147
-23.651123046875,-0.278004926738979,3.31748226707328
-23.4603881835938,0.293417713383126,2.86245279962358
-23.2696533203125,0.184506336429061,1.72881459807637
-23.0789184570313,1.3230503151266,3.74597409169336
-22.88818359375,-0.235562330772274,3.124157135448
-22.6974487304688,1.59214101891166,3.01529807594799
-22.5067138671875,0.54472395442634,3.93862947724733
-22.3159790039063,-0.28683744023373,1.96134999860904
-22.125244140625,0.972092819556353,3.36435985582294
-21.9345092773438,0.27484886599893,2.56174144218448
-21.7437744140625,0.891276007410788,3.20037299354185
-21.5530395507813,0.924408877818596,2.3327586824598
-21.3623046875,0.940816220325352,5.11188574598582
-21.1715698242188,-0.525732276340574,4.63618880769257
-20.9808349609375,-1.47537088314859,5.52159627343434
-20.7901000976563,1.02255213162547,3.82431360729239
-20.599365234375,1.85112118784475,3.03044577862407
-20.4086303710938,-0.335227185982692,3.4730066537304
-20.2178955078125,0.585568671714364,3.65075108214078
-20.0271606445313,0.249348890764337,4.68159798149061
-19.83642578125,-0.0165069242462964,5.01462329639108
-19.6456909179688,1.17992187913099,3.95050839741052
-19.4549560546875,0.669405311556287,4.15172638462941
-19.2642211914063,1.32249774584031,2.75621581148178
-19.073486328125,1.31565901417908,4.7763767100491
-18.8827514648438,2.14875971264585,5.39545715388515
-18.6920166015625,1.56140763795631,4.79042437377565
-18.5012817382813,3.6570862986162,4.57636140061516
-18.310546875,1.76123478460758,4.37793423460222
-18.1198120117188,2.51113538130489,3.80993969879579
-17.9290771484375,3.30952679106515,3.54697483479345
-17.7383422851563,3.24431269554468,5.19417604440624
-17.547607421875,3.60660765404412,4.68091452144647
-17.3568725585938,2.53901918770475,3.79999151676671
-17.1661376953125,3.72493542840378,5.12137911953784
-16.9754028320313,3.45084262502134,4.49422993044212
-16.78466796875,3.66022478535154,4.59305379605511
-16.5939331054688,4.20177072744178,4.46150575830813
-16.4031982421875,2.76109356655202,4.35999683513307
-16.2124633789063,3.79041583308402,4.34142968638818
-16.021728515625,2.15439688069118,3.409975330748
-15.8309936523438,4.64751108494223,4.51265008844153
-15.6402587890625,1.68562214609166,6.1684430598975
-15.4495239257813,4.17610845800546,3.74784678215771
-15.2587890625,3.52031331468551,4.23214607697102
-15.0680541992188,3.49643320886421,4.03893124612845
-14.8773193359375,3.25137732695406,5.03204564970778
-14.6865844726563,4.90339526235544,3.88342065312044
-14.495849609375,4.12716117401475,4.10483654731891
-14.3051147460938,4.85064560944202,4.29215310091037
-14.1143798828125,5.39486245238893,4.91835694822335
-13.9236450195313,3.43075931244607,3.50856329676573
-13.73291015625,4.95098093257622,2.97876919427392
-13.5421752929688,2.89589723833445,3.27183394913183
-13.3514404296875,3.39261674351343,2.60970142679772
-13.1607055664063,3.89621632520011,3.99748500028443
-12.969970703125,5.06428104799767,2.70019538360757
-12.7792358398438,3.93291484575167,3.18278622394917
-12.5885009765625,4.79987081150677,1.42666604526949
-12.3977661132813,3.42826313998964,3.58694169625425
-12.20703125,3.73474366700451,3.62338254557362
-12.0162963867188,3.79115821835202,3.16030713298833
-11.8255615234375,3.48595141925191,3.24070560793534
-11.6348266601563,4.34913527621869,1.02164043548676
-11.444091796875,4.34031926783625,3.41643831737831
-11.2533569335938,3.67710885406569,3.48183902134715
-11.0626220703125,1.69406434751032,4.71497289194754
-10.8718872070313,2.5457946797175,4.47894003170681
-10.68115234375,4.00710097342178,2.61626075728116
-10.4904174804688,3.11255095401674,2.87327960139491
-10.2996826171875,3.59974776931079,2.10088827749753
-10.1089477539063,2.22143549946991,2.85509408216161
-9.918212890625,3.9362424772188,2.50656252475409
-9.72747802734375,5.29002331179373,4.40794298430225
-9.5367431640625,3.5919509205879,3.43827808084195
-9.34600830078125,4.79991431166863,3.77408077308942
-9.1552734375,4.14352175498391,2.27942700736911
-8.96453857421875,6.03050217069432,2.13600998931246
-8.7738037109375,6.5024267347127,3.66532015417419
-8.58306884765625,4.79672456799787,2.86547375134809
-8.392333984375,5.93555634601121,1.8630974742938
-8.20159912109375,6.30109475701078,2.78201727996747
-8.0108642578125,4.5603505843578,0.931481634382427
-7.82012939453125,6.81963119669678,2.73507917342073
-7.62939453125,6.3504766417894,1.91948673765513
-7.43865966796875,4.97519099549211,3.32427378765375
-7.2479248046875,6.38820823760907,2.37607562594869
-7.05718994140625,5.57805487738718,2.17456634188693
-6.866455078125,7.35049231610498,-0.235014464471875
-6.67572021484375,6.4550704261301,0.220223793948654
-6.4849853515625,6.54527761215036,0.264747653150474
-6.29425048828125,6.251372890844,0.981796807722585
-6.103515625,6.96642482681434,-0.704223989382268
-5.91278076171875,4.72858707629125,-0.165401184384334
-5.7220458984375,5.98207375277274,0.0839556589501362
-5.53131103515625,6.52760124435506,-1.30054439531181
-5.340576171875,5.44488989392654,-1.56707413615724
-5.14984130859375,5.33111345854271,0.296233775399866
-4.9591064453125,5.23563549603119,-0.724977815144657
-4.76837158203125,5.42801716056824,-1.39224468230295
-4.57763671875,4.11069272434692,-2.30678756802751
-4.38690185546875,4.26843820999476,-0.187338777528341
-4.1961669921875,3.4559074821971,-0.968519962649818
-4.00543212890625,4.61697427771375,-0.590442619097097
-3.814697265625,5.19815837664048,-0.436735130864148
-3.62396240234375,4.04459168998834,-2.76252764652457
-3.4332275390625,2.75461800990365,-1.51842126260616
-3.24249267578125,2.03744154638146,-1.45856461331544
-3.0517578125,5.64180292704289,-1.01734877277035
-2.86102294921875,3.49060688310119,-0.365595546980974
-2.6702880859375,4.65239196525556,-0.535840737565473
-2.47955322265625,3.98664056953387,-0.963829195965336
-2.288818359375,3.75442533942134,0.0182650845188607
-2.09808349609375,4.25797359430059,-1.37499552905838
-1.9073486328125,5.14430108668631,0.837169326980074
-1.71661376953125,4.43371186169371,0.318370427920255
-1.52587890625,3.79610671633704,-2.19937306522127
-1.33514404296875,5.0601934771072,-0.61072153536797
-1.1444091796875,3.73821821834599,0.118576582848863
-0.95367431640625,4.37236106932042,-1.61597696758547
-0.762939453125,5.34720308847232,-0.461112691717593
-0.57220458984375,2.66921268848074,-0.751524222094186
-0.3814697265625,3.81824950946839,-0.716171614476223
-0.19073486328125,3.64815532624216,-0.603124705730322
0,4.14371950900361,-1.89049506156529
0.19073486328125,3.71967914067131,-0.304026047510962
0.3814697265625,3.97055602480126,-0.0850581814525486
0.57220458984375,3.14086667624012,0.224069854923669
0.762939453125,4.65465183403566,-1.88904141613744
0.95367431640625,4.27944549373292,-1.91266154697657
1.1444091796875,4.18074805049083,-1.53243434691486
1.33514404296875,4.94277888924119,-1.82936426024537
1.52587890625,4.71371975943091,-0.0922485191947589
1.71661376953125,2.65175233965333,0.634146603907011
1.9073486328125,2.81148790695451,-1.12110847672725
2.09808349609375,2.05706248338299,-1.34954795695783
2.288818359375,1.95034929275145,-2.27979598727402
2.47955322265625,2.61177010893201,-1.88188180989104
2.6702880859375,2.53083686055267,-1.97593819108573
2.86102294921875,3.82272002894517,-1.22119919437023
3.0517578125,2.92761264957025,-2.75319693432436
3.24249267578125,3.74076173677148,-1.65796151621936
3.4332275390625,2.72702235700926,-2.64379114612658
3.62396240234375,2.72328986489094,-3.5150632697586
3.814697265625,2.00748716820859,-2.8894454875793
4.00543212890625,1.94177792932622,-2.01642966166369
4.1961669921875,2.62338883863733,-2.4270965472794
4.38690185546875,3.00181189050237,0.652812917908783
4.57763671875,1.59086961679243,-2.99891013942818
4.76837158203125,2.30158023726013,-2.2278889779946
4.9591064453125,1.40195087062063,-1.67468975922876
5.14984130859375,0.904047918464586,-1.18524992826558
5.340576171875,2.27497095462272,-0.62296825334298
5.53131103515625,3.02358292111453,-2.36424336221253
5.7220458984375,1.27879726602053,-2.29199248338559
5.91278076171875,2.28487063948473,-0.50355080219703
6.103515625,-0.209153071133759,-0.433552318531356
6.29425048828125,2.51133134402411,-1.09794362826642
6.4849853515625,1.58488495716712,-0.371149968019792
6.67572021484375,0.351294699721169,-0.505539819411598
6.866455078125,1.66585789772964,-1.56166184692079
7.05718994140625,1.25806590705779,-0.681243247410072
7.2479248046875,1.66392791974218,-0.539869624576054
7.43865966796875,-0.101609013440853,-0.340879223780664
7.62939453125,2.59696896592769,-0.365346006418206
7.82012939453125,1.46698978824416,-0.880458864221973
8.0108642578125,0.996814161768714,-2.06222411826123
8.20159912109375,0.895203876062042,0.837099256105555
8.392333984375,0.0474880733184469,-1.29387574711657
8.58306884765625,-0.215575095489887,0.362688201762692
8.7738037109375,-0.297304267451115,-2.60685238517842
8.96453857421875,-0.272320195177437,0.123064489056673
9.1552734375,1.19417109042077,-0.587980407931756
9.34600830078125,0.103677955556744,0.593430175999408
9.5367431640625,0.98785695973415,0.877773553274169
9.72747802734375,0.7092663269624,-0.645041631015858
9.918212890625,0.447692285691126,1.0739283527731
10.1089477539063,1.58787522668495,0.830613221935914
10.2996826171875,1.42640183183308,-0.926312278029739
10.4904174804688,1.74477422262869,1.83272739427018
10.68115234375,1.48881688282249,0.0323174265629289
10.8718872070313,1.86917184113923,1.58817589482566
11.0626220703125,1.43509683014005,-0.638633005669037
11.2533569335938,1.48230049278502,2.22717346138764
11.444091796875,1.94295710761179,0.381870034194199
11.6348266601563,3.7547995605329,2.45311544171056
11.8255615234375,3.17639483715448,1.60848150388151
12.0162963867188,2.37491131570021,0.69943670916687
12.20703125,2.15487378432982,1.62514230690549
12.3977661132813,2.89810045768692,1.41681797638827
12.5885009765625,0.325925608304274,0.523884173808166
12.7792358398438,1.34319258307517,1.49656934465701
12.969970703125,1.87501950838315,2.61345618370111
13.1607055664063,2.66356803036923,-0.726217340826598
13.3514404296875,4.17266046666689,0.185013038795313
13.5421752929688,3.85935425805061,-0.113057851401367
13.73291015625,3.26885493775928,1.91585135487165
13.9236450195313,2.35599451926306,-0.0899945801024036
14.1143798828125,4.66985534715927,0.40093560816274
14.3051147460938,4.34875028458171,-1.28189050560533
14.495849609375,3.23602518577912,0.538857506793185
14.6865844726563,4.73844723528868,0.369332143485157
14.8773193359375,3.6732309449115,-0.972013931240624
15.0680541992188,4.5391825094175,-1.17867411852727
15.2587890625,3.22671957996572,-1.03372746265859
15.4495239257813,5.05000307415681,-1.40964650869068
15.6402587890625,2.24628438380927,-1.25585342330303
15.8309936523438,3.80726107083013,-2.38233295761885
16.021728515625,1.99702320392307,-2.14570560003041
16.2124633789063,4.72780286175549,-0.33823267169863
16.4031982421875,2.42660474351553,-1.69713551621128
16.5939331054688,3.50341378172928,-1.73736382402317
16.78466796875,3.65709303542226,-1.69425309148929
16.9754028320313,2.64332655769491,-2.33142118160286
17.1661376953125,4.06353733023213,-3.0836408692254
17.3568725585938,3.23932437700259,-2.24807698464955
17.547607421875,2.18708930464637,-1.93202954341045
17.7383422851563,3.56874974713304,-2.2930146617773
17.9290771484375,3.04195396757329,-1.28731553669615
18.1198120117188,1.27345330587892,-2.45572774728198
18.310546875,1.95637955786176,-1.57848494760424
18.5012817382813,3.74063140420299,-2.65453727066316
18.6920166015625,2.90629850764421,-2.61942765863402
18.8827514648438,2.77695099007833,-1.79329104642643
19.073486328125,2.03250235575038,-1.28650648852699
19.2642211914063,1.9432762851363,-2.61211639503778
19.4549560546875,2.56518898620706,-3.93423253218798
19.6456909179688,1.472538512621,-2.42845560076692
19.83642578125,1.22430975335199,-2.67384999004672
20.0271606445313,2.08680692369343,-2.65071302230914
20.2178955078125,1.17352896373052,-2.49994893152488
20.4086303710938,1.19833609833551,-2.24207357502019
20.599365234375,1.70101790472406,-2.74415393484017
20.7901000976563,0.326034961371869,-1.92833691857456
20.9808349609375,1.11320107598566,-2.16414127997717
21.1715698242188,0.172637602141829,-2.36327354703365
21.3623046875,0.411154202350793,-1.71824079390673
21.5530395507813,0.0783482777935482,-1.88247629749913
21.7437744140625,-0.0656737533912861,-1.54425837024797
21.9345092773438,0.608516840458787,-0.0519724487810574
22.125244140625,0.497168973923938,-0.947472729876584
22.3159790039063,1.07120264801461,-0.891036908754903
22.5067138671875,-0.224541282774445,-2.15404300673302
22.6974487304688,0.286669933999395,-1.40721845764862
22.88818359375,-1.0609502541225,-1.04763153030684
23.0789184570313,0.83539907815051,0.161280277369368
23.2696533203125,-0.736932416331632,-2.53611620593415
23.4603881835938,0.345047428407258,-1.73865126437231
23.651123046875,1.09752236485334,-0.876218762564639
23.8418579101563,-0.390279137477452,-0.765324414469955
24.0325927734375,-0.659759922579384,-1.01009128567989
24.2233276367188,0.397168616506198,-1.03427522275978
24.4140625,-0.000645423755766261,-1.21306928389769
24.6047973632813,0.263675114727826,-0.786205679005352
24.7955322265625,-0.506407298777542,0.941391380874052
24.9862670898438,-0.489852937940638,-0.960423925977226
25.177001953125,0.739420525851084,-0.00983032754725992
25.3677368164063,-0.12020860188476,-1.54806643466652
25.5584716796875,0.497436710997588,0.0783495741462575
25.7492065429688,0.992401073608631,0.313102536105609
25.93994140625,0.538550422913242,-0.959403018278734
26.1306762695313,-0.0270376763035594,0.546752347343584
26.3214111328125,1.00088655500561,-0.5345182350979
26.5121459960938,0.0666675369824711,0.658276587901779
26.702880859375,0.815601409178445,-0.527792929077087
26.8936157226563,2.3532253344265,-0.267555757894839
27.0843505859375,0.396977238225138,0.527983038894077
27.2750854492188,-0.517314515199469,-0.596040225750096
27.4658203125,0.862849207278268,0.0469558881119358
27.6565551757813,0.256115656823687,-0.721449528489524
27.8472900390625,0.203845861577755,0.827602360304602
28.0380249023438,0.739212790126553,2.12304001072292
28.228759765625,1.62977972478612,0.980518419673106
28.4194946289063,1.21474494942762,1.93236464038422
28.6102294921875,1.22227128060508,0.167152269392071
28.8009643554688,0.847578179930702,0.0142116265053386
28.99169921875,1.413536271772,0.172577860462704
29.1824340820313,2.84558819602895,0.461078888795048
29.3731689453125,3.43385615373048,0.0273906298874259
29.5639038085938,2.31179870296852,0.609441499699366
29.754638671875,2.54700350378043,1.23365956013734
29.9453735351563,1.914460066089,1.85812899313146
30.1361083984375,3.77593998807733,1.34226286448075
30.3268432617188,2.34084390685263,-0.488124801532289
30.517578125,1.19151796719727,1.4285240768652
30.7083129882813,1.77607691880953,-1.67834703189434
30.8990478515625,1.6222144607112,0.676017556403833
31.0897827148438,2.53727195643402,-0.570639059467044
31.280517578125,2.52410358654493,-1.20338979293057
31.4712524414063,3.85914781611019,-0.6088895991294
31.6619873046875,1.93634723767022,-0.279212669402807
31.8527221679688,2.51745983864141,-1.36761831804183
32.04345703125,2.55603105112314,-1.96994310013017
32.2341918945313,3.19657693410967,-1.15650398701084
32.4249267578125,2.23931361604099,-0.451923314062691
32.6156616210938,4.18030757086453,-1.55599144035611
32.806396484375,1.69662271762895,-2.55472884722962
32.9971313476563,1.03027242498696,-1.88547120912148
33.1878662109375,2.00805759407037,-1.84882104595463
33.3786010742188,4.05559622888114,-2.74001979417448
33.5693359375,1.90674929700902,-2.01722298383896
33.7600708007813,0.932334148272648,-1.29995541768798
33.9508056640625,0.406751610014861,-2.06981972101046
34.1415405273438,2.00922756259077,-2.04784979563296
34.332275390625,0.800178182307247,-1.65996048665639
34.5230102539063,1.24614791802977,-1.50676829034768
34.7137451171875,1.87328297214328,-2.2924302711596
34.9044799804688,-0.697977578490501,-1.48238002608717
35.09521484375,-0.502386489005517,-2.18356689414037
35.2859497070313,0.463285401807539,-1.82123496450152
35.4766845703125,1.34884102094658,-1.12871243652034
35.6674194335938,1.94876915694887,-2.44659092581732
35.858154296875,0.251860861437403,-2.93855143739322
36.0488891601563,0.822802933603177,-2.11791875307085
36.2396240234375,1.20525369747011,-2.83843782538702
36.4303588867188,2.11362138392554,-1.39536634882412
36.62109375,0.0566977066094651,-1.67073940970285
36.8118286132813,0.56303519043324,-1.40011114453744
37.0025634765625,-0.556032733615499,-3.09295381177359
37.1932983398438,1.31289973944459,-2.02625016625809
37.384033203125,0.767411063669147,-2.49510124897917
37.5747680664063,1.22236639943628,-2.36992881797506
37.7655029296875,-0.635854528513243,-1.80525848380585
37.9562377929688,-0.391605251585634,-1.68379997000083
38.14697265625,-0.806910578971414,-2.23979932770741
38.3377075195313,0.841956357012357,-2.30753969473083
38.5284423828125,0.819683493423402,-0.734567201795539
38.7191772460938,0.734520047318048,-1.43007821954831
38.909912109375,-1.27190555528948,-0.67838188221028
39.1006469726563,0.911504522987112,-0.764658414938065
39.2913818359375,-0.560372509138082,-1.04853905858265
39.4821166992188,0.045551108949268,-2.89525495693842
39.6728515625,0.152288622586787,-1.81725074899604
39.8635864257813,0.31302616583185,-0.566742648160572
40.0543212890625,0.475404961029212,-1.07602765180022
40.2450561523438,0.542886040476277,-1.23183319670658
40.435791015625,-0.814152336719976,-1.19541086345572
40.6265258789063,0.535019878370494,-0.385302073587221
40.8172607421875,0.847003303429634,0.65847333691347
41.0079956054688,-1.00936561328895,-0.0457067877661
41.19873046875,0.120106788588076,0.298811301774665
41.3894653320313,0.182877570691757,0.813771771023471
41.5802001953125,-0.79490146644261,-0.708618957416
41.7709350585938,-0.64397468791615,0.172064717596424
41.961669921875,0.462012297133718,-0.435680398752667
42.1524047851563,-0.00320229840063825,-0.952132080764528
42.3431396484375,-0.957506562014728,-1.53127449599305
42.5338745117188,0.83548227857043,-0.132970501965158
42.724609375,-0.588169866600357,-1.08439538455354
42.9153442382813,-0.781459814928374,-0.410383406152835
43.1060791015625,-0.852896043468273,-1.50705033018629
43.2968139648438,-0.50007579786568,-1.20496544513233
43.487548828125,0.0223624685917067,1.50197490110531
43.6782836914063,-0.631941421227454,-0.0222945601482363
43.8690185546875,-0.221241991700715,-0.317278376217566
44.0597534179688,0.275821520413134,-1.26038408996726
44.25048828125,0.782437581643215,0.187650499902496
44.4412231445313,-0.385949514784824,-0.0743568879690592
44.6319580078125,0.846025577164809,-0.454994733878421
44.8226928710938,-0.559995446845709,-1.53748690310165
45.013427734375,0.598746854319098,-0.750448794022501
45.2041625976563,0.564058567561928,-1.85231404076785
45.3948974609375,-0.551161400516601,-0.774087058406039
45.5856323242188,-0.270534019670544,-0.726902405539396
45.7763671875,-0.962051380224795,-0.494588852801515
45.9671020507813,-0.318339288351405,0.133089470590843
46.1578369140625,-0.3961877234228,0.988618613156497
46.3485717773438,1.23691080888764,0.492652797927684
46.539306640625,-0.826854891723802,-1.23017309080663
46.7300415039063,-0.067814663362766,0.196001755361469
46.9207763671875,-0.227735164354835,-0.918506049228381
47.1115112304688,-0.300709864990258,-1.27603826610632
47.30224609375,0.399010101083096,-0.4321697503644
47.4929809570313,0.934604531271532,0.92695109557245
47.6837158203125,-0.316122225328662,-0.448674377451318
47.8744506835938,1.08362344888715,0.682244597010186
48.065185546875,0.323200034826566,-0.708591330046989
48.2559204101563,-0.171212969775601,-0.609750123704206
48.4466552734375,0.414398861670865,-0.509170433311096
48.6373901367188,-0.193326934813577,-1.00585141725527
48.828125,0.174509184492938,-0.395186038976541
49.0188598632813,-0.631692608003439,-0.389456861738402
49.2095947265625,-1.4918900778369,0.87464386134725
49.4003295898438,1.1118769845506,-1.50544540482137
49.591064453125,1.23435062688712,1.18195047012728
49.7817993164063,-0.947351162090039,0.622340847534116
49.9725341796875,2.17367545303715,0.270649439822465
50.1632690429688,-0.786889052902868,-0.728662144771985
50.35400390625,-0.186496813630363,-0.155353571555014
50.5447387695313,1.43797746496383,-0.446878753018761
50.7354736328125,-0.0590092939857553,-0.244211444204177
50.9262084960938,1.73962986382426,-0.809321938071396
51.116943359375,0.30609947091426,-0.082873918703209
51.3076782226563,-0.0691346741475392,-0.343214853949058
51.4984130859375,-0.4319569966921,-1.51658378884315
51.6891479492188,0.857279270592004,-1.01215523505349
51.8798828125,0.90584984875004,-0.950591279862752
52.0706176757813,0.56610489519027,1.59790948873644
52.2613525390625,0.55300479089025,0.27622513805838
52.4520874023438,1.15345855473239,0.652206508331587
52.642822265625,-0.318207891176565,-0.284644691399532
52.8335571289063,-0.724457270463438,-0.977942263135525
53.0242919921875,-1.90317185071039,-0.627375581670135
53.2150268554688,1.31639261941395,-0.574751484594791
53.40576171875,0.697571803600104,0.187114781557978
53.5964965820313,-0.418454156620672,-0.981006588262917
53.7872314453125,-0.16510715930506,0.572860776079014
53.9779663085938,-0.544742033934766,-0.34874486615749
54.168701171875,-1.09420567691497,-1.21543451922231
54.3594360351563,-1.15005789167589,0.240645667540753
54.5501708984375,0.287414436925213,0.234631093693281
54.7409057617188,0.241736826688792,0.256887692411834
54.931640625,0.40650048250968,-1.52751771444933
55.1223754882813,-0.97239446963434,0.0722391421350694
55.3131103515625,-0.0256425163879248,1.3045502711335
55.5038452148438,1.18483711122261,-1.48649743240862
55.694580078125,1.21920237371023,-1.49310473004973
55.8853149414063,0.629454655180307,0.858540249926854
56.0760498046875,0.246115621569211,-0.234858937936335
56.2667846679688,1.48808963121153,-0.377949792998901
56.45751953125,1.24959470467945,0.00695320366647272
56.6482543945313,-0.223450093249596,2.00849920865888
56.8389892578125,0.621074295005222,-0.0185390525759671
57.0297241210938,0.699043498449986,0.0144397804513874
57.220458984375,0.654836442798308,-0.330437941054352
57.4111938476563,-0.140866710993786,-1.58042129029403
57.6019287109375,-0.830456398643052,1.03271209858702
57.7926635742188,-0.873136192800001,0.36414189702374
57.9833984375,0.108327711241077,-0.973685319622671
58.1741333007813,0.142906570634758,-0.632828746766411
58.3648681640625,0.739231034077746,0.151013424379368
58.5556030273438,1.95351535127138,0.559856193503437
58.746337890625,0.657857757624347,1.24742605201835
58.9370727539063,-0.669763727259651,-0.062738426569558
59.1278076171875,-0.328002609694838,1.37137916772182
59.3185424804688,2.33097999722889,0.0662603864059146
59.50927734375,-0.170128796429203,-0.471817175458555
59.7000122070313,0.590289510905262,1.2144537861356
59.8907470703125,1.37094180095158,-0.216879623243694
60.0814819335938,-1.10913637099275,0.662833309738018
60.272216796875,-0.105045021979596,0.464741960428065
60.4629516601563,0.86299776427055,-1.01389413941157
60.6536865234375,-0.700216969688281,-0.716518402941654
60.8444213867188,-0.442714967823542,-0.180817404535669
61.03515625,1.08947437350805,0.835245747985551
61.2258911132813,-0.620970368091474,-1.10042763730996
61.4166259765625,-1.28348049950735,0.325760755681178
61.6073608398438,1.01409199201102,-1.70245811812111
61.798095703125,0.434661687012833,0.846290677312131
61.9888305664063,0.0997558900223826,-0.431380611968125
62.1795654296875,0.883280556820093,0.70129897824565
62.3703002929688,-1.3095400783524,-1.43836439662692
62.56103515625,-0.167705599984741,0.551513311223127
62.7517700195313,-1.06881634358191,-0.301472573920124
62.9425048828125,0.322323914071892,-0.866412681453749
63.1332397460938,-1.30706736677105,-1.90860676561858
63.323974609375,-0.84218516660095,-0.663724591606253
63.5147094726563,0.580050211278655,-0.225875542620933
63.7054443359375,-0.891647352202775,-0.456805057993231
63.8961791992188,0.974183342237612,1.32999013012083
64.0869140625,0.424925003837193,-1.00328478797176
64.2776489257813,-1.0507885338724,-0.670970661188896
64.4683837890625,0.671143744305189,-0.704103085223933
64.6591186523438,-1.68309058225944,0.741011155417559
64.849853515625,-0.530885561995243,0.899510166539665
65.0405883789063,-0.0645100569365191,-0.971084145857639
65.2313232421875,0.628516149194267,0.75774357142034
65.4220581054688,-0.0337894844498032,-1.21105496418274
65.61279296875,0.731199969905067,-0.294029887256835
65.8035278320313,-0.869608277092064,-1.42110151426706
65.9942626953125,0.722784894786426,2.21558468954137
66.1849975585938,-0.820721063515176,0.690675399022336
66.375732421875,-0.805101598234282,-0.789751100515555
66.5664672851563,-0.0225401713524225,2.26715734238954
66.7572021484375,0.420300815798484,-0.194809883462502
66.9479370117188,-1.10035803253996,0.980264510301421
67.138671875,-0.174499166586159,0.209747327148754
67.3294067382813,-1.07117745320587,0.764662640436737
67.5201416015625,0.223083542031714,0.283039848180799
67.7108764648438,-0.560488456559301,-0.600180940298904
67.901611328125,0.267915132465998,0.56044025975015
68.0923461914063,-0.574977610643233,1.35952734771385
68.2830810546875,-0.511613754426045,-0.103080979932759
68.4738159179688,-1.7457200617593,-0.266506206158416
68.66455078125,-0.692763173818272,-0.647505807714229
68.8552856445313,0.106641265262351,-2.3045198527086
69.0460205078125,0.443156146206053,1.16333143024806
69.2367553710938,-0.178725655086423,-0.788350388893679
69.427490234375,0.89767237213081,1.54211741317366
69.6182250976563,1.02535870610827,0.369401915739253
69.8089599609375,0.587538627268053,0.503738482684654
69.9996948242188,-0.101403175801369,-0.494287435150352
70.1904296875,-0.74140596740035,1.94803170465681
70.3811645507813,0.57804506890477,-0.439456640706283
70.5718994140625,0.930892966511341,1.53649787823816
70.7626342773438,-0.185627720068082,0.796450142402875
70.953369140625,0.69611066248031,-0.0633827414403717
71.1441040039063,0.47627072543335,0.886891082066195
71.3348388671875,0.621985782749633,0.679939177841345
71.5255737304688,0.234094098223453,1.26933211944313
71.71630859375,0.528730380100895,1.25063940918315
71.9070434570313,0.840103350882453,0.650465207924788
72.0977783203125,-1.48935090274812,-0.0961190112309938
72.2885131835938,0.485486182080677,1.71634314988425
72.479248046875,0.361022642753646,-0.654805321258294
72.6699829101563,-1.23698011597244,-1.48504897839476
72.8607177734375,-0.0570600107656175,-1.86010575434338
73.0514526367188,-0.74078640236393,1.95918018413074
73.2421875,0.777252028946657,0.306162123551307
73.4329223632813,0.634788481907537,0.839757037821697
73.6236572265625,0.113752448761022,-0.764178240901534
73.8143920898438,0.838162262008391,0.503461853072921
74.005126953125,1.13062955565054,0.284830677050226
74.1958618164063,-0.0681528121781826,0.735678511260393
74.3865966796875,0.43283708028425,-0.478243926872246
74.5773315429688,0.391262713495337,1.01155641274894
74.76806640625,1.30744283023114,0.749460299786942
74.9588012695313,1.47175213554693,1.71884304757151
75.1495361328125,1.57564322509331,0.91146097078602
75.3402709960938,-0.973114922415273,1.75149547993104
75.531005859375,0.528678133580005,0.65002526929793
75.7217407226563,-0.66795377667583,1.26317943176347
75.9124755859375,-1.290907082803,0.283366625165579
76.1032104492188,-0.284405482655057,-0.125525139981615
76.2939453125,-0.532880185018855,-0.713887761985057
76.4846801757813,0.491820251481376,1.06502679988016
76.6754150390625,0.992516577238576,0.956924025317762
76.8661499023438,0.068009277831531,-0.0142388476789129
77.056884765625,0.0277446784286229,0.783944960900231
77.2476196289063,-0.127538065933222,1.1637384110317
77.4383544921875,-0.131086968531883,0.964987776156155
77.6290893554688,-0.36328941526381,0.960076187167067
77.81982421875,-0.813313251690297,-0.521406314511027
78.0105590820313,-1.23883231771587,0.0286254966535833
78.2012939453125,1.75423856598333,1.24989287202543
78.3920288085938,-0.476063298740741,-0.676144264124302
78.582763671875,0.503272454027566,1.19610989265219
78.7734985351563,-0.365060437333649,0.636973148742667
78.9642333984375,-0.0862514795777388,0.417193204721114
79.1549682617188,0.112589812155999,-0.403618481335076
79.345703125,1.08667601985242,-0.686173625269399
79.5364379882813,-0.355510002427666,0.358428902329029
79.7271728515625,2.47196745150983,0.704256256123114
79.9179077148438,-0.02724174158178,-0.617447565954466
80.108642578125,-0.971379505134895,-1.07015248286098
80.2993774414063,-0.430980702197723,1.91567957589672
80.4901123046875,0.795522307883538,-1.77365131924943
80.6808471679688,-0.444948642165005,0.828087474464328
80.87158203125,-0.108887814861843,0.991339154744163
81.0623168945313,1.98078616738569,1.26116602024118
81.2530517578125,-0.405405486404213,1.86598024568078
81.4437866210938,0.00756678151591918,0.484051287251197
81.634521484375,0.702591955888005,0.635030360151091
81.8252563476563,-0.46360501616206,0.81245658325254
82.0159912109375,-0.856529799821056,-0.240077359182894
82.2067260742188,-0.307107137181582,-0.336585732943668
82.3974609375,-0.706609619575696,0.137723875615217
82.5881958007813,0.339891927170457,-0.442753406096817
82.7789306640625,0.927340276668319,-1.42445903030715
82.9696655273438,1.56163103687036,0.489199471354305
83.160400390625,0.674866906549179,1.08981710706158
83.3511352539063,-0.37022499615429,-1.22095150843127
83.5418701171875,0.963920001194222,1.39325732833356
83.7326049804688,-1.37796585117851,-1.13876698374231
83.92333984375,-0.582916769728718,1.06142562743239
84.1140747070313,0.600794307215752,2.06746476651756
84.3048095703125,-0.179499204883229,0.595748580022989
84.4955444335938,1.06098175346633,1.68912464982377
84.686279296875,-1.72471708094136,0.0746378808188755
84.8770141601563,-0.806058465657365,1.46402564881638
85.0677490234375,-1.35858624176083,0.210266718288929
85.2584838867188,1.09480681788997,1.00169189778972
85.44921875,-0.460744190660067,0.415583766907403
85.6399536132813,-1.51972800643767,0.816451977277862
85.8306884765625,0.529851223434975,0.575744314779055
86.0214233398438,0.653056280719745,-0.229036992752484
86.212158203125,0.0740035909715558,1.21693648204425
86.4028930664063,1.66076483706974,1.39575148844796
86.5936279296875,1.41863258828413,1.91831057600137
86.7843627929688,0.137599815282921,0.925603405283492
86.97509765625,2.71858791830216,1.05110896909305
87.1658325195313,1.30976662460488,0.414539264122628
87.3565673828125,-1.96268710839562,1.13828873225552
87.5473022460938,0.735172882289202,1.79213867366574
87.738037109375,0.0751102268671345,0.0551283241255085
87.9287719726563,0.342424310840403,0.611595089833221
88.1195068359375,-1.48474275931611,1.32328072762546
88.3102416992188,-1.00741362419189,-0.0133275283578454
88.5009765625,2.21014380325735,0.594630012166754
88.6917114257813,-0.890831232225058,-0.643079241848094
88.8824462890625,0.853952636007772,-0.00295483633276245
89.0731811523438,1.75825935845145,0.1650644448617
89.263916015625,-1.39015429067243,0.992653684492994
89.4546508789063,-0.000567923609684009,-0.0330788571160659
89.6453857421875,-0.0838487340599167,0.015864539931814
89.8361206054688,0.935077133014591,0.631999270105914
90.02685546875,0.0678045157409596,1.27038381406802
90.2175903320313,-0.95963993913484,-0.375071759002736
90.4083251953125,0.363904385242141,2.76532129933553
90.5990600585938,0.0954650055274619,1.27128222753403
90.789794921875,1.23436393390781,-0.691759655552391
90.9805297851563,-0.61250940750249,-0.00606827302392978
91.1712646484375,-0.0729198031580404,0.925781389607466
91.3619995117188,0.37988806591583,2.13610584856966
91.552734375,0.446863718215276,0.0556318394375482
91.7434692382813,-0.000509422173336089,-0.365276101855799
91.9342041015625,-1.34204380511499,1.04319709686551
92.1249389648438,1.87064530576223,0.563511515403342
92.315673828125,-0.545669378706568,1.39776455570249
92.5064086914063,-0.429807101911249,1.56332556403744
92.6971435546875,-0.784324387626654,0.225764651008384
92.8878784179688,0.559940853260566,1.44792185498616
93.07861328125,0.869487945520377,0.804598043542632
93.2693481445313,0.219912203671088,1.10065542774871
93.4600830078125,0.305509839136545,-0.15412409539593
93.6508178710938,0.0506644275641314,-1.22718692729177
93.841552734375,1.39921971237656,0.87453311528444
94.0322875976563,0.022828829848092,1.35206487180702
94.2230224609375,-0.280640727307457,0.237015252307434
94.4137573242188,1.49190035303458,0.976809915819633
94.6044921875,-0.573810324257515,1.93243783791774
94.7952270507813,0.582647860360307,-0.283691914806319
94.9859619140625,0.17549017901756,1.54615179458472
95.1766967773438,0.152270303529841,0.426564652640356
95.367431640625,0.113565031938668,2.13457076561755
95.5581665039063,-0.600893051789762,-0.835788664737698
95.7489013671875,1.39540042498794,0.306661549600074
95.9396362304688,-0.732382616193145,-0.823856338805948
96.13037109375,0.837873335373326,1.73000215846784
96.3211059570313,-0.139994460654815,2.43065171521048
96.5118408203125,1.14990161749652,1.37317296248202
96.7025756835938,0.960543428528059,1.21506638938814
96.893310546875,0.858216626363122,0.0365592852376415
97.0840454101563,0.79953218709922,1.08755093167349
97.2747802734375,2.22873505621598,0.273430384114498
97.4655151367188,0.288091005343202,-0.655766546068906
97.65625,-0.682240176472596,-0.674175243761968
97.8469848632813,-1.04445382953235,0.0659460769288449
98.0377197265625,0.322325502016939,1.20452380273346
98.2284545898438,1.05868703594153,-0.0581242869063427
98.419189453125,0.106137877903052,0.991604730558728
98.6099243164063,-0.163995711714429,1.52151365225473
98.8006591796875,-1.05781045055146,0.851730343471508
98.9913940429688,-0.0484845168804046,0.204501563885977
99.18212890625,0.643272888820682,-0.122829280496612
99.3728637695313,1.33697758474279,-0.179115914556735
99.5635986328125,0.749895585671943,0.462099735794912
99.7543334960938,-0.504523958397632,0.279506178050392
99.945068359375,0.772337410114157,0.323830038898327
