Fre(kHz),Re,Im
-99.945068359375,-1.62092745492533,1.46489705940855,ZeroPoint:Tj,62,5
-99.7543334960938,-3.4383546544672,-0.401968944258114,Const.;stime,2.95309648,6.4E-07
-99.5635986328125,-0.634140154940925,1.5149430628916,Fre.Range:Tau,-100:100,1.5E-05
-99.3728637695313,-1.71793490258573,0.86779873364752,FFTSize:DataSize:Firstpul,8192:8192,5E-07
-99.18212890625,-1.75432862646365,0.944317698080622,5msF6666,Freq.=141410000
-98.9913940429688,-0.811785808492102,1.70171900839574
-98.8006591796875,0.424672884699863,2.34213347811275
-98.6099243164063,-1.44085803586401,0.59998249209075
-98.419189453125,-1.44167987365163,-0.126505396991632
-98.2284545898438,-1.09911585211498,0.989450367373924
-98.0377197265625,0.534937256234036,1.57599271837844
-97.8469848632813,-1.34098986383879,1.83846564725004
-97.65625,-1.31785788469136,0.387931968531386
-97.4655151367188,0.453475300306217,-0.598522559129908
-97.2747802734375,0.66288972575269,1.2536624287549
-97.0840454101563,-1.02791170318124,-0.346881064093663
-96.893310546875,-1.77792883609732,2.560779776622
-96.7025756835938,-0.278315801165864,1.318306779978
-96.5118408203125,0.0233692267176569,0.64591629976854
-96.3211059570313,-0.712503585716693,0.301910029514547
-96.13037109375,-0.8974913838634,1.76673367932212
-95.9396362304688,-0.694538321842364,1.79128479937551
-95.7489013671875,-1.44204006052484,0.0947985860554124
-95.5581665039063,-0.842287590542397,1.05930280625454
-95.367431640625,-1.26143370926875,0.157800162344001
-95.1766967773438,-0.665594160459188,1.1014567257752
-94.9859619140625,0.203300391134016,0.253213527689406
-94.7952270507813,-1.79897823957711,1.49212914452549
-94.6044921875,-0.588086458121485,2.46327223698784
-94.4137573242188,0.796306821495527,1.02833902469177
-94.2230224609375,-3.06048416295426,1.01818496494827
-94.0322875976563,-2.58407188193719,0.953909044684568
-93.841552734375,-1.13091075090133,1.54441161384562
-93.6508178710938,-0.567719618936353,-0.643689935390802
-93.4600830078125,0.544219445530195,0.880568077245298
-93.2693481445313,-0.738036943627738,0.599913204712906
-93.07861328125,-1.53582586211474,-0.123455493735126
-92.8878784179688,-0.361166212906497,0.379886668929581
-92.6971435546875,-1.64261849787136,1.67380245410226
-92.5064086914063,-0.408928328440056,0.962139635007612
-92.315673828125,0.762910835024429,1.68400521940032
-92.1249389648438,-0.315764521108612,1.37109827300828
-91.9342041015625,-0.399589929497723,1.32074263351629
-91.7434692382813,-0.712366605291602,1.28583943421485
-91.552734375,-0.616713284595286,-0.860051475156418
-91.3619995117188,-1.79941576765572,1.3218074917409
-91.1712646484375,-0.330010570895893,1.91798471261689
-90.9805297851563,-0.488252342468836,-0.945803854826891
-90.789794921875,-1.18305627349491,1.89534333709811
-90.5990600585938,-0.902434508095765,1.89524928995818
-90.4083251953125,-1.42556931074951,2.20510415250181
-90.2175903320313,-0.773381994563305,0.452890893475214
-90.02685546875,0.221139373221893,1.08749301686328
-89.8361206054688,-1.15295297921196,-0.230036945124317
-89.6453857421875,0.960334008225475,2.09958780486691
-89.4546508789063,-1.30708103966319,1.1202164174429
-89.263916015625,-0.471829426007426,0.924283778139081
-89.0731811523438,-0.993498758609422,0.270852579876615
-88.8824462890625,-1.58608386084519,0.98064579736884
-88.6917114257813,-2.3927629628275,1.51086583297358
-88.5009765625,-0.967198119272114,-0.449302345995211
-88.3102416992188,-0.53030431598663,1.01277374863172
-88.1195068359375,-0.709776910631924,1.46351068909214
-87.9287719726563,0.0706756023459627,0.824243395594213
-87.738037109375,-1.58901293143578,1.57884751808618
-87.5473022460938,0.324821359784443,2.59097187637293
-87.3565673828125,-1.07189472807366,1.30695635389414
-87.1658325195313,0.0273288684097637,1.69780783218761
-86.97509765625,-1.35322628437439,2.89226410252062
-86.7843627929688,-1.01419414932944,0.471085427510216
-86.5936279296875,-0.102428177023139,1.32066267111062
-86.4028930664063,-0.557583220479525,1.47177891847753
-86.212158203125,-2.10056228312045,1.93219210894002
-86.0214233398438,-1.14149610500679,0.547515800357076
-85.8306884765625,-1.01821721328804,0.83971358331485
-85.6399536132813,-1.93349943656653,1.02592618737032
-85.44921875,-0.951859651145785,-0.218264362890859
-85.2584838867188,-1.83724512316528,1.33314782054699
-85.0677490234375,-1.83343276303036,2.14627751922176
-84.8770141601563,-0.332768128903036,0.255929788945437
-84.686279296875,-0.38409580613746,1.76032996825977
-84.4955444335938,-0.151521915142133,1.81774863526337
-84.3048095703125,-2.24167467433922,1.02355635196573
-84.1140747070313,-1.98495235291425,3.00379699083619
-83.92333984375,-0.396454492436607,0.268729535572014
-83.7326049804688,-0.835332360678427,0.427938814466989
-83.5418701171875,0.629238240028606,1.52686402025274
-83.3511352539063,-1.07069256348747,1.46405384632239
-83.160400390625,0.142799284177423,0.515241382935455
-82.9696655273438,-0.103483151666085,1.6918183846611
-82.7789306640625,-0.495830306717905,1.34230282973937
-82.5881958007813,1.02342178850448,1.49266803206287
-82.3974609375,-1.19035536063135,1.69799076237995
-82.2067260742188,-2.30023278692129,2.57996040189595
-82.0159912109375,-1.28993746462119,1.9710420543781
-81.8252563476563,-1.03649390044507,2.92414375847759
-81.634521484375,-1.93114842368146,0.939456511801612
-81.4437866210938,-0.677118691307016,2.11347443090148
-81.2530517578125,-1.41550059950454,1.6875941902044
-81.0623168945313,-2.27056399263678,0.823552183947727
-80.87158203125,-0.734137110581068,2.5379491353792
-80.6808471679688,-0.545717612943725,1.51084320700882
-80.4901123046875,-1.40108281825089,0.371808109016937
-80.2993774414063,-0.359898689103427,1.6743362642563
-80.108642578125,0.633418876049191,1.27857438189532
-79.9179077148438,-0.871135318998226,0.784999877549395
-79.7271728515625,-0.534431588043305,0.77909397823457
-79.5364379882813,-0.035690697699449,2.2465727936248
-79.345703125,-2.12760871704732,2.86019808862385
-79.1549682617188,-2.10480277950911,0.245005189154722
-78.9642333984375,-2.38139030592783,1.02650241237479
-78.7734985351563,-1.53296152520972,0.842095644793668
-78.582763671875,-2.0309035944625,0.826056430771376
-78.3920288085938,-0.851165015201994,1.26791286655617
-78.2012939453125,-1.52147760891009,1.31631395663639
-78.0105590820313,-1.17575948237471,1.49114023119196
-77.81982421875,-0.888420160559217,1.39102263582128
-77.6290893554688,1.13429824677419,0.726403784676224
-77.4383544921875,-1.42957604148589,1.96933676197373
-77.2476196289063,-2.39897076495613,0.80521787988576
-77.056884765625,-0.0701900205352353,2.07057902971195
-76.8661499023438,-0.679918116024135,1.23272978059703
-76.6754150390625,-0.826698442922555,1.08635055167694
-76.4846801757813,0.399972750102704,0.596057877990688
-76.2939453125,-1.34752170252882,2.381502843545
-76.1032104492188,-0.888718081907479,1.59459945235351
-75.9124755859375,0.0183078182250654,1.2662640580405
-75.7217407226563,-0.563506880804212,1.18184203816799
-75.531005859375,1.0195531843322,0.421436624226555
-75.3402709960938,-1.05263116683092,1.79974908185913
-75.1495361328125,-1.60034699570948,1.92363597452289
-74.9588012695313,-0.658916249826355,2.9707323360228
-74.76806640625,-1.40943898879078,0.34534171589896
-74.5773315429688,-1.11480374936804,1.09785909955918
-74.3865966796875,-1.32792058534148,2.08468987941695
-74.1958618164063,-0.761057308395384,1.5944398609335
-74.005126953125,-1.76711266739256,0.284736972516426
-73.8143920898438,-1.23812310021403,1.54457444583139
-73.6236572265625,-1.07297593517674,2.06800975995728
-73.4329223632813,-0.236936384337404,1.80789184449477
-73.2421875,-1.47794364430721,2.53462452384139
-73.0514526367188,-2.40858438495109,1.0803570005438
-72.8607177734375,-0.16580800010889,3.4137995732247
-72.6699829101563,-1.49800991581417,1.35756104508518
-72.479248046875,-0.468973742501259,0.707173011752206
-72.2885131835938,0.495628144305793,0.464897467704695
-72.0977783203125,-0.638913286626556,1.95615497734954
-71.9070434570313,-1.02434887258306,3.07426866910737
-71.71630859375,0.482204839418996,1.48796572713765
-71.5255737304688,-0.807992514327346,1.15778317951049
-71.3348388671875,0.157607635330925,1.43371757613237
-71.1441040039063,-1.62684627075562,1.43642228823979
-70.953369140625,-1.33983996188635,2.96727119249516
-70.7626342773438,-0.151777295555034,2.59279157073621
-70.5718994140625,-2.41479884596511,1.72505134270214
-70.3811645507813,-1.73276677429601,1.8703777189831
-70.1904296875,-0.911158993625353,1.71932926089217
-69.9996948242188,-1.12755574156696,1.98085378902037
-69.8089599609375,-0.158470748828322,2.30672932624239
-69.6182250976563,-0.806285806735656,1.4114134480805
-69.427490234375,-1.13214788826665,3.46826625717391
-69.2367553710938,-0.0970868771224072,2.87796206454302
-69.0460205078125,-1.67089019191822,0.692137926536313
-68.8552856445313,-2.33890812621025,0.930633619328845
-68.66455078125,-0.908296207635167,0.926848875173416
-68.4738159179688,-1.12366257264141,3.01572364248191
-68.2830810546875,0.240808943360197,1.93580729901471
-68.0923461914063,-0.699350489208256,2.24321826454977
-67.901611328125,-1.6571494848463,0.921816794025677
-67.7108764648438,-1.03114016501343,1.75867140118991
-67.5201416015625,-0.304015536712951,2.77525753819365
-67.3294067382813,-1.21786110577586,1.98766198576958
-67.138671875,-1.6745067707459,1.06337310005074
-66.9479370117188,-0.509802721246657,1.78215054510255
-66.7572021484375,-0.860639465567185,0.509094549368787
-66.5664672851563,0.0151197878187302,4.49365409850255
-66.375732421875,-1.13132241399214,1.76642639065597
-66.1849975585938,-1.70040269504724,1.34717328999986
-65.9942626953125,0.200083883665974,3.18538161078948
-65.8035278320313,-1.36861149854674,1.54912713363468
-65.61279296875,-0.991631727629413,1.74642458483728
-65.4220581054688,-1.38645332289014,2.82661309350934
-65.2313232421875,-0.0978920967190064,1.69032205546262
-65.0405883789063,-2.37145718717917,1.33297209236025
-64.849853515625,-1.20454811607485,0.584090411957335
-64.6591186523438,-1.43412441270498,1.51902188178952
-64.4683837890625,-0.943825981019806,1.95402078649379
-64.2776489257813,-0.82811340514423,1.52159529823072
-64.0869140625,-2.57170693739171,2.86145202314344
-63.8961791992188,-1.65518405022618,0.367942950446962
-63.7054443359375,-0.752941989163519,2.02619841486012
-63.5147094726563,-0.0357152081541423,1.99364535820619
-63.323974609375,0.0480685417220945,2.43826470153425
-63.1332397460938,0.354166697913911,1.88706032830149
-62.9425048828125,-1.07862924769927,2.40073397896987
-62.7517700195313,-1.53782422208016,2.68234424868812
-62.56103515625,-1.51016229527905,3.40090957921686
-62.3703002929688,-2.54789765940605,2.7127480314291
-62.1795654296875,-1.4027308294326,0.576074213634068
-61.9888305664063,-1.76717420119345,1.78605249089592
-61.798095703125,-0.3712396558919,0.49273552445001
-61.6073608398438,-0.455266974593727,3.63448603776667
-61.4166259765625,-0.435713482728427,0.536514805481575
-61.2258911132813,-0.173423447800848,1.30203081534201
-61.03515625,-2.31322513075963,2.2393713459583
-60.8444213867188,-1.99334939688347,1.8924300397639
-60.6536865234375,-1.4104570900674,3.66036727975095
-60.4629516601563,-2.48359966060214,2.07392830781849
-60.272216796875,0.584263192219566,1.97731537751484
-60.0814819335938,-0.476203341832911,3.25692574068669
-59.8907470703125,0.224686754478833,1.7257896722099
-59.7000122070313,-0.600666061438393,3.0820242106976
-59.50927734375,-0.861203368781994,3.32987353042035
-59.3185424804688,-0.755481341639879,3.52557121210008
-59.1278076171875,-2.79635498259434,1.28595765996927
-58.9370727539063,0.508726410488772,3.90684887874419
-58.746337890625,-0.67990367258697,3.44625760137309
-58.5556030273438,-0.388988721358002,1.36365006504615
-58.3648681640625,-1.63154702705345,2.35700123918827
-58.1741333007813,-2.73045399131748,2.67743179864766
-57.9833984375,-0.976989417649771,4.72134760198871
-57.7926635742188,-1.31338939763685,0.516228794769739
-57.6019287109375,-0.386930245572531,2.63620344234587
-57.4111938476563,0.49258064270521,2.78653177942026
-57.220458984375,-0.695522593318703,3.14957517812086
-57.0297241210938,-2.01343137103678,2.06237789181864
-56.8389892578125,-1.99990770816925,1.85030560402803
-56.6482543945313,-1.82930432442566,3.04021927474864
-56.45751953125,-1.19524715350962,1.62035238119093
-56.2667846679688,-1.82768964086929,1.43855470029188
-56.0760498046875,-1.84104785485348,1.96275503269249
-55.8853149414063,-1.99637387218589,2.72424998486146
-55.694580078125,0.534217430246134,2.97623399365208
-55.5038452148438,-0.849677686649489,2.52033527309643
-55.3131103515625,-0.654013935841487,2.29224706468883
-55.1223754882813,-0.182198314942395,3.27955845437239
-54.931640625,-0.888879142235088,1.104143454609
-54.7409057617188,-1.31976714668954,1.84892307610446
-54.5501708984375,-0.655761964906601,3.34482943872846
-54.3594360351563,-0.30646933056844,2.83691878320385
-54.168701171875,-1.94508229786229,2.98063763807229
-53.9779663085938,-1.19151476743594,2.01177771936375
-53.7872314453125,-0.597321264629703,2.37511229946626
-53.5964965820313,1.2347141456653,3.35828121988064
-53.40576171875,-0.372269004963064,2.54108746026034
-53.2150268554688,-2.2611455697199,3.18907013095721
-53.0242919921875,-1.22287745544428,2.84887693842618
-52.8335571289063,-1.34197493743722,1.71503778410699
-52.642822265625,-0.4447012914225,1.59107974221525
-52.4520874023438,-0.823532978812977,2.57806481118496
-52.2613525390625,-0.681836601645731,2.08651118473489
-52.0706176757813,0.681701316980712,1.87659096120735
-51.8798828125,0.520912525183231,2.11536306615639
-51.6891479492188,-2.25301993848662,2.37894468951479
-51.4984130859375,-1.86743212151936,2.59575442252251
-51.3076782226563,-1.51110654817988,3.17212002942813
-51.116943359375,-1.52832578631395,2.87619193299867
-50.9262084960938,-1.99021024542928,3.33686118674225
-50.7354736328125,-1.30233468146335,2.65278591223176
-50.5447387695313,-2.90927306105215,4.81574041796615
-50.35400390625,-2.01270719813392,3.63463975963659
-50.1632690429688,-0.614620706016565,3.5273824922764
-49.9725341796875,-1.58030550063311,3.25059156399932
-49.7817993164063,0.874693774088627,3.33094721591922
-49.591064453125,-0.345311411413863,2.45610018619679
-49.4003295898438,-0.158057901270382,2.64418251925918
-49.2095947265625,-0.82258688735464,2.51703045095175
-49.0188598632813,1.20902687982906,1.7631116121288
-48.828125,-1.05906743763174,4.66466091521519
-48.6373901367188,-0.976561082693418,0.993377171189349
-48.4466552734375,-0.2351715791539,2.83382569358704
-48.2559204101563,-2.12948419744538,3.94028214345286
-48.065185546875,-0.568786033415493,3.30718237098363
-47.8744506835938,-1.04561947063415,2.79248847595948
-47.6837158203125,-0.307336239905603,3.71591153120487
-47.4929809570313,-1.70959283840565,4.33449637881881
-47.30224609375,0.0279633920834665,1.98020946476225
-47.1115112304688,0.62784547488588,2.75210452424896
-46.9207763671875,-0.43173048987228,4.15952802263912
-46.7300415039063,-0.309824967900289,4.18111504431629
-46.539306640625,-0.751344848215477,4.29093594537256
-46.3485717773438,-1.62734997112457,4.60034423794227
-46.1578369140625,-0.507867055421831,4.17414029000649
-45.9671020507813,-1.72346203033886,2.81003080593616
-45.7763671875,-1.2878920715711,3.3608547691064
-45.5856323242188,-0.778748410348153,2.55003052885715
-45.3948974609375,0.0286918697456794,3.46667331210832
-45.2041625976563,-0.249921728016478,4.23245385391983
-45.013427734375,-0.713675342797826,2.91951231181756
-44.8226928710938,-0.252052931641789,4.46503520571446
-44.6319580078125,-0.948623338951796,2.6555066968587
-44.4412231445313,0.121937713919994,5.82379038926238
-44.25048828125,-1.06222717377461,2.80588474907317
-44.0597534179688,0.719410043927832,2.868999490944
-43.8690185546875,2.08320605520551,3.76169338984655
-43.6782836914063,0.0471666570826058,3.94537195500329
-43.487548828125,0.231829408001982,2.26501535672181
-43.2968139648438,-0.103315931472916,3.99960799374702
-43.1060791015625,-0.682230450522396,3.6916728115654
-42.9153442382813,-1.30720780505945,1.32779041226105
-42.724609375,0.881666888908164,2.13134845962926
-42.5338745117188,-0.415120351724761,3.82924745622371
-42.3431396484375,-0.0646003254621442,2.64140710474747
-42.1524047851563,-2.59330367803751,3.22319835873002
-41.961669921875,-1.97155716022508,3.51327003247478
-41.7709350585938,-0.339360183395318,3.38560005983254
-41.5802001953125,-0.690647764385411,3.68283572632974
-41.3894653320313,-0.451517061642243,2.16310860782675
-41.19873046875,0.524348819304389,4.30176440732493
-41.0079956054688,-1.60295997602316,3.50412474058081
-40.8172607421875,-0.905613424881343,2.02605865827654
-40.6265258789063,-2.26698464644907,2.54973031497917
-40.435791015625,-1.24508191471985,3.24489800150559
-40.2450561523438,-2.0988075355781,4.21257127219001
-40.0543212890625,-0.15455723508375,3.32855881803091
-39.8635864257813,-1.37446413312376,3.618717074439
-39.6728515625,-0.221664171014835,1.93249691673008
-39.4821166992188,-0.839976408527812,2.8086623669881
-39.2913818359375,-1.57041684389591,3.63645772508765
-39.1006469726563,-2.11402682539919,4.16086199985099
-38.909912109375,0.0668561885076339,2.99666888448109
-38.7191772460938,-0.429926358707707,3.84563562721815
-38.5284423828125,-1.97972935988698,3.44871480271721
-38.3377075195313,-1.00477827484769,3.31503484988568
-38.14697265625,0.221533950138193,2.85588034750462
-37.9562377929688,0.740907784870712,3.50024575405019
-37.7655029296875,-0.807542321766466,5.17602625559285
-37.5747680664063,-2.20224773053797,4.6913841976533
-37.384033203125,-1.45311739716855,4.6300210414292
-37.1932983398438,1.56523864639012,4.00336352246217
-37.0025634765625,0.0797267263763673,3.3276877168684
-36.8118286132813,1.26474382858688,4.07013189782598
-36.62109375,-1.40833727920375,3.98835441550243
-36.4303588867188,-1.00120258625316,2.56920644348831
-36.2396240234375,-1.19665121161166,3.83064393091186
-36.0488891601563,-0.637772231364209,2.78790830571315
-35.858154296875,0.462932763134531,4.78866449713596
-35.6674194335938,0.624936680154975,3.54258097399059
-35.4766845703125,0.492354961210471,4.37240372792949
-35.2859497070313,-2.35989202756198,5.40786181247625
-35.09521484375,-0.989413062383171,3.17805412290421
-34.9044799804688,0.0920351793160343,4.74849722322232
-34.7137451171875,0.697271814849496,4.0500131751338
-34.5230102539063,0.153168338957304,3.92281596712591
-34.332275390625,0.152554469861006,4.46282604147414
-34.1415405273438,-0.936141421835821,3.85366625110864
-33.9508056640625,-2.58886440325204,3.56483599982517
-33.7600708007813,-0.119487294875259,2.05950417762625
-33.5693359375,0.119853078563647,2.85374096212828
-33.3786010742188,-0.798129613471687,4.20863937684676
-33.1878662109375,-1.90207802995308,5.20395817822198
-32.9971313476563,-0.765854283642425,4.04443576060405
-32.806396484375,-0.939170312467783,4.70169784123202
-32.6156616210938,-2.0376393367253,4.76103496082142
-32.4249267578125,0.210440444744113,3.86129484626467
-32.2341918945313,-1.78497749240365,4.24612170146065
-32.04345703125,-0.0730657816798714,4.99123600148865
-31.8527221679688,-0.491147146374425,2.97588416404549
-31.6619873046875,-1.83777735333303,4.56878947835093
-31.4712524414063,-0.842250174385468,4.65676980446638
-31.280517578125,0.488448851484322,4.94455735122136
-31.0897827148438,-0.519456178350633,5.44701980561291
-30.8990478515625,0.0789033651511002,4.14873644784512
-30.7083129882813,-0.961967114089265,5.15339929750772
-30.517578125,-0.463808242014962,3.88563490239416
-30.3268432617188,0.258486632392277,5.08579702174917
-30.1361083984375,-2.08660031113887,5.89364502564726
-29.9453735351563,0.0894278808864565,5.28512948446
-29.754638671875,0.296094288301044,4.70906642520221
-29.5639038085938,-1.30163406107949,3.08523435499454
-29.3731689453125,0.605999308359283,5.69982093951792
-29.1824340820313,-0.21414275219604,5.91142249316443
-28.99169921875,-0.158591909196913,3.35039238277845
-28.8009643554688,-1.68980905078415,4.1390046642335
-28.6102294921875,0.68184525452239,5.14036185346868
-28.4194946289063,0.0140013761767142,4.99683907250772
-28.228759765625,-1.47753685139279,6.41342064150748
-28.0380249023438,-2.68938588950519,4.97342192446825
-27.8472900390625,-0.630599687279103,5.52182521164273
-27.6565551757813,-0.450482113824099,4.705036174381
-27.4658203125,-0.0519284314126681,5.50199962965908
-27.2750854492188,-0.72219865484724,5.73030353088713
-27.0843505859375,-0.0465696297365017,4.63638454564926
-26.8936157226563,-1.55787427430198,5.78805780472091
-26.702880859375,-0.574284034333702,5.90318825353176
-26.5121459960938,-0.577729301041527,7.24971574183987
-26.3214111328125,-0.865289160356418,4.70491655790488
-26.1306762695313,-0.538797153341281,4.46104048767059
-25.93994140625,-0.338403052869084,5.63454587817606
-25.7492065429688,1.32254687127355,5.92227850616346
-25.5584716796875,-0.45762284126412,4.61776773343415
-25.3677368164063,0.0338004883817548,3.99471901033222
-25.177001953125,-2.61273308387243,6.60734770071626
-24.9862670898438,-0.0308231484066352,6.08070206453412
-24.7955322265625,-0.101725585953343,6.23856520729893
-24.6047973632813,-0.100114889169739,7.04447961068054
-24.4140625,-0.368151458854271,8.20334338787567
-24.2233276367188,-0.726524485224151,6.01770239902763
-24.0325927734375,0.284668943735166,7.47892439871051
-23.8418579101563,-0.262776962455698,6.42568979313225
-23.651123046875,0.505792683943429,7.07732121690142
-23.4603881835938,-0.560099851705286,6.35851803404637
-23.2696533203125,-0.698846290351785,6.24547321385894
-23.0789184570313,-0.421829326215233,6.81053233174343
-22.88818359375,-0.180881341240897,8.30887194321967
-22.6974487304688,-0.798291001604829,8.41196992310103
-22.5067138671875,-0.369867828303667,7.18290581054987
-22.3159790039063,2.20999900531058,6.80778633617759
-22.125244140625,0.63070604764516,7.16363371342936
-21.9345092773438,0.888682769403483,8.63878659361185
-21.7437744140625,0.545469448371391,7.87791329181579
-21.5530395507813,0.616434189125628,7.56886196653678
-21.3623046875,1.39890225896359,8.58305735173467
-21.1715698242188,-0.255905611695763,9.91648408865741
-20.9808349609375,1.41861986834461,8.38762573405563
-20.7901000976563,2.23463050082161,9.10000416427396
-20.599365234375,0.417548892778667,8.89515001303187
-20.4086303710938,1.01510689991265,8.68453982359823
-20.2178955078125,1.33669348961126,7.84056818510154
-20.0271606445313,2.70777477808286,7.89336160624615
-19.83642578125,1.78860229495395,8.16542196176827
-19.6456909179688,2.91644377423769,7.6821505822672
-19.4549560546875,2.91979507266023,9.12905116052364
-19.2642211914063,2.83581339309798,9.50570434157054
-19.073486328125,0.898923671151402,8.31374351069112
-18.8827514648438,3.21333621669255,8.87629219091606
-18.6920166015625,3.4635371008666,9.10204385335418
-18.5012817382813,3.01163175866077,8.73026646162401
-18.310546875,4.66935581818341,10.2264640609648
-18.1198120117188,2.82962676662711,8.34235688414933
-17.9290771484375,2.13434307211888,8.10706031699719
-17.7383422851563,3.54537463109167,8.85772385182896
-17.547607421875,2.54862872568384,8.5077846658704
-17.3568725585938,4.24571333797985,8.682338464744
-17.1661376953125,3.90433384420655,7.82835710096719
-16.9754028320313,5.46567277066989,8.49242072526943
-16.78466796875,3.85513027179726,9.12439313401094
-16.5939331054688,5.47917463671798,9.05234210789142
-16.4031982421875,4.00336938114226,8.64539035927661
-16.2124633789063,4.79873429114022,8.83208287666263
-16.021728515625,4.8159870949342,10.0685328743013
-15.8309936523438,4.8605425502372,8.90913158423838
-15.6402587890625,3.22213237597765,9.15236459249334
-15.4495239257813,4.02668482826336,8.49629954397029
-15.2587890625,4.54294729097177,8.16126050396844
-15.0680541992188,3.06523833153974,8.07436689606586
-14.8773193359375,4.74012601648483,6.88381557585792
-14.6865844726563,5.7749825896409,5.77014380744648
-14.495849609375,4.90038721198924,6.8120144706927
-14.3051147460938,3.63439316107583,6.70853957818954
-14.1143798828125,4.25445077603247,7.21649718251648
-13.9236450195313,4.94606233033165,6.66648445733454
-13.73291015625,6.49226898149611,6.27519156437296
-13.5421752929688,6.57798938831577,6.63329494793981
-13.3514404296875,5.12107425323099,7.040644497151
-13.1607055664063,5.40781526540323,7.52069652990528
-12.969970703125,4.95292691369056,7.73967905917155
-12.7792358398438,6.65660639045914,7.88719900839427
-12.5885009765625,6.6575504038787,7.51035045446742
-12.3977661132813,5.62715142025843,9.46350804402821
-12.20703125,4.96672493568927,8.59915590483663
-12.0162963867188,6.16570782804994,6.79094920114122
-11.8255615234375,6.54919097575112,7.719284914136
-11.6348266601563,5.2218721674779,9.27563484790508
-11.444091796875,6.47100098515236,8.20844162749585
-11.2533569335938,6.49195736581728,8.40931329037417
-11.0626220703125,6.94262507769883,7.2741975779961
-10.8718872070313,5.8519049288375,9.90314836569499
-10.68115234375,8.26599772064085,9.30840140511181
-10.4904174804688,7.87519442510751,10.5591196032247
-10.2996826171875,9.77166769321464,10.1590096782502
-10.1089477539063,7.85336968155757,7.08902567849621
-9.918212890625,8.254134894237,8.40455189403536
-9.72747802734375,8.29274828258935,7.57596847051757
-9.5367431640625,10.5342177234998,7.29750347792087
-9.34600830078125,10.7618011675252,11.0791349172422
-9.1552734375,8.50514085480195,6.93782641296232
-8.96453857421875,11.9589986777288,8.1054493348583
-8.7738037109375,12.1368701470152,7.23382141394166
-8.58306884765625,11.9794595694996,6.86881578939713
-8.392333984375,12.3361093233036,6.0987551473777
-8.20159912109375,12.0278758998251,7.68702630221673
-8.0108642578125,12.0805629121459,5.06389775616208
-7.82012939453125,13.2718384266677,5.1744423713687
-7.62939453125,12.6432847813944,5.83586957468097
-7.43865966796875,11.7048093394906,4.40213303849958
-7.2479248046875,11.6735514846702,4.03562189629428
-7.05718994140625,13.9047370133192,2.89696358151689
-6.866455078125,12.5160102284258,2.8130204443825
-6.67572021484375,11.6478461445287,2.94889988519819
-6.4849853515625,11.0585835036363,3.56362607170287
-6.29425048828125,11.726459694783,2.56482992023594
-6.103515625,12.4136635745886,3.13510326166696
-5.91278076171875,11.0348652784535,2.65337965438818
-5.7220458984375,12.1033397109711,2.0381058625762
-5.53131103515625,9.50822507480217,1.59987593185971
-5.340576171875,9.86013809398328,1.12542910475972
-5.14984130859375,11.0580589995656,1.38856737913858
-4.9591064453125,10.6697690322174,1.36246830889491
-4.76837158203125,10.6712663264206,1.36430630033671
-4.57763671875,8.26232292120697,0.30096697835811
-4.38690185546875,9.35949501312907,1.03866148795912
-4.1961669921875,9.01122115116268,2.1014812943366
-4.00543212890625,7.97183063770754,1.78636719148393
-3.814697265625,8.56531698751867,1.59064960452855
-3.62396240234375,9.77550958848836,2.6289852396476
-3.4332275390625,8.1509655090497,0.613442028899906
-3.24249267578125,9.28360829134053,2.27930697624116
-3.0517578125,10.0863937688186,1.6373140394579
-2.86102294921875,9.68893730749235,1.27927302322668
-2.6702880859375,7.9614838826882,1.40950355296651
-2.47955322265625,9.25242685767059,0.679561383549534
-2.288818359375,8.2718277832823,3.04092903633221
-2.09808349609375,10.6230996850083,2.0577153646859
-1.9073486328125,9.77365011936913,1.98221387942854
-1.71661376953125,10.2291333954621,3.01642552693267
-1.52587890625,9.40308352477967,0.139737927547488
-1.33514404296875,9.21483464410191,2.3282476136227
-1.1444091796875,10.0210976465832,1.37541740065108
-0.95367431640625,10.5627281598013,1.35325356382563
-0.762939453125,10.8448877498788,0.49441914109701
-0.57220458984375,11.3675879312788,1.68194867550548
-0.3814697265625,11.9575551042804,-0.319580635802101
-0.19073486328125,11.5643562857847,1.54550163725553
0,10.8702761873507,0.521643042908317
0.19073486328125,11.8680558601445,0.0754890168024168
0.3814697265625,11.4610393871463,0.344873989139946
0.57220458984375,11.4977423028503,0.365231567694537
0.762939453125,10.7895935320921,-1.21730789618933
0.95367431640625,13.3329096295028,-0.500101374158332
1.1444091796875,11.3215113417298,-0.878315675481776
1.33514404296875,12.6667354197455,-2.65732342601687
1.52587890625,12.3381743798508,-0.934658949708493
1.71661376953125,13.2216802931264,-2.9707242072685
1.9073486328125,11.9346235480862,-4.4800344120703
2.09808349609375,12.8695256842103,-4.41637337964852
2.288818359375,12.1470977091641,-4.74641394083602
2.47955322265625,10.7265413035264,-3.03005007787158
2.6702880859375,12.5308307723491,-3.73859411204808
2.86102294921875,10.8757683311631,-5.46234369403169
3.0517578125,10.1223673726057,-6.62278142402574
3.24249267578125,11.4168733576961,-4.09612683690703
3.4332275390625,10.793022388359,-5.50853577987788
3.62396240234375,11.5663855938401,-5.0767700041651
3.814697265625,9.7697272547046,-6.40079005416011
4.00543212890625,9.44754964559171,-5.19927711536893
4.1961669921875,9.18800787491878,-7.80013372227921
4.38690185546875,8.77719550743757,-6.57437041571912
4.57763671875,9.20692342399811,-6.23252782899729
4.76837158203125,8.14734878494419,-6.01860398763985
4.9591064453125,8.21514081569208,-6.26100411084264
5.14984130859375,6.71379330974674,-8.442162163073
5.340576171875,7.13171955955258,-7.29557722862193
5.53131103515625,7.42564945041046,-6.73160529547852
5.7220458984375,5.89548117187279,-7.29607473460166
5.91278076171875,6.33830939768836,-7.84181261200444
6.103515625,5.95506110917904,-7.66316431075343
6.29425048828125,5.59458984112748,-7.1051322468737
6.4849853515625,4.87801978621857,-5.58353622159691
6.67572021484375,4.17232832097558,-7.50456426516759
6.866455078125,4.48574285017732,-7.18567493493765
7.05718994140625,2.59874825925129,-6.68042808744127
7.2479248046875,2.70926251650311,-6.53830822456852
7.43865966796875,3.53927830785858,-6.25764589126584
7.62939453125,2.05340179176473,-4.72561619207777
7.82012939453125,2.21137843369071,-7.45138121881206
8.0108642578125,1.87851635099813,-5.52376460034539
8.20159912109375,1.28262576333076,-5.97083068545788
8.392333984375,1.95273982504414,-5.3971418133578
8.58306884765625,2.33367106872999,-3.85318177496095
8.7738037109375,2.56287483075694,-3.5396582793507
8.96453857421875,3.41874118858854,-4.6834554773535
9.1552734375,1.6775337144574,-3.35527226756776
9.34600830078125,2.86814740210867,-2.78011928516033
9.5367431640625,1.6408635944,-3.80442506983392
9.72747802734375,1.85775049299604,-3.42747648837459
9.918212890625,1.40520834993417,-3.49577678500293
10.1089477539063,0.877187723565546,-2.68695105697107
10.2996826171875,3.16890183078322,-1.97146623872987
10.4904174804688,1.33860308281189,-2.8708039300052
10.68115234375,1.51960794841837,-2.1859529783961
10.8718872070313,1.30380003574117,-1.34040802438498
11.0626220703125,1.42479489901624,-3.32618076329602
11.2533569335938,2.3325354968943,-3.26225205480899
11.444091796875,3.06575217333492,-1.45208928066113
11.6348266601563,1.86462252699483,-1.86818215368459
11.8255615234375,3.27989532756016,-2.02923303024769
12.0162963867188,3.2400630942179,-1.87900370812484
12.20703125,1.53021128117345,-1.15989634178313
12.3977661132813,3.01044585963039,-2.21024027020833
12.5885009765625,3.35357225717041,-0.417472470373089
12.7792358398438,3.23297044682513,-1.56925835368395
12.969970703125,5.06588349972377,-1.08449635642016
13.1607055664063,5.18578307102109,-0.357372422594236
13.3514404296875,5.14054524660386,-1.30061162235539
13.5421752929688,3.26619002575459,-0.388047449153735
13.73291015625,4.43271393584628,-0.612882642341952
13.9236450195313,4.81751512814739,-3.30443253588269
14.1143798828125,5.89866057992864,-0.128625247620885
14.3051147460938,4.22717821755397,-0.331691518669019
14.495849609375,5.19624791421695,-0.103931725914681
14.6865844726563,4.65587755307687,-2.55819771130837
14.8773193359375,4.53145800996322,-1.6068536427103
15.0680541992188,5.97049442166742,-0.648270965743049
15.2587890625,5.48629363377274,-1.74359738727781
15.4495239257813,5.48745531184454,-0.572084349084196
15.6402587890625,4.63366266586878,-2.49112307649847
15.8309936523438,4.17338154948175,-1.68404150678729
16.021728515625,6.46012079814099,-2.74499577966449
16.2124633789063,5.23589696222182,-3.06381705772984
16.4031982421875,6.32232602320379,-2.57898254742632
16.5939331054688,6.09936987211177,-2.9886758253193
16.78466796875,6.68353792897177,-2.60250993674826
16.9754028320313,5.92359976140827,-5.19043950359162
17.1661376953125,6.23272877361384,-2.4448220063101
17.3568725585938,7.20024803493105,-4.74845067451828
17.547607421875,5.99863501044877,-2.69178342435878
17.7383422851563,3.88933383515124,-4.13300062798838
17.9290771484375,4.84280160110299,-2.81902906116233
18.1198120117188,4.55842496416081,-5.32286331179313
18.310546875,5.80938534522127,-4.70209791229822
18.5012817382813,5.54407057030041,-6.69474007317257
18.6920166015625,4.06642559213796,-5.06208375595977
18.8827514648438,4.88151080118536,-3.91203860993288
19.073486328125,4.01382253273571,-6.32317224356245
19.2642211914063,5.01899895583585,-6.04111034603305
19.4549560546875,4.34435044131008,-7.86359335553332
19.6456909179688,2.94732671903219,-5.467356333147
19.83642578125,2.44506901256248,-6.4593950691827
20.0271606445313,4.88572797913902,-5.1716141001871
20.2178955078125,3.26789782313252,-4.93601089047201
20.4086303710938,3.96287322569161,-5.19988493538629
20.599365234375,3.51244830327665,-5.21962042675747
20.7901000976563,2.11212475423749,-7.67164906658246
20.9808349609375,3.3884877252518,-6.26273434426931
21.1715698242188,3.09432799997753,-6.34889233116456
21.3623046875,1.72173516883861,-6.26896480645545
21.5530395507813,1.50670305365056,-6.6736571226529
21.7437744140625,1.09534750600056,-5.3782149499264
21.9345092773438,1.0508416540912,-4.63286836023994
22.125244140625,0.867472799166053,-4.87043354946069
22.3159790039063,1.05275559462904,-4.16173488240747
22.5067138671875,1.437548378786,-6.8670858594823
22.6974487304688,1.19981998934389,-3.67699944311972
22.88818359375,2.88127374695433,-5.42167166929266
23.0789184570313,1.05938616461101,-6.37062822811241
23.2696533203125,0.0355290272238357,-6.15766802415814
23.4603881835938,-1.60036082919963,-4.33695995414363
23.651123046875,0.626945782155887,-3.73826311693584
23.8418579101563,0.0994275266505091,-3.67410720075228
24.0325927734375,-0.30820040242294,-4.96109863284224
24.2233276367188,-0.548324092401926,-3.60433485980933
24.4140625,1.64166730754227,-3.67303548241467
24.6047973632813,-1.61363635173008,-4.91473409834469
24.7955322265625,0.657587444513009,-5.14247514658527
24.9862670898438,-0.896832835548809,-3.17529334704697
25.177001953125,1.43466900593902,-4.47949933704764
25.3677368164063,0.675240256902291,-3.63360620266181
25.5584716796875,-0.287517140371634,-4.29354454268486
25.7492065429688,0.125973376368091,-3.8795735060511
25.93994140625,-0.234908449796051,-3.88731501581949
26.1306762695313,-0.0995206844770451,-2.96334889942893
26.3214111328125,-0.940239894466128,-2.77966373607309
26.5121459960938,0.513157280022475,-1.73871836222699
26.702880859375,0.195118594870223,-3.29264738642363
26.8936157226563,0.293733984867183,-2.32517661589218
27.0843505859375,-1.28380680981856,-2.24585341221475
27.2750854492188,0.149583053006363,-2.9588527095278
27.4658203125,-0.667822659497277,-2.02781634720583
27.6565551757813,0.679692650647519,-2.95996189692334
27.8472900390625,-0.513490192474387,-2.23162867451017
28.0380249023438,1.02758850531454,-2.55994917821169
28.228759765625,-0.0343862510182252,-2.56595168878846
28.4194946289063,0.621306445076172,-2.04986502733865
28.6102294921875,0.208636787377809,-1.6166470416794
28.8009643554688,1.06557036301874,-0.576782933463294
28.99169921875,-0.268530924866676,-1.64367955978245
29.1824340820313,0.168537325563854,-1.0798356511397
29.3731689453125,-0.393752312939252,-0.741887526144101
29.5639038085938,0.247220922745338,-0.549380583659218
29.754638671875,1.00685102444349,-1.86480294683343
29.9453735351563,1.50203439140071,-0.994114280711843
30.1361083984375,1.89076244402258,-2.14798847625374
30.3268432617188,0.411887604640117,-0.739283059123515
30.517578125,0.568023584952226,-1.17440058904747
30.7083129882813,0.594354730045174,-1.67605127686834
30.8990478515625,1.09859177163773,-1.5136549488023
31.0897827148438,1.38494628779025,-1.3585545679501
31.280517578125,2.17065758655019,-2.90794743062089
31.4712524414063,0.424401526873328,-1.35990292354316
31.6619873046875,1.07804638672175,-0.926151723044352
31.8527221679688,2.24431643579087,0.35200044229119
32.04345703125,1.62170792367022,-0.391181984686146
32.2341918945313,0.699459364709251,-0.87692974410204
32.4249267578125,1.15244670375075,-2.2362224576321
32.6156616210938,1.68041272954082,-1.92986621145431
32.806396484375,2.08957578716724,-0.974471405255458
32.9971313476563,2.5716395510623,-0.0981177482601851
33.1878662109375,2.02002579692557,-1.21682995231814
33.3786010742188,1.78826731934059,-1.46914652325776
33.5693359375,2.18478262845428,-2.66037333073381
33.7600708007813,1.70981291048808,-0.713460409298313
33.9508056640625,1.88660386374143,-0.655017144877635
34.1415405273438,2.77678836866608,-1.5795305703067
34.332275390625,1.5600557655321,-1.84658155030662
34.5230102539063,2.16324173531427,-2.57929569485012
34.7137451171875,2.84425096604446,-3.64020137896427
34.9044799804688,2.19464268292426,-2.12122439647088
35.09521484375,2.14604421862012,-2.62231161990165
35.2859497070313,2.34176681925977,-3.99738248006909
35.4766845703125,1.38835374388281,-1.68094850987918
35.6674194335938,1.83234297440074,-3.93402770844827
35.858154296875,2.23074130575049,-3.571029065648
36.0488891601563,1.82883090684486,-2.97101370010039
36.2396240234375,1.89035165944232,-1.98535897123567
36.4303588867188,2.34444511351488,-3.02801937851114
36.62109375,3.17927959586368,-2.19495653133746
36.8118286132813,1.45331805139536,-5.04623773324282
37.0025634765625,1.25707985932766,-3.54079646099726
37.1932983398438,2.35846968930769,-4.18214269267837
37.384033203125,2.13025538422902,-4.38330795501263
37.5747680664063,2.20409848326757,-5.65594125119978
37.7655029296875,1.13301566893609,-3.40981938619589
37.9562377929688,2.61952691878084,-3.32232909453894
38.14697265625,0.602022574946589,-3.45997784487439
38.3377075195313,0.0875806254755939,-4.92726049996026
38.5284423828125,0.953149444077584,-4.40387283603308
38.7191772460938,-0.00122001197366317,-5.57092090213485
38.909912109375,-0.387518039962648,-4.13852005863405
39.1006469726563,0.521206281089841,-2.77674724561679
39.2913818359375,-0.301372321254488,-4.83255257306705
39.4821166992188,-2.24648009887456,-4.48617474371343
39.6728515625,-0.325083267633212,-2.20353744911303
39.8635864257813,0.138458444355296,-4.34981992533332
40.0543212890625,1.70647142360492,-1.36941447215821
40.2450561523438,0.882351973195513,-4.05485777321713
40.435791015625,-0.972870720542539,-3.02085238285133
40.6265258789063,-0.602732964561446,-2.4919092539023
40.8172607421875,0.514068636298088,-3.87883616545541
41.0079956054688,0.818257966052024,-3.7518913987169
41.19873046875,-1.69792835057929,-2.5017290986052
41.3894653320313,-0.714263531118533,-2.78044614623256
41.5802001953125,0.198981087542152,-3.93473037919192
41.7709350585938,-0.922294261554299,-3.52122502875869
41.961669921875,0.694803627569615,-3.02483682182889
42.1524047851563,-1.84179167487788,-2.99395717785221
42.3431396484375,0.953194875380206,-3.3644467661556
42.5338745117188,-1.33640459509697,-4.14087033638811
42.724609375,0.49566896041271,-2.81952824180933
42.9153442382813,-0.853740883716259,-1.37486511521447
43.1060791015625,-0.459728987357885,-2.80160780950897
43.2968139648438,-0.385332414528405,-3.10640403043953
43.487548828125,-1.37107545451832,-1.40578482865585
43.6782836914063,-1.40525869751613,-2.85531150910312
43.8690185546875,-0.267818404853547,-2.64209875887281
44.0597534179688,-1.52069274557443,-2.43468402938673
44.25048828125,0.614178389878634,-2.52450922898624
44.4412231445313,-0.436441162645267,-3.15226376380861
44.6319580078125,-0.979912779042682,-1.99435866381945
44.8226928710938,-0.441473991701107,-2.45206788581973
45.013427734375,0.96871521690724,-2.38998141496014
45.2041625976563,-1.41270665213182,-0.869210490892525
45.3948974609375,0.0333307340617508,-2.03119870543136
45.5856323242188,-0.324983407388531,-1.40006528425964
45.7763671875,-2.16710153818599,-2.10342752250237
45.9671020507813,-0.200532435112878,-0.662586327324447
46.1578369140625,-2.57957684071863,-2.76049573883588
46.3485717773438,-0.44642502312433,-1.87872934457429
46.539306640625,-0.0451014652816545,-1.74890662800186
46.7300415039063,-0.121101482998849,-0.214136806466627
46.9207763671875,0.653180855732979,-3.11673529963102
47.1115112304688,-0.511089374735608,-3.24575536976741
47.30224609375,0.133818941841165,-1.42922527538319
47.4929809570313,-1.45804990284072,-3.11997897932967
47.6837158203125,0.734249396966962,-0.826698138306237
47.8744506835938,-1.44324839796675,-1.73889531241657
48.065185546875,-0.925963790348825,-1.97223477617325
48.2559204101563,-1.99939204390701,-1.75449291907374
48.4466552734375,-0.116689351608417,-2.64297989763413
48.6373901367188,-0.968840004176583,-0.833724465807404
48.828125,0.177553147670502,-0.807391686728334
49.0188598632813,-2.04885432706491,-1.42214884936511
49.2095947265625,-1.23450996163875,-0.519562416248357
49.4003295898438,-0.815962152833156,-1.68581509186866
49.591064453125,-0.926816292945276,-1.50038593792815
49.7817993164063,0.117593639220462,-2.25659104786233
49.9725341796875,-0.59387749752373,-2.39971301631325
50.1632690429688,-0.432817528451944,-1.45318980265096
50.35400390625,0.477809759573681,-2.7384571092373
50.5447387695313,-2.38273953427311,-2.07108647786689
50.7354736328125,1.61306173863575,-0.884885597165626
50.9262084960938,1.57506534778748,-1.58834568150396
51.116943359375,-0.947961359087746,-0.934482188302034
51.3076782226563,-0.482643729548333,-1.72278198505459
51.4984130859375,-0.855395977928502,-0.362605748105744
51.6891479492188,0.108620254617529,0.174517211866034
51.8798828125,-1.93075396075816,-1.15872133825572
52.0706176757813,-0.952395150479305,-0.866951135213593
52.2613525390625,0.733908948548035,-2.24329682172779
52.4520874023438,-1.09429795966175,-0.344796600875601
52.642822265625,-2.56417679202938,-2.17034843843942
52.8335571289063,-1.58405425038378,-2.45368479769765
53.0242919921875,-1.21794155749055,-0.432527167390561
53.2150268554688,-1.13501109104,-2.36304963039644
53.40576171875,-0.502327236107831,-1.77544865801066
53.5964965820313,0.266183588937983,-1.48767735943719
53.7872314453125,-0.932289194528402,-3.11921908567145
53.9779663085938,-0.0250154458791375,-0.935102817093902
54.168701171875,0.366313411714136,-1.21484936582603
54.3594360351563,-1.22327451254036,-2.14709142533899
54.5501708984375,-1.84306872796062,0.0689768887928414
54.7409057617188,-0.571549460364019,-1.26524936713516
54.931640625,-1.02300216191299,-0.539070384831532
55.1223754882813,1.42488021180657,-0.97901155315209
55.3131103515625,-1.92815552565116,-0.59154755589315
55.5038452148438,-1.63717227271656,-1.12680305709358
55.694580078125,-1.14641632108243,-2.03318818406652
55.8853149414063,-1.55504876702155,-0.396027840306839
56.0760498046875,-0.414580460540215,-0.415628936468472
56.2667846679688,0.490533041037102,-2.3384678021866
56.45751953125,-1.29520859274111,-1.93010254643889
56.6482543945313,-1.10242282705938,-0.860781220038996
56.8389892578125,-0.480024913783662,-0.968515632823393
57.0297241210938,-2.124506097013,-2.35503266633524
57.220458984375,0.499935296885042,-1.47952471285606
57.4111938476563,-0.0482900722056866,-0.362305602969915
57.6019287109375,0.196852964558358,-1.36878608261683
57.7926635742188,-0.916298762462208,-1.61380068990855
57.9833984375,-1.6640081595387,-0.261471646057824
58.1741333007813,-0.564884586577494,-1.49351923169724
58.3648681640625,-1.85076323609165,-1.45993276531844
58.5556030273438,0.121869854310375,-2.26022240375587
58.746337890625,0.31789020948295,-0.908767936687646
58.9370727539063,-1.55087511769435,-0.55291974700671
59.1278076171875,-0.870147265089427,-0.282063389548314
59.3185424804688,-0.0332193358142969,-1.63733764725157
59.50927734375,-0.762876949798229,-1.62538419041865
59.7000122070313,-1.01931664143353,-1.05245732091738
59.8907470703125,-1.96252452010555,-0.268679781272612
60.0814819335938,-0.78615531760463,0.606529378605507
60.272216796875,-1.61060376506182,0.159994689450004
60.4629516601563,-0.67747690908809,-1.19919731098845
60.6536865234375,-0.401192726407258,-1.82772236830345
60.8444213867188,-1.76235983907181,-0.626558358154347
61.03515625,-1.22356951886565,-0.882296634394913
61.2258911132813,-2.32144038487035,-0.351782582561271
61.4166259765625,-0.765327039692336,-1.74821874207079
61.6073608398438,-0.776118148430152,-0.251970646129234
61.798095703125,0.0125456653734712,-1.30154658079469
61.9888305664063,0.190034160470892,0.879768889846394
62.1795654296875,-0.396533193958593,-0.732103051031905
62.3703002929688,-1.33395155097321,-1.19645344317302
62.56103515625,-0.255089303043188,-0.925917151741195
62.7517700195313,0.308187548252971,-0.52328353467476
62.9425048828125,-1.2748494266638,-1.3021219515016
63.1332397460938,-0.236652235850965,-1.63769318705113
63.323974609375,-0.361326409574374,-0.271995799126998
63.5147094726563,-0.248464910306142,0.000604384936160773
63.7054443359375,-0.172738973642445,-0.432034247246167
63.8961791992188,-1.70563347792445,0.121934512834709
64.0869140625,0.813314605130456,-1.82062249790465
64.2776489257813,-0.890795807369004,-1.18389324439855
64.4683837890625,-1.23676034512591,-1.64697180394789
64.6591186523438,0.0074496112819822,-0.921110377563774
64.849853515625,-2.08933134791437,-1.19878792540347
65.0405883789063,1.0947794112366,1.00830555668423
65.2313232421875,-0.774342850519393,-1.02474476425655
65.4220581054688,-1.2757133456095,-0.696613281306813
65.61279296875,-0.860635009270366,-2.03324315266616
65.8035278320313,-1.98574752390724,0.37221382680222
65.9942626953125,-1.05780074753636,-0.870295712045841
66.1849975585938,0.00428977639767266,-0.263490743338108
66.375732421875,-1.65066003910245,-1.13439991182726
66.5664672851563,-1.01826947357666,0.26301316876646
66.7572021484375,-1.10424017022234,-0.532800476852125
66.9479370117188,-2.50710852174465,-1.19850304683796
67.138671875,-1.86496543314117,-0.57775482674833
67.3294067382813,-0.885640640345824,-0.489289334816803
67.5201416015625,-0.318876933210233,-0.139688320138376
67.7108764648438,-0.580730044962908,-0.98804042455048
67.901611328125,-0.412507322873633,-1.0881156016751
68.0923461914063,-0.561180598495243,-1.34499231052025
68.2830810546875,-0.117769650524426,-0.767868328451653
68.4738159179688,-1.55668807133699,-0.30960894050319
68.66455078125,-1.78127434158256,-1.67369603140785
68.8552856445313,-0.664727682178625,-0.928243493704287
69.0460205078125,-1.4281729402513,-0.307486930636579
69.2367553710938,-0.121646390184443,-0.610284348640362
69.427490234375,-2.14640083711816,1.11814389800348
69.6182250976563,-0.960564097510128,0.0853079905770686
69.8089599609375,-1.31539641687481,0.272031566558427
69.9996948242188,-0.438156191129334,-0.978573889716804
70.1904296875,0.395979557288034,-0.393265669097893
70.3811645507813,-1.51420007136609,0.246033548142898
70.5718994140625,-0.706568882525745,0.223377330735139
70.7626342773438,-1.02400526068923,-0.217649278002961
70.953369140625,-0.637539780267414,-1.75184161167515
71.1441040039063,-1.17832706986687,-1.04244624372004
71.3348388671875,-1.61159021964867,-1.94242744057386
71.5255737304688,0.711893104171213,0.396180269227471
71.71630859375,0.0208763377301677,-2.26210028615475
71.9070434570313,0.304984944980552,0.795462591334559
72.0977783203125,-1.31609699477402,-1.0877050374683
72.2885131835938,-0.672365477875759,0.558078210289105
72.479248046875,-1.10166196247405,0.0693555465823816
72.6699829101563,-0.754283786704445,0.59975263702106
72.8607177734375,-1.38274439449571,0.210044234978088
73.0514526367188,-0.818125820411485,-0.107682024518258
73.2421875,1.03838850968295,0.280545831816723
73.4329223632813,-0.588719950058415,-0.799531432768449
73.6236572265625,0.569690199033152,-0.603771871795755
73.8143920898438,-0.159252012149233,-0.0525974141482255
74.005126953125,-0.650431437660923,1.02440691878801
74.1958618164063,-1.13464996737371,-1.15142144210527
74.3865966796875,-0.848798907914763,0.320252162180876
74.5773315429688,0.095536018300071,1.71378555189257
74.76806640625,-0.311636603994336,0.733414886407303
74.9588012695313,-1.96261340819624,0.711107285687853
75.1495361328125,-0.53640848971622,-0.0696101384887744
75.3402709960938,-2.7434459401671,0.124524005990927
75.531005859375,-1.15203178794901,1.93154688843066
75.7217407226563,0.125154081144657,0.747915870462498
75.9124755859375,-0.969170419681808,-0.160531908352247
76.1032104492188,-1.66683349205827,-0.563065551523929
76.2939453125,0.166649772641294,-1.95486986621461
76.4846801757813,-1.05189407998014,1.27279634384662
76.6754150390625,-1.12596311006986,1.21355553318421
76.8661499023438,-1.36709202021366,-0.49543589053045
77.056884765625,-0.923873774403033,-1.15287952235468
77.2476196289063,0.0781731789675288,0.620704421677458
77.4383544921875,-0.0844594694548744,-0.574924857671765
77.6290893554688,-1.31418304100129,0.303820695724992
77.81982421875,0.168144307401868,-0.111269744820557
78.0105590820313,-0.873109584004656,-0.242889704993794
78.2012939453125,-0.308846558476402,0.189388810800641
78.3920288085938,-0.786943249190946,0.956949702990543
78.582763671875,-0.0502957857366424,0.0243012943277154
78.7734985351563,-0.0577448341097666,0.0298049423703341
78.9642333984375,-1.1013678915893,0.0535044988055883
79.1549682617188,-2.63926512842623,0.926816075015923
79.345703125,-1.44906613647168,0.590575246446827
79.5364379882813,-1.40813933362789,0.132845581191716
79.7271728515625,-1.91622345820958,-0.852802511913734
79.9179077148438,0.804546439100953,-0.211898264549431
80.108642578125,-1.90132785969533,-0.790890463853302
80.2993774414063,0.350767806326408,0.0776916382077648
80.4901123046875,-0.474757197409113,-0.311491369929
80.6808471679688,0.579560822337605,-1.29385505176996
80.87158203125,-0.189062266239524,0.782569708782294
81.0623168945313,-0.546287039193062,1.5638064547742
81.2530517578125,-1.50234344152239,-0.251607422968977
81.4437866210938,-2.59759717406082,1.85031527294692
81.634521484375,-1.61928693015775,-1.45029797434554
81.8252563476563,0.356788213152701,-0.395367244408513
82.0159912109375,-1.06941459732169,-2.05003281507342
82.2067260742188,-0.734066218716677,0.153153235031079
82.3974609375,-0.934810695028355,1.06784233150375
82.5881958007813,0.455962590757905,-1.04385758853267
82.7789306640625,0.642225403487029,-1.81810549040026
82.9696655273438,-0.533059541510187,-0.456325034679058
83.160400390625,-1.46381577697637,1.37218794850587
83.3511352539063,-1.45620950486021,2.11602011077734
83.5418701171875,-1.45825169257276,0.361278698597045
83.7326049804688,-1.75193532247384,-1.43613308108666
83.92333984375,-0.801383798321465,-0.178175929713145
84.1140747070313,-0.99904508983382,0.829025868587214
84.3048095703125,-2.23754932901999,-0.525944997597069
84.4955444335938,-0.912969382521458,-1.13831860836113
84.686279296875,-0.458606484651583,0.0259332445110564
84.8770141601563,-0.448063193167558,2.31141604192164
85.0677490234375,-0.688723450525423,0.0323408838575377
85.2584838867188,-0.0160377563427354,0.067493313439465
85.44921875,0.817013675763529,0.967521018583996
85.6399536132813,-1.38639859583608,0.476451776355101
85.8306884765625,-1.20180925180928,-0.308482872637075
86.0214233398438,-0.13372436137942,0.321792687021818
86.212158203125,0.617969141328853,0.180369409976201
86.4028930664063,0.127090824191727,0.845760156393113
86.5936279296875,0.634368363680644,1.05054836122476
86.7843627929688,-0.531200550077436,0.149982135710867
86.97509765625,-1.14116572659844,-0.133299378974946
87.1658325195313,-0.302568586378193,1.46312361820716
87.3565673828125,-1.16724695089366,1.14223513741459
87.5473022460938,-0.736183754224275,0.0545381758101473
87.738037109375,-0.904315627206237,0.531481202513302
87.9287719726563,0.857892700079502,0.775475932059205
88.1195068359375,-2.31934638533227,0.366010372150416
88.3102416992188,-1.0359205601757,0.687852923463221
88.5009765625,-1.35789178749969,1.06208117609705
88.6917114257813,0.0803117934455804,2.53234211787779
88.8824462890625,-0.456635521099496,0.641331437729991
89.0731811523438,-0.933892608799792,0.251485607927155
89.263916015625,-1.45784025824682,-0.903195447622186
89.4546508789063,0.679484036902489,0.394702724745744
89.6453857421875,-0.0395653324916802,1.68126736338899
89.8361206054688,-2.37550846126204,0.736116247400173
90.02685546875,0.230861387223565,0.474961181271628
90.2175903320313,-2.18746628947407,0.210260007856271
90.4083251953125,1.22300934155082,0.439904842144594
90.5990600585938,-1.12607104494393,1.66093839162232
90.789794921875,-0.88389760983428,-2.16458558791999
90.9805297851563,-2.09106172358539,0.145043283377074
91.1712646484375,-1.74707804956551,0.14693275616207
91.3619995117188,-0.0821699411087446,-1.04131549729909
91.552734375,0.828577359867018,-0.235369937274979
91.7434692382813,-0.0822249233633007,2.61018128171177
91.9342041015625,-0.548645924392496,0.387002245706338
92.1249389648438,0.116953019528407,0.871052701503249
92.315673828125,-0.505379331889238,1.96876447798906
92.5064086914063,-1.01397821551936,0.851398011682421
92.6971435546875,-2.9008835968977,-0.144795544434007
92.8878784179688,1.37843809280469,0.381836613079556
93.07861328125,-0.215578119987906,2.0281441105663
93.2693481445313,0.668367304322211,0.417413487003806
93.4600830078125,0.364648210829522,0.346531735800411
93.6508178710938,0.535713128041847,-0.497335146667207
93.841552734375,0.014180554225032,-0.119660960646044
94.0322875976563,-1.83570211525731,-0.574371978746074
94.2230224609375,-0.969485206118396,0.210661812983494
94.4137573242188,-0.949009555935389,0.398913536442295
94.6044921875,1.10473912302235,0.743884976760095
94.7952270507813,-0.213660086939213,1.05062384623601
94.9859619140625,1.25917368544023,0.642467627997547
95.1766967773438,-0.307517257130692,1.47547293355448
95.367431640625,-1.76734274887358,0.310892630788115
95.5581665039063,-1.37461734246916,0.366382305874508
95.7489013671875,0.297998367826851,-0.426882338430298
95.9396362304688,-0.749419176956672,0.444015187478833
96.13037109375,-2.03090336258136,0.390024072959528
96.3211059570313,0.565184847924565,0.988288000397832
96.5118408203125,0.528585239666779,0.339094470447609
96.7025756835938,0.10202906568574,0.0532765477154012
96.893310546875,-0.893991672808941,0.321126322635545
97.0840454101563,-1.06220350595017,0.0115838361795044
97.2747802734375,1.68038956583527,1.30504271653975
97.4655151367188,0.215377498731294,0.64980638086286
97.65625,0.534915383389947,1.41771309425203
97.8469848632813,0.846574228529162,0.609525496706318
98.0377197265625,-1.02346690487542,1.55666300032941
98.2284545898438,-0.619462213380997,0.635754833068303
98.419189453125,-0.570664461396172,-0.493757055873604
98.6099243164063,1.75546418216552,0.620975096013241
98.8006591796875,-0.0552009867126977,1.23962539014624
98.9913940429688,-0.145234134096314,0.583729995866247
99.18212890625,0.607612748703753,0.62511967528508
99.3728637695313,2.00569064951657,2.30679719368097
99.5635986328125,-0.850910143162642,2.13304978023723
99.7543334960938,-1.29036264975167,-0.210450800847291
99.945068359375,-0.75599422563176,0.682934274537847
