Fre(kHz),Re,Im
-99.945068359375,0.250957217842157,1.59010418667387,ZeroPoint:Tj,62,0.05
-99.7543334960938,-1.05672909132839,1.73078341780569,Const.;stime,2.85884872,6.4E-07
-99.5635986328125,1.54968567168442,1.04989276825967,Fre.Range:Tau,-100:100,1.5E-05
-99.3728637695313,0.936757356468221,1.98299390153309,FFTSize:DataSize:Firstpul,8192:8192,5E-07
-99.18212890625,0.659666322657473,-0.587657408720875,5msF050,Freq.=141410000
-98.9913940429688,-1.48760550708234,-0.0753417324612367
-98.8006591796875,1.14269513682995,1.6005123584944
-98.6099243164063,0.134739401287717,0.325576055680419
-98.419189453125,-1.86255803207134,2.38567395550565
-98.2284545898438,1.64270122934416,1.15506719369853
-98.0377197265625,-0.0731024873387737,1.61507021519201
-97.8469848632813,-0.355885756144789,1.58084671257598
-97.65625,0.648156681242461,0.783326597046531
-97.4655151367188,0.324237185217393,0.459431930027028
-97.2747802734375,-0.377778835386251,0.841343706405672
-97.0840454101563,0.154393475714832,1.86099238273528
-96.893310546875,1.60584712616937,1.09371687682753
-96.7025756835938,0.149995851218185,2.10390205253299
-96.5118408203125,0.179970959110705,0.321989635068076
-96.3211059570313,0.320652982607178,0.720895003822979
-96.13037109375,-1.09565850673511,2.70814672792508
-95.9396362304688,-1.44874964220744,1.6687449117679
-95.7489013671875,-0.120101606764239,-0.345436087256959
-95.5581665039063,-0.719209330856423,1.390331859697
-95.367431640625,0.0717687218565829,0.388303304210829
-95.1766967773438,-0.128146151464861,0.896928390720021
-94.9859619140625,-0.172929608311747,-0.230708606686688
-94.7952270507813,-2.35641264097243,0.799503478724153
-94.6044921875,1.37266659155052,1.33784187467014
-94.4137573242188,0.276928038959731,1.50909357297512
-94.2230224609375,-1.25089354741211,0.387300885135232
-94.0322875976563,-2.30873622979662,0.631694929057114
-93.841552734375,0.418682188222488,1.58869083891747
-93.6508178710938,0.946804369312123,2.49499572148431
-93.4600830078125,-0.0435694171069937,1.63770658504507
-93.2693481445313,-1.25870049667019,0.987649944104744
-93.07861328125,-1.19296611547557,0.393111854501836
-92.8878784179688,-0.350385557911206,0.0581578492936258
-92.6971435546875,0.683257353404183,1.51064104870217
-92.5064086914063,-1.19290662040073,1.38945466564172
-92.315673828125,0.327571392980019,1.7555332221066
-92.1249389648438,-0.325328047738206,1.08630791953373
-91.9342041015625,-1.28418377922044,3.57426703145751
-91.7434692382813,-1.34413158784824,0.845635584537958
-91.552734375,0.655182064039003,1.48906982893374
-91.3619995117188,0.115341548639068,0.875865881974115
-91.1712646484375,0.213945787899658,0.172539651294002
-90.9805297851563,0.437648278940027,0.846324128253231
-90.789794921875,0.726066110408109,3.2023444977599
-90.5990600585938,-0.23992102486868,2.7695000583247
-90.4083251953125,0.571133718734473,0.0960850733059758
-90.2175903320313,-0.953487462565587,1.56012272306151
-90.02685546875,0.236834054739995,0.421303627367361
-89.8361206054688,0.285113955831802,0.969577633988295
-89.6453857421875,-0.185677072041273,-0.927863041939453
-89.4546508789063,-1.13781944588396,1.35508743333356
-89.263916015625,-1.04295872411292,1.25052600909493
-89.0731811523438,-0.171942229933163,0.576460078412714
-88.8824462890625,0.388026681024971,1.44607341949454
-88.6917114257813,-0.30629788500915,0.956969375827668
-88.5009765625,0.967545101511568,0.926071654595579
-88.3102416992188,0.212812971594416,2.24295420384844
-88.1195068359375,-0.0919642826920971,0.493069070646505
-87.9287719726563,-1.61429028005803,1.04081572736967
-87.738037109375,-0.455440832449669,-0.60234353849934
-87.5473022460938,-0.141687704410895,2.34363013919687
-87.3565673828125,0.767030055237925,1.13928648151979
-87.1658325195313,-0.66655371221677,0.717880738561726
-86.97509765625,-0.236894889701776,1.31099087045634
-86.7843627929688,0.250003074645039,0.9393541593606
-86.5936279296875,0.281097176076359,1.83751174299239
-86.4028930664063,-0.0159467886421446,1.6511007745758
-86.212158203125,1.30454657234317,0.584998671978781
-86.0214233398438,-0.191193746140186,1.00981940309761
-85.8306884765625,0.221702281502613,1.58991652436467
-85.6399536132813,0.454409163301726,0.105350592397977
-85.44921875,-0.516750645645162,0.622889761251282
-85.2584838867188,0.162744488120838,-0.341904295006226
-85.0677490234375,-0.297640079431403,0.684332719314919
-84.8770141601563,2.23971709342683,0.549056704627831
-84.686279296875,0.943573209548217,1.77462789721924
-84.4955444335938,-1.14200970893229,1.72663170233074
-84.3048095703125,-1.26985424765559,1.54030071140909
-84.1140747070313,-0.0555948137758152,1.4964180836748
-83.92333984375,1.18341760570716,0.259677660095207
-83.7326049804688,2.07626796616412,-0.507843007613081
-83.5418701171875,-1.20826436894557,1.86749650791723
-83.3511352539063,-0.456740968357932,0.818701471767497
-83.160400390625,0.263014207398352,0.741731575202211
-82.9696655273438,0.779834337631473,2.81115254904242
-82.7789306640625,1.51754497496617,-0.785396818536264
-82.5881958007813,-0.448959447734156,1.65527513123396
-82.3974609375,-1.64363840787836,1.57163155326171
-82.2067260742188,-0.0402638397746436,-0.0892615061687762
-82.0159912109375,-0.984934175500439,-0.257763888896565
-81.8252563476563,1.35399762273426,-0.541144153810893
-81.634521484375,0.953063428644661,1.91596517086808
-81.4437866210938,-0.843949977047679,1.25919313959002
-81.2530517578125,1.16059544685651,0.489978650850793
-81.0623168945313,-0.489128330130509,2.28230049643744
-80.87158203125,-0.664924211453351,-0.526690420585051
-80.6808471679688,-0.537467102105126,1.71197319569638
-80.4901123046875,0.399213804715577,0.957877146818499
-80.2993774414063,0.324829717331655,1.00249035168222
-80.108642578125,-1.70423874763556,1.07623077325304
-79.9179077148438,-2.15578674803974,0.672203131734749
-79.7271728515625,1.44266021250557,-0.675255832183614
-79.5364379882813,-0.330517022009122,0.152695598327275
-79.345703125,-0.0750461191695982,1.48370199091223
-79.1549682617188,0.184566918511418,1.98222940903123
-78.9642333984375,-0.225283824656042,2.06942277765672
-78.7734985351563,-0.204626582458225,0.542226731535869
-78.582763671875,-0.450332002993878,1.78028267385369
-78.3920288085938,0.749748212160872,2.31185758587948
-78.2012939453125,0.151983901946803,2.07047146538389
-78.0105590820313,1.35657188890292,0.410248827443605
-77.81982421875,1.45985686110801,0.815448782002809
-77.6290893554688,-0.415176708725575,0.955824168539422
-77.4383544921875,-1.37445463978402,0.816904817629712
-77.2476196289063,-1.47349981495294,1.72561520998854
-77.056884765625,0.324978559706442,1.09288362474826
-76.8661499023438,-0.194536854404795,2.52792697348327
-76.6754150390625,-0.900870187981665,2.88292183363815
-76.4846801757813,0.391561793483633,0.561906894302483
-76.2939453125,0.183356552920573,0.543215110793163
-76.1032104492188,0.224974717552706,3.14086835159806
-75.9124755859375,0.553665685389295,1.02042733634108
-75.7217407226563,0.019093864763202,0.364567513185268
-75.531005859375,-0.443504096671978,1.7893769759953
-75.3402709960938,-0.448166279702737,1.23760985911527
-75.1495361328125,0.66812841840472,0.315426467929754
-74.9588012695313,-1.41926992921233,1.49577166898552
-74.76806640625,-0.938101739837811,1.81303425936632
-74.5773315429688,-1.03657321935857,1.34477799623279
-74.3865966796875,-0.187679850829483,1.09569459691436
-74.1958618164063,0.783188547698402,0.58249958391284
-74.005126953125,-0.307201088936911,2.30444203123001
-73.8143920898438,-0.628810797552435,1.34568247786802
-73.6236572265625,-1.34481487108569,1.79469153466272
-73.4329223632813,0.735289660148239,0.738342747341657
-73.2421875,0.192564871736225,0.646163072185438
-73.0514526367188,-0.770779535606481,1.40991264956851
-72.8607177734375,1.06754459068611,1.25427105147285
-72.6699829101563,-0.940931904517895,2.14085903724166
-72.479248046875,-1.30663366071435,1.04032443565704
-72.2885131835938,0.384258053624012,-0.0834438473549524
-72.0977783203125,-0.235092318083084,1.88334944581037
-71.9070434570313,1.0854501875064,1.48578196536729
-71.71630859375,-0.494725728414296,1.31841894272208
-71.5255737304688,-0.466394704586891,0.494979552658079
-71.3348388671875,-0.0515499012078753,0.707363087752495
-71.1441040039063,0.0321656710686296,0.242454883684866
-70.953369140625,-1.58117015090759,3.27832899404191
-70.7626342773438,-0.248766558534661,0.989068646433618
-70.5718994140625,0.972785967814732,1.1864540144828
-70.3811645507813,-0.907956256545788,0.85821652650212
-70.1904296875,0.558179061592106,1.08607383964373
-69.9996948242188,-0.449657547571211,0.698823630865558
-69.8089599609375,-0.883390809733853,2.07914699754428
-69.6182250976563,1.28774382843953,0.72040380866721
-69.427490234375,0.359155786671521,2.28173505881769
-69.2367553710938,-1.62394464676079,1.42347579842657
-69.0460205078125,-0.403832574026905,1.40564133462919
-68.8552856445313,1.51168873709691,0.89382252410938
-68.66455078125,-1.15700851375988,0.952824058597857
-68.4738159179688,0.0893379062794867,1.56698882221697
-68.2830810546875,0.902066890199816,0.680958204059483
-68.0923461914063,-0.46042436633944,1.20651935115851
-67.901611328125,-0.148173612355948,2.27873149420615
-67.7108764648438,-1.46022446001023,2.90819074795554
-67.5201416015625,-0.348035751720831,2.15472634291636
-67.3294067382813,-1.34872458649949,1.67077449567541
-67.138671875,-2.62714773758722,0.299341534121544
-66.9479370117188,-0.157685291580523,1.08186011087527
-66.7572021484375,0.247236331554235,3.04916694773008
-66.5664672851563,0.0697997502203822,0.0246578290779762
-66.375732421875,-0.196663098295375,2.26284986596914
-66.1849975585938,0.192087642824711,1.46919648273113
-65.9942626953125,-1.60824786179458,1.5246359524622
-65.8035278320313,-0.240295581649679,1.83308534683337
-65.61279296875,-0.507269546033227,1.80077314500213
-65.4220581054688,0.0335884518087565,0.411372549995472
-65.2313232421875,1.73785365904097,3.39443166050003
-65.0405883789063,-1.46434462802967,1.25566133137445
-64.849853515625,-0.335396096875992,1.96750930066421
-64.6591186523438,-0.311054397783514,2.64134128753986
-64.4683837890625,-0.22574175132801,1.90244523475542
-64.2776489257813,-0.408116384756184,0.842938666659053
-64.0869140625,0.361713848410103,2.34885368361117
-63.8961791992188,-1.49570182793742,1.2656417603937
-63.7054443359375,-0.341556478419596,2.11576740396877
-63.5147094726563,1.05582078205592,1.11148310978059
-63.323974609375,-0.606918232066673,1.54277476683075
-63.1332397460938,0.986562697009075,0.7134760314316
-62.9425048828125,-0.539045608645333,3.03171962772693
-62.7517700195313,0.390453378037909,1.66515316452898
-62.56103515625,-0.849549169734238,0.812767532797523
-62.3703002929688,-0.476773975875881,1.54334814778677
-62.1795654296875,0.468795844180032,1.14156005691224
-61.9888305664063,1.31631947347246,0.353890675808171
-61.798095703125,-1.29836832280828,0.116313565141602
-61.6073608398438,0.641282494462296,2.02520218183333
-61.4166259765625,-0.689346000956366,2.83829918330108
-61.2258911132813,-0.406817731760033,1.55811236127317
-61.03515625,1.5996747519028,0.102796410636129
-60.8444213867188,-0.381142346316199,1.94856240571953
-60.6536865234375,1.12773481189489,2.71599299152278
-60.4629516601563,0.253659341695188,1.7054690405362
-60.272216796875,1.88869761255684,0.807366822083108
-60.0814819335938,-1.07532837554397,2.26111014392673
-59.8907470703125,0.0673922742874221,1.72935992002792
-59.7000122070313,0.673596513712434,1.84384976898896
-59.50927734375,0.787822467105277,1.14858016885029
-59.3185424804688,-0.343824415652312,1.07507454269959
-59.1278076171875,-1.18912430179588,1.57018352477773
-58.9370727539063,-0.270483385282399,1.53770226395456
-58.746337890625,0.192948824380849,0.0942768087370342
-58.5556030273438,0.954336462020422,1.38733251174615
-58.3648681640625,0.330393953560818,1.60370081064291
-58.1741333007813,-0.0800027809679181,1.09949398109544
-57.9833984375,-1.10669452198868,2.23433762170744
-57.7926635742188,-0.119539502697287,1.69460513518531
-57.6019287109375,-0.387151600222767,1.13634854226842
-57.4111938476563,-0.318440543549109,1.80549009471937
-57.220458984375,-0.046775058157564,-0.420085825206496
-57.0297241210938,0.627388476545405,2.68298110393035
-56.8389892578125,0.0610412706458748,3.4097279441335
-56.6482543945313,-1.52944302446814,2.43988628977979
-56.45751953125,-0.853046269804592,2.49371156190067
-56.2667846679688,0.37488037161773,1.92543478253114
-56.0760498046875,-0.0603564133520257,2.12612107668448
-55.8853149414063,-0.850469518721659,1.4294947482476
-55.694580078125,1.03102436875789,0.336045123920015
-55.5038452148438,-0.211843963556026,1.57923329484832
-55.3131103515625,-0.624378789712123,1.74268661984898
-55.1223754882813,0.387834205159408,1.74591531149401
-54.931640625,-1.26579861582022,2.8854813631371
-54.7409057617188,0.753495920781317,2.20254431860062
-54.5501708984375,-0.203014646837527,1.54677234233241
-54.3594360351563,-1.32592489420341,1.35905258596686
-54.168701171875,-0.457021123095186,2.06054467809692
-53.9779663085938,-1.24119599377068,2.67271483023044
-53.7872314453125,0.540627467112578,1.27143211233786
-53.5964965820313,-0.692080644004932,1.28314332858214
-53.40576171875,0.760545031506763,0.670460418579566
-53.2150268554688,0.344659281016545,2.79666130473132
-53.0242919921875,1.04760785347265,1.14871138705261
-52.8335571289063,1.09643682657485,2.33792898277221
-52.642822265625,-0.510512449546658,1.61500173417545
-52.4520874023438,0.442480693574639,1.64345716761871
-52.2613525390625,-0.425400385473801,2.82243139383794
-52.0706176757813,0.178895965027828,1.37740530050213
-51.8798828125,0.178891496416867,1.05671270448361
-51.6891479492188,-0.315838476346589,3.55438938512244
-51.4984130859375,0.0396445556124378,2.37499122239462
-51.3076782226563,-0.778950822239245,0.880325886240983
-51.116943359375,0.116529911682803,1.81073359463684
-50.9262084960938,-1.79220379688447,3.2212270844361
-50.7354736328125,0.866422810134718,0.744538270504009
-50.5447387695313,0.990856829947894,3.75055194715157
-50.35400390625,0.334041476634248,1.52051338136319
-50.1632690429688,-0.846369288902036,2.78862439643047
-49.9725341796875,0.69173370623863,1.84041743659197
-49.7817993164063,-0.741422957943259,2.88266738786806
-49.591064453125,2.05331795628278,2.64743020579386
-49.4003295898438,-0.0772693434164367,2.28271102775123
-49.2095947265625,-1.26537529615202,2.29771335734228
-49.0188598632813,0.186287018176941,2.87170429942106
-48.828125,-1.11529042093314,0.835572151007041
-48.6373901367188,-0.538439050818379,3.59559238863932
-48.4466552734375,-0.565259572774577,3.6196528700634
-48.2559204101563,0.424788144403599,3.37327359400692
-48.065185546875,-0.451040575086622,2.23676745473998
-47.8744506835938,-0.873031624200447,1.69134518733703
-47.6837158203125,0.657880264226321,1.91189563376682
-47.4929809570313,-0.153090500247409,-0.326698010455839
-47.30224609375,-0.744371456227175,1.21235529360302
-47.1115112304688,0.714077485149538,1.20610998287753
-46.9207763671875,-0.367961686348605,2.06417064955195
-46.7300415039063,-0.404995328653668,2.37898891460489
-46.539306640625,-0.14859496568414,3.71542187013033
-46.3485717773438,1.53668864969571,0.334138533866544
-46.1578369140625,0.682232541180755,2.25589989304238
-45.9671020507813,-0.269414673775664,0.932678806626729
-45.7763671875,1.7390660727816,1.79843716903818
-45.5856323242188,0.467215017580437,2.97015007967237
-45.3948974609375,-0.154236651931516,1.45009615878807
-45.2041625976563,-1.05765216756522,1.61385685802413
-45.013427734375,-1.19532112767873,2.07908015141058
-44.8226928710938,0.219348365521924,1.90982122965824
-44.6319580078125,0.572630736808336,2.86675413001211
-44.4412231445313,-0.531709942386646,2.31699111746093
-44.25048828125,0.154776646182514,1.47597024690377
-44.0597534179688,-0.819979980769568,2.14387594016239
-43.8690185546875,-1.16479610316833,2.22782913962429
-43.6782836914063,0.0225014152441782,2.58453374971445
-43.487548828125,0.993321630980151,1.81029350128944
-43.2968139648438,1.21273462116156,1.05076833161643
-43.1060791015625,1.91299088969379,0.893303702566196
-42.9153442382813,-0.161929917812167,3.60898086637496
-42.724609375,0.0393086640407511,3.32428588539872
-42.5338745117188,0.155303794149071,2.88361610051911
-42.3431396484375,0.446486349276513,1.81403965026171
-42.1524047851563,-0.621996062881891,2.39857770725258
-41.961669921875,-1.02536991672059,1.72666269299719
-41.7709350585938,0.680148721739198,2.02229572021733
-41.5802001953125,1.15999524496625,3.66833739294099
-41.3894653320313,0.192514220558019,2.77959885841046
-41.19873046875,-0.391764456119619,3.61403667118451
-41.0079956054688,0.235627806674561,2.15292716389925
-40.8172607421875,0.853640228105171,2.24419759255651
-40.6265258789063,-0.0918091118240131,5.03378432935317
-40.435791015625,-1.25989757651461,1.17128162798802
-40.2450561523438,-0.249988151969851,2.12367370481869
-40.0543212890625,1.66079970432824,1.31649041643927
-39.8635864257813,1.29449678980052,2.53216836240342
-39.6728515625,-1.04933697187359,1.85763193827966
-39.4821166992188,-1.59541094987906,0.999174513800742
-39.2913818359375,0.280626160741198,2.60466319491462
-39.1006469726563,1.36729410443822,2.6019545378737
-38.909912109375,-0.201986193154782,2.18519874753298
-38.7191772460938,-0.247229490855347,1.46613530405052
-38.5284423828125,0.597344529005736,3.07540213063569
-38.3377075195313,1.28528064721652,0.932116441608266
-38.14697265625,0.192864445068003,2.14982060436687
-37.9562377929688,-1.78972355069864,2.57476723855942
-37.7655029296875,-0.439541983145958,1.2484129454656
-37.5747680664063,-0.0449986474127475,4.14212662278699
-37.384033203125,0.577358986902465,1.64885396183575
-37.1932983398438,-0.666078273615919,2.65692460437889
-37.0025634765625,-0.310926500443107,3.12935469456727
-36.8118286132813,0.422287452377262,0.521142980190073
-36.62109375,0.606814345449505,1.01091430762497
-36.4303588867188,0.256894820374699,2.26624663871436
-36.2396240234375,-1.30087798281086,1.86500572930371
-36.0488891601563,-0.818861873006842,1.84310454888511
-35.858154296875,0.0459332564577838,3.44468185542891
-35.6674194335938,-0.119285047722237,2.21504841565183
-35.4766845703125,-0.408156793984376,3.28059871867697
-35.2859497070313,0.251922578748256,1.69219727719294
-35.09521484375,-0.186527723075688,3.28877720734406
-34.9044799804688,-0.400040739765567,1.9884471880516
-34.7137451171875,0.386598297796878,2.41364244885306
-34.5230102539063,0.30297918746602,1.67609119325714
-34.332275390625,0.282862645111459,2.35964882430259
-34.1415405273438,1.40007356730805,3.37475776231018
-33.9508056640625,1.18559435238698,2.72448601645512
-33.7600708007813,1.57583575710552,1.90877590994505
-33.5693359375,0.595465182335755,2.64541059388547
-33.3786010742188,-0.419805148295055,1.93703331189351
-33.1878662109375,-0.437498884967622,2.24690158654181
-32.9971313476563,-0.388695245486631,4.72017054986447
-32.806396484375,1.80842532805835,4.01309902527815
-32.6156616210938,1.12324634617183,4.41386371325698
-32.4249267578125,-0.474162865320908,3.41691934507123
-32.2341918945313,-0.704552607244652,3.87156070562087
-32.04345703125,-0.380387888555443,3.34007398410991
-31.8527221679688,0.426931816780269,1.66495060324346
-31.6619873046875,0.542656541888257,1.70979082576363
-31.4712524414063,-0.408144091320739,2.47860525247508
-31.280517578125,-0.325587766038747,3.09886171199707
-31.0897827148438,0.821219822413557,3.04675911756054
-30.8990478515625,-0.149253348479266,3.30491119485606
-30.7083129882813,-0.194191170106019,1.43243403071987
-30.517578125,-0.0523447248235573,3.34854704347241
-30.3268432617188,-0.0438154473247322,3.06067106027564
-30.1361083984375,-0.221187438401997,2.95132568238816
-29.9453735351563,-0.0598611209940414,2.93802394002948
-29.754638671875,0.86784328835117,2.37397794074009
-29.5639038085938,0.740457390210774,3.20932968992686
-29.3731689453125,0.594309807070436,2.98952213254232
-29.1824340820313,0.283453511238949,3.9593598424997
-28.99169921875,-0.826347924624228,4.59970692433984
-28.8009643554688,0.553291099811625,2.76954654576216
-28.6102294921875,0.727428412629092,5.40634083375082
-28.4194946289063,0.52123483709856,2.92728646861312
-28.228759765625,0.612943168504509,3.43876592207581
-28.0380249023438,0.000213995642693032,2.49614459810283
-27.8472900390625,-0.331589740469862,3.49697132669895
-27.6565551757813,0.715122992230053,3.66457520565586
-27.4658203125,-0.49062234224158,3.88891222253026
-27.2750854492188,0.124590219820899,3.65920840172892
-27.0843505859375,1.03308253095725,2.5572146164851
-26.8936157226563,-1.20589391169524,3.80742611684165
-26.702880859375,0.886409819196627,2.7520741922452
-26.5121459960938,-0.438710313349451,4.30336553563785
-26.3214111328125,0.100792008928763,3.95907899130043
-26.1306762695313,-0.812952154308517,3.32790759088821
-25.93994140625,0.186403581904122,3.44995758638663
-25.7492065429688,0.887903509755853,5.05507070034815
-25.5584716796875,2.00660388496191,3.79467741664716
-25.3677368164063,0.168229160749214,3.93046046609491
-25.177001953125,0.931599045519918,4.4661096222687
-24.9862670898438,0.277634019538105,3.0832803980774
-24.7955322265625,-0.15593486916213,4.93065252581233
-24.6047973632813,-0.156195696204848,4.24731500333214
-24.4140625,0.524269729388865,3.33390779349145
-24.2233276367188,0.577855208607382,3.34045626808828
-24.0325927734375,-0.0843892805478866,4.6313735626136
-23.8418579101563,-0.48659225989496,2.99107831238547
-23.651123046875,0.203826095248381,3.16434707317863
-23.4603881835938,-0.352708879080513,4.6527746306102
-23.2696533203125,-0.284216480298158,5.01728336515699
-23.0789184570313,-0.0319396325071499,4.54560058364558
-22.88818359375,-0.120742707772221,3.27349443640072
-22.6974487304688,-0.0510644225832478,4.66802846329653
-22.5067138671875,-0.741168290822943,4.11283129617617
-22.3159790039063,1.00231056827482,4.66891374651647
-22.125244140625,0.485771767969672,4.4756876177357
-21.9345092773438,-1.28219319078822,5.15621027202592
-21.7437744140625,-0.448935325835683,2.59987776032361
-21.5530395507813,2.46956989145296,5.71900285116059
-21.3623046875,0.662116267067789,6.3849613517254
-21.1715698242188,0.328256842303372,5.21372052484297
-20.9808349609375,2.11359955355393,5.50160233424497
-20.7901000976563,-0.625329923007486,4.48522909924922
-20.599365234375,-0.257408389352319,4.99300470340879
-20.4086303710938,1.06383837394916,4.21571619644821
-20.2178955078125,1.01492250093927,6.9373441357721
-20.0271606445313,0.372655624613168,5.87219104251339
-19.83642578125,1.57591531953007,4.1625226917343
-19.6456909179688,0.310362359134191,5.95613549736016
-19.4549560546875,1.0090200405276,4.55620907004654
-19.2642211914063,0.921007014656845,5.6476751948851
-19.073486328125,1.44462557076935,6.18289209287915
-18.8827514648438,1.89040879020345,5.73423140410083
-18.6920166015625,0.795552453095987,5.10596620077483
-18.5012817382813,1.34444489492702,5.09761034102897
-18.310546875,3.75136548646883,5.81990615964583
-18.1198120117188,2.66804604006275,6.80959556839001
-17.9290771484375,2.98260706781665,6.65551363271151
-17.7383422851563,1.88531608380059,5.24082097412126
-17.547607421875,2.35875008496973,6.34250074786521
-17.3568725585938,1.92487554216382,7.33714992963489
-17.1661376953125,3.43646151155279,5.48151854349458
-16.9754028320313,4.60833035794534,7.45206738082301
-16.78466796875,3.84249327951586,6.72947392582011
-16.5939331054688,3.29502726076809,6.38548022537384
-16.4031982421875,5.69942520890365,5.18719623652234
-16.2124633789063,2.8353062600007,6.43166623220489
-16.021728515625,4.84206931387579,6.37654702717665
-15.8309936523438,4.74172084259602,6.5552850924739
-15.6402587890625,3.11604467001929,6.23280501402284
-15.4495239257813,4.26679062728646,5.95915432436558
-15.2587890625,3.9919079394793,5.98501651351079
-15.0680541992188,3.225880353215,6.07277001961599
-14.8773193359375,5.24966230462587,7.26866899448118
-14.6865844726563,5.35446530649857,5.6295853480408
-14.495849609375,6.40348943247035,4.91420362360648
-14.3051147460938,3.20738776113706,4.67902591049037
-14.1143798828125,4.55583963875723,4.9125996399919
-13.9236450195313,2.63464196678403,4.29271774774572
-13.73291015625,5.36634488609722,5.89346256548385
-13.5421752929688,6.720836275858,5.27492827263648
-13.3514404296875,6.33892883402355,5.40997171015295
-13.1607055664063,5.54769375938354,3.35098949331947
-12.969970703125,5.49834290139672,6.74334222511995
-12.7792358398438,4.97808594820975,4.2162579881197
-12.5885009765625,5.67450748362807,3.99379229611671
-12.3977661132813,5.34011574044561,4.46364877255817
-12.20703125,5.67078990628264,3.53767262577196
-12.0162963867188,5.14759389277876,4.41198986022045
-11.8255615234375,3.89357714168161,4.44522115637538
-11.6348266601563,5.95350198168484,3.4603280479533
-11.444091796875,3.58975528661989,2.75955098578833
-11.2533569335938,6.87346531198896,3.53312424540428
-11.0626220703125,5.44619713156663,4.5099797007925
-10.8718872070313,6.35693444556326,4.64202552979047
-10.68115234375,5.23520622094122,3.75238685491454
-10.4904174804688,5.08978281553788,4.63129144122982
-10.2996826171875,5.17815421510222,4.79908813260778
-10.1089477539063,5.02738818949936,4.98991689415565
-9.918212890625,6.56529045560132,3.65005897758261
-9.72747802734375,8.58937501765547,6.20295500117788
-9.5367431640625,8.23367602558526,6.12257981157327
-9.34600830078125,7.6407710652413,5.40814633856575
-9.1552734375,6.58941563622539,4.71721576822493
-8.96453857421875,7.77820146571586,5.70102422200872
-8.7738037109375,6.72076725218897,4.79677010293486
-8.58306884765625,7.35335574043294,5.15053285270565
-8.392333984375,7.67685902658623,2.74306036033819
-8.20159912109375,7.48867525387617,1.66846411734944
-8.0108642578125,8.67815895381295,3.53974159293552
-7.82012939453125,8.37291971580678,1.86948676588596
-7.62939453125,8.87681071290464,1.63728579235351
-7.43865966796875,6.77562990501329,2.20955539379916
-7.2479248046875,7.65799177267166,2.92783176036636
-7.05718994140625,7.78489766860337,2.43885251384266
-6.866455078125,8.48518448831089,1.29774538783383
-6.67572021484375,8.84318431756581,1.83505307423969
-6.4849853515625,7.9667726061057,1.04755230690703
-6.29425048828125,9.85062409231674,1.69542128605177
-6.103515625,7.42920461666259,1.6736485149288
-5.91278076171875,10.1770066570345,0.545039458599749
-5.7220458984375,8.278124515174,-0.152223915367751
-5.53131103515625,8.19582312017581,-0.325883514121427
-5.340576171875,7.99891257179248,-0.918403239677324
-5.14984130859375,6.94921439180759,-0.0231963846356175
-4.9591064453125,10.0642854488205,-0.0281613675579288
-4.76837158203125,7.32935362470061,0.879345510656332
-4.57763671875,7.96845578238981,-1.20341920899593
-4.38690185546875,6.91086036667122,-1.87764379112722
-4.1961669921875,6.49459784006408,-1.67736878210907
-4.00543212890625,7.69263919364169,-1.80999999710035
-3.814697265625,5.59262830723655,-1.40068444364176
-3.62396240234375,4.74118579123785,-0.373128656662845
-3.4332275390625,6.60874547120951,-0.372332564453326
-3.24249267578125,6.5265239405525,-0.882383503398527
-3.0517578125,7.68110520508651,-0.954821950028486
-2.86102294921875,4.92739351601602,-2.05883962676972
-2.6702880859375,5.82845179711345,-0.805875407778273
-2.47955322265625,5.60487199399875,-1.76249299692372
-2.288818359375,6.41411117420063,-1.65327455587033
-2.09808349609375,5.0609881768702,-0.572478064988801
-1.9073486328125,4.98770783889785,-0.470073892562188
-1.71661376953125,5.32974426319965,-0.332082951887888
-1.52587890625,5.14672222993307,-0.971013748189589
-1.33514404296875,3.79994122453648,-0.980765286485491
-1.1444091796875,5.27650014365077,-1.22238123320856
-0.95367431640625,3.48157579478819,-1.26509534389089
-0.762939453125,6.13772435631127,-1.80094283592296
-0.57220458984375,5.46344519855606,-1.39298605851811
-0.3814697265625,5.84673263620562,-0.639503638224856
-0.19073486328125,4.15041773293352,-1.05610105895617
0,6.21308109635513,-0.513075255018777
0.19073486328125,5.52431223838789,-1.75257777139361
0.3814697265625,6.48481215680792,-1.06589030714799
0.57220458984375,5.85180915305578,-1.16675896710137
0.762939453125,4.36612266705726,-2.58509750184836
0.95367431640625,4.71861051003971,-1.96989819195759
1.1444091796875,5.24153166174375,-2.26056650618392
1.33514404296875,5.51484916334602,-2.14514193307162
1.52587890625,6.69724379837227,-2.08071543342116
1.71661376953125,6.47595296087756,-3.28614659390666
1.9073486328125,4.85992537646871,-2.02637458318576
2.09808349609375,6.09607026528538,-2.73280054815381
2.288818359375,4.75038976193318,-2.82347635313121
2.47955322265625,4.44220205251556,-2.07856447945229
2.6702880859375,5.08506770633395,-3.86051156858633
2.86102294921875,4.94874775896999,-3.36260632564458
3.0517578125,4.64371519668137,-4.84086696179118
3.24249267578125,5.66491420985454,-4.25354857419288
3.4332275390625,3.62104961170138,-3.41236798317198
3.62396240234375,6.25448947675179,-3.51086814644935
3.814697265625,5.10161078597052,-3.18066280163732
4.00543212890625,2.81506927155905,-3.67728805112659
4.1961669921875,2.50501498406195,-3.28435575708509
4.38690185546875,3.8524365119523,-2.87734223426488
4.57763671875,2.89600584424788,-2.77071475789878
4.76837158203125,2.81895645451995,-4.25813291293784
4.9591064453125,2.24679766629071,-4.00262057700667
5.14984130859375,4.02689914398165,-3.25586791322012
5.340576171875,3.72475194252212,-2.11754708991843
5.53131103515625,1.76624843034193,-3.40865673034323
5.7220458984375,0.542180362343202,-3.09790599189453
5.91278076171875,2.10573559555261,-2.53556927261144
6.103515625,2.93541721801372,-1.87694467821992
6.29425048828125,3.12049404168222,-2.91736486395877
6.4849853515625,2.03852819313028,-3.78404394382955
6.67572021484375,0.839406269776723,-1.67519254701864
6.866455078125,2.17192774607062,-3.46793766768343
7.05718994140625,1.17202137213643,-1.51440807988462
7.2479248046875,2.35148476165095,-3.23936811065874
7.43865966796875,1.4267216234061,-1.03673352105345
7.62939453125,1.80003469192655,-2.06508462362701
7.82012939453125,2.00713996578389,-1.14506064782962
8.0108642578125,-0.486821094756803,-2.66601851696416
8.20159912109375,0.186087490685878,-1.65328262618257
8.392333984375,1.99316226877873,-0.384132107454576
8.58306884765625,1.12574950358407,-0.423188100262792
8.7738037109375,1.91906773437708,-1.53484832951959
8.96453857421875,0.121708285734497,-1.11770390207728
9.1552734375,0.254951220877481,1.30186359884353
9.34600830078125,0.960821364644473,-0.379159272229378
9.5367431640625,1.20862898025882,0.83999541339161
9.72747802734375,-0.543575764871725,0.980673302078763
9.918212890625,1.798931613761,0.848712116836081
10.1089477539063,1.01913341752362,-0.402722096478988
10.2996826171875,2.48073711187062,0.364429948158055
10.4904174804688,1.33269070220543,0.684461573588928
10.68115234375,1.89908859051384,-0.326848675849725
10.8718872070313,1.74077472347812,1.66796023801831
11.0626220703125,1.93801776625719,0.289159334645159
11.2533569335938,2.98316817002732,0.985054086480082
11.444091796875,4.08007998904358,0.489732624139657
11.6348266601563,2.50146197530602,0.947491685555162
11.8255615234375,3.7357747295484,-0.573623444592766
12.0162963867188,4.01111532736251,-0.106447119587193
12.20703125,3.79749759348951,-0.271278155063983
12.3977661132813,4.79814443003222,-0.0435231910456084
12.5885009765625,3.98330330057896,1.32012998555069
12.7792358398438,4.08407931118914,0.858532688995597
12.969970703125,4.36580317382547,-0.249232654004984
13.1607055664063,5.42223163236388,-1.20962322925171
13.3514404296875,4.54733823609494,1.95632910078239
13.5421752929688,4.00141243884413,-1.16421297874124
13.73291015625,3.87189175139076,-0.338824161532646
13.9236450195313,2.89163999282484,-0.34968266927989
14.1143798828125,5.15453104161797,-0.183916349917284
14.3051147460938,6.10345582651547,-1.41564270186122
14.495849609375,4.8173374620424,-0.125372510446206
14.6865844726563,5.58063202963356,-1.45053315501068
14.8773193359375,5.47936131708348,-1.54519622391748
15.0680541992188,3.76107022697674,-0.917120087686023
15.2587890625,4.52869874208405,-2.0784109115092
15.4495239257813,4.22348273704325,-2.82381586736975
15.6402587890625,4.87555058603309,-3.23676783148935
15.8309936523438,4.19592383675609,-2.31907494081513
16.021728515625,3.27952306814252,-3.66147841756852
16.2124633789063,5.43021746679085,-2.21464885705921
16.4031982421875,3.82700966496028,-3.46123332886295
16.5939331054688,3.813574370486,-3.62895342748206
16.78466796875,4.41826030120557,-2.97598075573172
16.9754028320313,2.71265182318444,-3.41946041237025
17.1661376953125,3.63615960034801,-2.83853097540253
17.3568725585938,2.89436239049631,-3.47083649505241
17.547607421875,3.5448187876677,-3.89227530714604
17.7383422851563,3.42344608067208,-4.18000473026876
17.9290771484375,2.47340020390913,-3.08137084074043
18.1198120117188,2.76337675762747,-3.39415333248542
18.310546875,2.7370186169752,-3.68765006226442
18.5012817382813,0.704760170218002,-3.74249516274845
18.6920166015625,2.58280838836495,-3.22116269043609
18.8827514648438,3.32753176491324,-3.05253495059954
19.073486328125,2.18518528999112,-2.68943524316255
19.2642211914063,1.27179162823039,-3.53748141997642
19.4549560546875,1.06423973018344,-2.44771584551261
19.6456909179688,2.39496842358224,-3.20929054251566
19.83642578125,1.25216202483683,-4.34859488673728
20.0271606445313,0.829959400380849,-3.42520881025545
20.2178955078125,1.80655904561788,-4.24395664913286
20.4086303710938,1.10260636544076,-2.8737350690825
20.599365234375,1.38710213400326,-3.2871003354153
20.7901000976563,1.39291211591439,-3.30157801308688
20.9808349609375,-0.345944902697644,-3.82958116820551
21.1715698242188,0.335879866186371,-2.61697179672026
21.3623046875,0.536914215490931,-3.89169805350363
21.5530395507813,-0.0196093113227185,-2.45435719748815
21.7437744140625,0.668210151259579,-3.91834883412358
21.9345092773438,-1.35748391165146,-4.13222744301685
22.125244140625,-0.361160368962583,-2.79235470436751
22.3159790039063,-0.878951686869287,-0.852915910941064
22.5067138671875,0.906993859218098,-2.68438620688852
22.6974487304688,1.67215480230728,-2.49263156341304
22.88818359375,-0.913167379116009,-2.74515018410303
23.0789184570313,-0.564844261130546,-1.50626008615603
23.2696533203125,0.879652136372728,-1.38420778080979
23.4603881835938,-0.798282007142807,-0.89070913382679
23.651123046875,1.90570692751769,-1.27549279049073
23.8418579101563,0.129315817788318,-0.0443909881764548
24.0325927734375,-0.734972312932666,-0.914460843009504
24.2233276367188,1.71804981982628,-1.31960610688408
24.4140625,0.630004764284842,-2.31892534898938
24.6047973632813,1.03442060895846,-1.44166684587182
24.7955322265625,0.447981390450619,-0.397127206071776
24.9862670898438,0.438999764267975,0.081738482773096
25.177001953125,0.850311118234045,-1.73043029591933
25.3677368164063,0.217174031345637,-0.693861612561075
25.5584716796875,0.613428931545022,-0.305543912569965
25.7492065429688,-0.000717914654253827,-0.210539658824035
25.93994140625,-0.503112263074468,-0.227109950743252
26.1306762695313,2.06324491771987,-2.34181939105582
26.3214111328125,1.86618914250991,-2.06698357032618
26.5121459960938,-0.264512957214529,-2.13308220743132
26.702880859375,0.427055351526128,-0.919177221579613
26.8936157226563,0.77183280521261,-0.470939433734406
27.0843505859375,2.02860811104382,-0.587510178839651
27.2750854492188,1.83483480232645,-0.336629880290645
27.4658203125,0.875549912518728,1.32515565400846
27.6565551757813,0.827803771264502,0.0759986276831288
27.8472900390625,0.232423577831081,0.412535003535847
28.0380249023438,1.74866881750923,-0.13385955556714
28.228759765625,3.3635455045338,1.82214377751325
28.4194946289063,-0.763830626977578,-1.36626274075874
28.6102294921875,0.933104323423338,-0.556775313835534
28.8009643554688,1.99562872445637,-0.981113277774602
28.99169921875,1.82420179883778,0.0872336586918967
29.1824340820313,2.22797509785979,-0.939532587395769
29.3731689453125,3.40756447686078,-1.60083983484127
29.5639038085938,2.51788288014143,-1.9906206207487
29.754638671875,2.36049758433523,-0.241786849677938
29.9453735351563,1.63417491248388,0.374955235357335
30.1361083984375,2.49321362808318,-0.108001952256672
30.3268432617188,2.53547338972341,-0.583353755404148
30.517578125,2.33628436551202,0.00555714015755539
30.7083129882813,2.25931324116225,-1.84597086193743
30.8990478515625,2.05855704851172,-1.32577120895576
31.0897827148438,2.70550182182879,-1.27338292998391
31.280517578125,1.8202906830935,-2.34553431942588
31.4712524414063,1.92804602701394,-0.835830874893325
31.6619873046875,2.95156329613821,-1.56989420946388
31.8527221679688,2.08148962239535,-2.86227094305468
32.04345703125,2.34571956343465,-4.11276303276402
32.2341918945313,2.50866288093328,-2.29613843873268
32.4249267578125,1.94345322621875,-1.12711035846174
32.6156616210938,2.52423869485818,-1.9769836017992
32.806396484375,3.50532605765659,-2.93842786427539
32.9971313476563,2.36036612530806,-1.88131680129714
33.1878662109375,0.25782144081181,-4.0078727879344
33.3786010742188,1.31684694782194,-1.92201436787025
33.5693359375,1.68413708033455,-3.33898778428125
33.7600708007813,0.27243199953166,-2.41578707087878
33.9508056640625,0.492996488194251,-2.51760898911612
34.1415405273438,1.28656331946534,-3.64759152549559
34.332275390625,1.45944395482366,-2.61642566509303
34.5230102539063,2.08325145182521,-2.19120207201953
34.7137451171875,-0.264125796006928,-2.26835640433316
34.9044799804688,0.689497962972544,-4.87648393049605
35.09521484375,2.18609712398606,-1.48708081587047
35.2859497070313,-0.133838770112472,-3.60342556040107
35.4766845703125,1.32629870096701,-2.29864052239196
35.6674194335938,0.242240351862744,-3.26964640353602
35.858154296875,0.880550991494032,-1.22664773979669
36.0488891601563,-0.0555459442495179,-2.56427932264813
36.2396240234375,-0.129143178748987,-4.65135860874167
36.4303588867188,-0.0467387063378741,-2.05226428253168
36.62109375,-0.03976532314898,-2.2113416522057
36.8118286132813,-1.58395855023755,-2.38360703824159
37.0025634765625,0.699569898687397,-0.150535580815206
37.1932983398438,0.052599320417346,-1.87449618053311
37.384033203125,-0.875780511836747,-1.98068927719942
37.5747680664063,0.840855313375082,-1.10312978416257
37.7655029296875,1.43029240195055,-0.937968495485082
37.9562377929688,-0.284752166836691,-2.26963800536695
38.14697265625,-0.308013800958442,-2.82832763167321
38.3377075195313,-0.0931211122450837,-3.21999217465989
38.5284423828125,0.233482935470613,-1.97878339515274
38.7191772460938,-0.305934377197987,-0.593750703358904
38.909912109375,-1.50402371647914,-1.86972732996825
39.1006469726563,1.35491784798868,-2.47491820297495
39.2913818359375,-0.925535928183447,-0.852273324876206
39.4821166992188,0.112359389660685,-1.62635883463515
39.6728515625,-0.473151631017421,-2.72472261566862
39.8635864257813,0.0325518144918847,-2.00088225609199
40.0543212890625,-0.597523609637269,-1.77593682450195
40.2450561523438,-1.34413196541013,-1.10527006035979
40.435791015625,0.0920920939362126,-1.15246241983054
40.6265258789063,0.296373098471876,-1.339761502277
40.8172607421875,0.0336143279152545,-1.23899302777837
41.0079956054688,0.366622660421121,-2.499079392213
41.19873046875,-0.458040378337797,-2.31051252863656
41.3894653320313,-1.17159855682438,0.231673924374222
41.5802001953125,0.673386645122736,-1.14347351219608
41.7709350585938,0.359959921371617,-0.994348022736621
41.961669921875,1.57735339168159,-0.000681020329946498
42.1524047851563,0.199269880186946,-1.53925452088694
42.3431396484375,-0.0374511520940538,0.118717404872051
42.5338745117188,0.232192052156712,-0.74140826998506
42.724609375,-0.0923117311565546,-0.867172900355143
42.9153442382813,-0.1388919909468,-0.706177800277397
43.1060791015625,0.16748936415655,-0.595135898510397
43.2968139648438,-0.577141065834451,-0.483801390581699
43.487548828125,-0.563419860654303,-2.81886469211931
43.6782836914063,0.853623084126086,-1.37940414702825
43.8690185546875,-1.1247515209579,-2.35060519588265
44.0597534179688,-0.491245412240948,-2.43680118357348
44.25048828125,-1.17898595306933,0.686971045863893
44.4412231445313,-1.06363240098313,-1.3698156995385
44.6319580078125,-0.0460313132666669,0.0249215742345054
44.8226928710938,1.26706414947728,-1.5641442233004
45.013427734375,0.187649698746394,-0.404933847905594
45.2041625976563,-1.25108259362985,-1.0330642308052
45.3948974609375,-1.28269561167295,-0.558297902691068
45.5856323242188,0.0585194777064101,-0.719840241642967
45.7763671875,-0.129595826269929,-1.58768658292541
45.9671020507813,-0.0702277237958676,-1.32073970101547
46.1578369140625,-1.52600194011554,-0.321101395933269
46.3485717773438,-0.644669715721584,-1.58183371744482
46.539306640625,-1.74432236554794,-1.7332145687875
46.7300415039063,0.877658355655119,-1.06572628580885
46.9207763671875,0.470076819046459,-1.2762231929407
47.1115112304688,-0.384047673319314,-0.0618641179754516
47.30224609375,-1.47104070488218,-0.845326839380717
47.4929809570313,0.897638874726392,-1.13356330324783
47.6837158203125,0.735258170195355,-1.74824530626515
47.8744506835938,-1.76482887256516,-2.38988365372245
48.065185546875,-1.13185166204283,0.0302472362944951
48.2559204101563,-1.29298372665934,0.222716050507547
48.4466552734375,-0.108718930165566,-1.4515392112046
48.6373901367188,1.07564209732146,0.559913822479875
48.828125,0.38903740637045,-0.352318929079148
49.0188598632813,-1.1749893223905,-1.0010115824556
49.2095947265625,0.00365851947676189,-0.831822606625538
49.4003295898438,1.01238463066393,0.512807715870341
49.591064453125,0.162130154126034,-2.46828794527931
49.7817993164063,-1.3918904179596,-0.689557010621658
49.9725341796875,-0.312232707087261,0.430793909188441
50.1632690429688,1.23464030234904,-0.308785330970313
50.35400390625,-0.613008293267194,-1.55167321314324
50.5447387695313,1.27989833677082,-0.359304302193109
50.7354736328125,-0.122449650794426,0.834476786211682
50.9262084960938,0.741312528830279,0.436910867958633
51.116943359375,-0.880858532214474,-1.50536201205155
51.3076782226563,-1.48895573253335,-1.08129913180383
51.4984130859375,0.405252446782411,-2.45426949758969
51.6891479492188,0.45143592119926,-1.14086040241955
51.8798828125,-0.115236273524353,0.547097307057183
52.0706176757813,-1.10878127425245,-2.31880198739137
52.2613525390625,-0.33933872085919,-1.73631362590156
52.4520874023438,-0.154491150947873,-0.14150173742164
52.642822265625,-2.09004260820852,0.555168696460978
52.8335571289063,0.197991871337562,-0.859494274422307
53.0242919921875,0.714637606609448,-0.0636510916551599
53.2150268554688,-0.384290928445837,-0.0909493118964275
53.40576171875,-1.04509157260913,0.588202684942297
53.5964965820313,0.439628444494846,-0.775820976679457
53.7872314453125,-0.859975228270543,0.0769226750349191
53.9779663085938,-0.935211900272445,-0.441040081356615
54.168701171875,0.147407092571002,-0.730281543422329
54.3594360351563,-0.60752211177213,-1.92898750963399
54.5501708984375,-0.817443474614415,-1.23808521085199
54.7409057617188,0.356650387073551,-1.00108334039678
54.931640625,0.469804463718694,-0.996938217756905
55.1223754882813,-1.19452276398468,-0.0726024449249803
55.3131103515625,0.750762625952231,0.573860823654007
55.5038452148438,-0.204322293848699,0.356348856709909
55.694580078125,-0.26257605689269,0.30857824494909
55.8853149414063,-1.65349346847715,0.498006947609715
56.0760498046875,-1.55923671200039,-0.436502759111388
56.2667846679688,-1.02820013980743,-0.281451855351569
56.45751953125,-0.78622937873723,0.376598385082173
56.6482543945313,-1.19028929583346,-0.518480785687776
56.8389892578125,-0.182557118949207,-0.839150938659484
57.0297241210938,0.958222730368853,0.758361517810839
57.220458984375,0.263075514507851,-0.976882361867
57.4111938476563,-0.348490302673118,-0.311241744313197
57.6019287109375,-0.883299174173307,1.18618885881157
57.7926635742188,-0.218847669884301,-1.07057951578342
57.9833984375,0.290623517037781,0.266640279662359
58.1741333007813,-1.24789152979557,-0.595667657956396
58.3648681640625,-0.398185184081881,-1.95333973367239
58.5556030273438,-0.242050742004878,-0.749979267743425
58.746337890625,-0.847519047643394,-2.03300882844685
58.9370727539063,-0.551684420972718,-0.676569387650542
59.1278076171875,-0.905281321280324,-0.192093995206513
59.3185424804688,0.972987725617586,-0.676668678415535
59.50927734375,0.468185625816695,0.976439959843948
59.7000122070313,1.93010797356095,0.271347057871797
59.8907470703125,-0.153310614325875,0.251471862431897
60.0814819335938,-1.27163489218159,-1.02341733572874
60.272216796875,-0.653514541987662,0.942257865217254
60.4629516601563,-1.41747686409965,0.932037751182751
60.6536865234375,-0.781012513118718,0.906024484193074
60.8444213867188,-0.242422559060698,0.911255832830375
61.03515625,0.15385475288252,-0.801957862083175
61.2258911132813,0.181234515480542,1.14252579613451
61.4166259765625,-0.444100939991012,-0.22665146379181
61.6073608398438,0.419224018269362,1.35606584522089
61.798095703125,0.581873793613984,0.646784738257465
61.9888305664063,1.0942146647945,0.148476949568661
62.1795654296875,0.734209250571942,1.34450344817995
62.3703002929688,0.0611236026190876,0.133034594485806
62.56103515625,-1.26745286133199,0.944883176692423
62.7517700195313,0.690128089385709,-0.429879528335939
62.9425048828125,0.626327037189256,-0.469477939061381
63.1332397460938,-1.11865287957248,-0.0352631834360181
63.323974609375,0.848818193955158,-0.390112402341882
63.5147094726563,-0.1667475720007,0.235715568219675
63.7054443359375,-0.389291896924601,-0.333434411024521
63.8961791992188,0.499015189064626,0.020646428075591
64.0869140625,0.569255210521105,-1.34111628738657
64.2776489257813,0.773931465935809,-1.04824700458633
64.4683837890625,-0.83088927740286,0.686629600153789
64.6591186523438,-1.96910001912046,-1.11334871604029
64.849853515625,-1.49764748701806,1.34844044795598
65.0405883789063,-0.231119791995109,-1.74554412960953
65.2313232421875,-0.0332772336424572,-0.725107048277621
65.4220581054688,1.05747226830254,0.85345612683889
65.61279296875,-0.992760488372784,2.76602644612771
65.8035278320313,-0.906019063748266,-0.0828163759445806
65.9942626953125,-0.713748640238149,-0.97790723294056
66.1849975585938,-0.845489921204192,-1.12709264229373
66.375732421875,1.89969738088643,0.515923324573836
66.5664672851563,-0.782948942096319,0.998706652845028
66.7572021484375,-0.685033854251517,-0.0897001386137072
66.9479370117188,-0.653611490428838,-1.18091184931494
67.138671875,-2.12117786837935,-1.30333040407417
67.3294067382813,-0.199233847224694,0.653268076676533
67.5201416015625,0.911936144724405,0.649605522693463
67.7108764648438,0.217902148035296,0.0580239585878783
67.901611328125,-1.13785044856799,-0.956294324274523
68.0923461914063,-0.477683981337497,0.529556883237811
68.2830810546875,-2.02355698519596,-1.02830661008047
68.4738159179688,-0.348473309699571,0.110810545843285
68.66455078125,0.0383362944261947,1.50936553544905
68.8552856445313,0.496324145828707,-1.35879967499543
69.0460205078125,-0.198717133012926,-1.32506562026262
69.2367553710938,-0.39065167670885,-0.709911182401464
69.427490234375,0.155186268041446,-0.211197043068187
69.6182250976563,-0.154599227815611,1.32306196679748
69.8089599609375,1.12737435452658,-1.06542648563595
69.9996948242188,-0.933733468220225,1.26949198822098
70.1904296875,-0.442006852104275,-0.818333592571301
70.3811645507813,-0.784675169823536,0.453931420050399
70.5718994140625,0.204509166040684,-0.900434548831608
70.7626342773438,1.3941742887755,0.358530191966133
70.953369140625,-1.15172912175464,-0.188683999983358
71.1441040039063,-0.326153054843573,0.421206540970409
71.3348388671875,-0.501421204388314,-0.132313456072301
71.5255737304688,0.531523270732954,1.04927597264344
71.71630859375,-0.340912835505681,-0.0492827820312244
71.9070434570313,1.91408211922965,1.49671893707937
72.0977783203125,-0.605314764155155,0.0406155301948034
72.2885131835938,-1.07316102736454,-1.14765825275781
72.479248046875,0.067586548037726,0.257353495829732
72.6699829101563,0.146701938199735,0.422630528350857
72.8607177734375,-0.646934347653973,0.236144703678341
73.0514526367188,0.712873756509472,2.83485921518112
73.2421875,0.698966325248894,2.39115698078445
73.4329223632813,-1.03228062512936,-0.0157757271207026
73.6236572265625,-0.330263960413674,1.13106516611084
73.8143920898438,-1.33181658925715,0.2567221349185
74.005126953125,-1.73043787709333,1.03059729309348
74.1958618164063,0.956376339240041,1.19847601778427
74.3865966796875,0.358366338554725,1.63659575638747
74.5773315429688,1.0346342695514,1.94590931591112
74.76806640625,1.07033116105048,0.914284489304074
74.9588012695313,-0.975441290999299,0.143383843746216
75.1495361328125,0.253991962651704,0.135908184504357
75.3402709960938,-1.14784797951206,0.81850989318581
75.531005859375,0.0894912323662965,-0.740968037691771
75.7217407226563,-0.329298368446881,0.883940851595319
75.9124755859375,1.29330086829612,0.413182403771012
76.1032104492188,0.486162729210402,0.0329823237844786
76.2939453125,-0.180892857117331,-0.440168514823091
76.4846801757813,-1.67080908032342,0.4921821646956
76.6754150390625,0.392433865598568,1.06440399704381
76.8661499023438,0.530248338801477,-0.422231974771006
77.056884765625,1.38043772348585,1.29392160232355
77.2476196289063,-0.54238595467128,1.34065335833199
77.4383544921875,-0.338713114666702,-0.371482070079741
77.6290893554688,-0.127186700396071,0.144271992235407
77.81982421875,-0.132886417700102,1.05287366102159
78.0105590820313,-0.517780714404212,0.706247257781408
78.2012939453125,2.31561729754147,-0.14499877333213
78.3920288085938,-0.683460690673207,0.78442081739665
78.582763671875,0.812433455284824,-0.327562056202372
78.7734985351563,0.736107827071525,0.591669536971113
78.9642333984375,0.427780668656654,1.45387168947162
79.1549682617188,-0.474601191641915,-0.681234321721976
79.345703125,-0.407519298959395,-0.111269126346804
79.5364379882813,-1.114572567477,-0.126249715691139
79.7271728515625,0.273660944937403,0.552265351670536
79.9179077148438,1.5711764885291,-0.550210146881198
80.108642578125,-0.536072487974141,-1.19232524203887
80.2993774414063,-0.0530788131028651,0.639750945087161
80.4901123046875,0.344228399264084,-0.0831106917210658
80.6808471679688,-0.22490798702605,1.18323311105729
80.87158203125,0.603150405894683,0.128725227398165
81.0623168945313,0.0271926363824218,1.26819412529171
81.2530517578125,-0.726183938979532,2.10738144127631
81.4437866210938,-0.574674489514906,-0.503926537838856
81.634521484375,0.383431974000598,-0.612356800200486
81.8252563476563,0.34907118043111,-0.122092301194154
82.0159912109375,0.106442643857661,-0.428677765701496
82.2067260742188,-0.19873172073625,-1.78877732577778
82.3974609375,-0.94116463650418,-0.270439902199595
82.5881958007813,0.316272723740144,0.590590494013008
82.7789306640625,0.944586788160999,1.00811993208219
82.9696655273438,-0.227085602827747,-1.18152634075517
83.160400390625,0.180445117439614,-0.328835490998208
83.3511352539063,-0.834663027368863,1.23509991195348
83.5418701171875,-1.74542859900282,2.04047892202864
83.7326049804688,-0.512150362356113,0.839799623489225
83.92333984375,0.410667931364501,-0.153656239004369
84.1140747070313,-1.65199037056218,1.59578324077371
84.3048095703125,-0.875021045041406,-1.30247357305338
84.4955444335938,0.104668053728086,0.680744798266781
84.686279296875,3.06187360680517,0.85292863596736
84.8770141601563,1.25555300095972,-1.11934535511829
85.0677490234375,-0.143234073701718,-0.220293710762484
85.2584838867188,-2.18246266805939,-0.258402794931359
85.44921875,-0.0880483069929007,0.515143782207101
85.6399536132813,-0.09832287076091,0.682494141077347
85.8306884765625,0.279828290961101,0.843360054285827
86.0214233398438,0.836995428118702,1.02418002157419
86.212158203125,0.0301710151947875,0.579623244100324
86.4028930664063,-0.0318089433884983,-0.746350495635399
86.5936279296875,-1.06269471238766,0.741705291183896
86.7843627929688,-0.875970965391002,-0.0408844679336284
86.97509765625,-0.523364444553051,0.825836452766482
87.1658325195313,0.645389401950956,-0.186055449055262
87.3565673828125,-0.485220188311572,0.501886288485671
87.5473022460938,-0.242889977859024,1.42785239966287
87.738037109375,0.300954815077194,-0.466868188898298
87.9287719726563,0.735609228878575,1.2634425293198
88.1195068359375,0.285778072385074,-0.0775791696008382
88.3102416992188,-1.82008728801218,1.82629658973296
88.5009765625,0.587172699868103,0.934814609334302
88.6917114257813,0.541757016419066,0.165290838051265
88.8824462890625,0.706482023383743,1.69883756257758
89.0731811523438,0.926497290102285,0.875336061681788
89.263916015625,0.93726397690277,0.19568197445005
89.4546508789063,0.751266544929133,0.331136713137514
89.6453857421875,-1.62654139528715,1.89442634829086
89.8361206054688,-1.18078194029908,1.4404269560746
90.02685546875,0.826178264721848,0.581567067033752
90.2175903320313,-0.237556196187576,0.508147173938195
90.4083251953125,-0.286408256499441,0.839064786756461
90.5990600585938,-1.26970070496447,1.15073103025142
90.789794921875,-0.0802388046376589,0.184509186168536
90.9805297851563,-0.0921553137791408,0.180109132751157
91.1712646484375,0.549859143485296,0.0139910401361553
91.3619995117188,-0.53636288516006,0.572431884327032
91.552734375,0.191471002218054,-0.801456549649759
91.7434692382813,-0.380653142945945,0.46904033943718
91.9342041015625,-0.554712293613767,2.31396847545807
92.1249389648438,0.248906860558566,1.77746376450151
92.315673828125,0.0292669428448029,2.52413697461488
92.5064086914063,-0.88495636120737,0.683035652411371
92.6971435546875,-0.390203944461486,-0.974595256650192
92.8878784179688,-0.303785804019121,0.347476345055699
93.07861328125,-0.105978674345813,1.24160287768046
93.2693481445313,1.26013529405387,3.222636257684
93.4600830078125,0.263552140584338,0.096951341502344
93.6508178710938,0.181121775403825,2.03297415874466
93.841552734375,-0.72596638673678,-0.15169914667849
94.0322875976563,-0.315895110895712,1.42846587808458
94.2230224609375,0.562014356163557,0.353642783868532
94.4137573242188,-0.512230304822853,-1.16419465700626
94.6044921875,0.326801926142855,-0.444805107583208
94.7952270507813,-0.31063386895085,0.605373067416566
94.9859619140625,-0.315546338365166,0.616937739893249
95.1766967773438,0.632975316139286,2.17003785260338
95.367431640625,-0.953845206690616,1.48964083813976
95.5581665039063,0.852831809276579,1.6199350134962
95.7489013671875,0.203212479710901,-0.223476492930568
95.9396362304688,0.128471256333243,-0.266740760189262
96.13037109375,1.65876171759487,-0.0114001968232621
96.3211059570313,0.44505395420416,1.62712652261065
96.5118408203125,0.28245217387646,1.2766324734223
96.7025756835938,-0.545924823089178,0.293711392709665
96.893310546875,1.64743116694967,0.76850456010124
97.0840454101563,1.86560913888966,-0.00822317011600517
97.2747802734375,-0.702265872164104,-0.0554569909449733
97.4655151367188,-0.00289232466301292,0.516189146264323
97.65625,-0.035037860425137,0.539942383517201
97.8469848632813,0.0579188348205491,0.335738844722901
98.0377197265625,-0.758248463770923,1.2959797336111
98.2284545898438,0.0157745077516129,-0.553049813916796
98.419189453125,-0.960379968812002,1.1018626686726
98.6099243164063,0.595649049239299,1.48209294716004
98.8006591796875,-0.164388222108402,1.82911390857394
98.9913940429688,1.99350943331024,0.869305558722608
99.18212890625,1.37695771032262,1.65279481863148
99.3728637695313,0.334160162931923,-0.656161867676277
99.5635986328125,2.11465190457677,0.158775797688056
99.7543334960938,1.33567132316161,1.04628719408894
99.945068359375,1.78654977818185,-0.328338215873226
