Fre(kHz),Re,Im
-99.945068359375,0.219690758345813,-0.428155411815182,ZeroPoint:Tj,62,5
-99.7543334960938,-2.16064847812323,1.32488835703293,Const.;stime,2.85884872,6.4E-07
-99.5635986328125,-1.28157948307137,-0.940702517130061,Fre.Range:Tau,-100:100,1.5E-05
-99.3728637695313,-0.46962256657221,-0.245151280577191,FFTSize:DataSize:Firstpul,8192:8192,5E-07
-99.18212890625,-0.761933903426522,2.23388773432019,5msF5555,Freq.=141410000
-98.9913940429688,-1.55105117209176,-0.619921663216779
-98.8006591796875,-1.36819646687928,1.68807756116814
-98.6099243164063,-0.427520880961021,-0.877805408333359
-98.419189453125,0.157724522307952,0.0546965479000491
-98.2284545898438,1.39159927163554,1.77512870828078
-98.0377197265625,-0.957553462609221,2.33455787920611
-97.8469848632813,-0.966516792942022,2.9754482237474
-97.65625,-0.899729478894856,0.210875044758027
-97.4655151367188,-1.48577861215784,1.85514346128539
-97.2747802734375,-0.791769201452956,0.683956608677312
-97.0840454101563,-0.724490774361139,0.623231188167061
-96.893310546875,-1.96606831714084,1.11407300676521
-96.7025756835938,-0.224368295884301,1.55536549991998
-96.5118408203125,-1.00343143525229,0.374091617509933
-96.3211059570313,-1.43143634258365,1.14439603857539
-96.13037109375,-1.7956202247579,1.38321378099984
-95.9396362304688,-0.054913277213258,1.17024996382149
-95.7489013671875,-0.459180817614142,-0.0650704161339925
-95.5581665039063,-0.920215779017129,1.87245171981251
-95.367431640625,0.109087416894872,0.967949229164453
-95.1766967773438,0.0109058564367085,1.20142137766892
-94.9859619140625,-0.0132571612627567,0.30457593713945
-94.7952270507813,0.272192938359467,2.48774376704706
-94.6044921875,-1.87729046407354,1.89550871762936
-94.4137573242188,-0.1099570041263,0.246360205332398
-94.2230224609375,-0.0952564088643503,0.875397745412365
-94.0322875976563,-0.263348683784428,0.940099443631645
-93.841552734375,-1.91966562161406,1.2942635333827
-93.6508178710938,0.218671210531676,0.480513348922694
-93.4600830078125,0.606572254010756,1.37007862239699
-93.2693481445313,-0.39499462648591,1.24980563461738
-93.07861328125,0.591206061987408,1.09947410755058
-92.8878784179688,-1.18257248631117,1.51324467364073
-92.6971435546875,-2.06744350463909,0.420854558554758
-92.5064086914063,-0.494471625379611,0.573827423742667
-92.315673828125,-2.34687860671146,0.728580044852773
-92.1249389648438,-2.70893976196377,0.292931656701677
-91.9342041015625,-0.500953982848721,1.52246028659459
-91.7434692382813,-0.238804698063501,1.80101447582376
-91.552734375,0.40196956244141,0.172950705481299
-91.3619995117188,-0.824783272361964,0.59824422881269
-91.1712646484375,-1.82694883114077,1.86675167709995
-90.9805297851563,-0.571261463831876,1.93392883193626
-90.789794921875,-0.583271207426189,0.381103205548619
-90.5990600585938,0.806087638932392,2.14432811025022
-90.4083251953125,-2.21535774980485,0.860429134206732
-90.2175903320313,-0.811956945985214,-1.17333213727591
-90.02685546875,-2.17997715721139,0.790474142071421
-89.8361206054688,-0.863051808027643,0.97749495567165
-89.6453857421875,0.195661768715602,1.88466793409051
-89.4546508789063,-0.853797867818921,0.233259075963411
-89.263916015625,-1.34204690357314,1.99636013778668
-89.0731811523438,-0.923480097341674,0.115372079810589
-88.8824462890625,-0.742852058873513,0.659917116585326
-88.6917114257813,-2.07669740921244,1.37047707487139
-88.5009765625,-2.35689902147186,0.687320713573873
-88.3102416992188,-1.40607893275242,1.5155815085895
-88.1195068359375,-2.94384809763081,0.561119456404593
-87.9287719726563,-0.229712363360902,0.196941161200307
-87.738037109375,-1.95157139301169,0.494803344236574
-87.5473022460938,0.00645501135249645,0.0540298289260688
-87.3565673828125,-1.4127402585071,1.3779303853734
-87.1658325195313,-0.458560445645829,0.0666696736857166
-86.97509765625,-0.355927717903421,-0.272534119877568
-86.7843627929688,0.107637277528826,1.82793458835923
-86.5936279296875,-0.160624588695015,1.09628381989753
-86.4028930664063,-0.325722662711638,1.28850478205367
-86.212158203125,-0.240973186022738,1.1670033681711
-86.0214233398438,-2.36902514313914,0.0210773665691849
-85.8306884765625,-1.00892037283369,2.09792380088645
-85.6399536132813,-0.0504404376258055,1.27707135653769
-85.44921875,-2.18209098437453,2.17036356438393
-85.2584838867188,-1.51189385585641,1.67431342773585
-85.0677490234375,-0.782162113967859,1.26110236498062
-84.8770141601563,-0.948840863758414,1.60235474640902
-84.686279296875,-1.65114325110386,1.61767056066836
-84.4955444335938,-1.2204802144831,0.89503795919601
-84.3048095703125,-2.28444137649284,0.0354636323938549
-84.1140747070313,-0.810478966533467,-0.114137770275389
-83.92333984375,-0.641483034730305,0.520143044276266
-83.7326049804688,0.597426760023852,3.02242050772353
-83.5418701171875,-1.61749610090237,2.82118419954558
-83.3511352539063,-2.42733782497929,1.05789852623089
-83.160400390625,-0.536545369890908,2.28030863535145
-82.9696655273438,-0.262981242005581,0.996615272765253
-82.7789306640625,0.427140851927925,2.453095800077
-82.5881958007813,-2.28294911926084,0.880935203552614
-82.3974609375,-0.571302066971477,0.493626789305907
-82.2067260742188,-0.569284628747371,1.1833627707862
-82.0159912109375,-0.392992485707822,0.239205899842088
-81.8252563476563,-0.926267778421504,1.85094351046941
-81.634521484375,0.0882450445856573,0.74330225582754
-81.4437866210938,-1.39236623722337,1.91517003680789
-81.2530517578125,-1.34068047008717,0.470729191660472
-81.0623168945313,-0.61151821313709,1.84289272814363
-80.87158203125,-0.440028370488993,1.26114643082009
-80.6808471679688,-0.224304715268326,2.77564352529107
-80.4901123046875,-0.894929129862727,1.42945384722439
-80.2993774414063,-1.95721098817004,0.237190503135099
-80.108642578125,-1.45504471107749,1.32654651934759
-79.9179077148438,-1.07521002791291,1.95589637524956
-79.7271728515625,-0.710369418150772,1.62908200236039
-79.5364379882813,-1.60017807685173,2.42896455036283
-79.345703125,-0.351258250258374,1.08643636075015
-79.1549682617188,-1.42661438638354,1.9035360300741
-78.9642333984375,-0.902581338593471,1.97537644300486
-78.7734985351563,-1.19860126702872,0.546878317798422
-78.582763671875,-1.58063285182031,1.30678236313078
-78.3920288085938,-1.22956513661603,1.03114609919499
-78.2012939453125,-0.946183043161359,-0.0249847106877449
-78.0105590820313,-1.30030675744354,0.708417582079539
-77.81982421875,-2.50369475408394,2.92022915290238
-77.6290893554688,-0.0102016487370772,0.970784766890692
-77.4383544921875,0.180485411638101,3.01737118308944
-77.2476196289063,0.203747355744782,1.15122901447235
-77.056884765625,-1.68291541607533,1.32688564154169
-76.8661499023438,0.125274550431252,0.754824252968882
-76.6754150390625,-1.08546343747158,0.476966554804253
-76.4846801757813,0.0406778969342082,0.980315385638365
-76.2939453125,-1.49359360959627,2.63233098259909
-76.1032104492188,-0.658187996639853,1.24245941690071
-75.9124755859375,-1.32980225640191,1.22848648671149
-75.7217407226563,-2.35423481185688,-1.21084427187247
-75.531005859375,-2.35110964666458,1.78944928897365
-75.3402709960938,-0.523319061375158,1.95878313018163
-75.1495361328125,-1.27529505294534,1.16435057604045
-74.9588012695313,-0.0452522877661243,0.813246188864804
-74.76806640625,-1.51207826085879,1.41306228663442
-74.5773315429688,-1.67584012579805,0.424413210865228
-74.3865966796875,0.09292352922209,2.42895890686887
-74.1958618164063,-1.45666081585584,1.69371610151942
-74.005126953125,-0.733640907269213,2.76801157731678
-73.8143920898438,-0.374889191995175,3.32221465874457
-73.6236572265625,-1.50119175932177,1.17779912317255
-73.4329223632813,-1.22305989232657,1.00346320587379
-73.2421875,-0.898365466537971,0.854319388192659
-73.0514526367188,-1.4567522992375,2.52687479948902
-72.8607177734375,-1.58582067824314,2.18173886247474
-72.6699829101563,-1.05580445985348,1.58434188661323
-72.479248046875,-0.971194088493471,0.615045824458236
-72.2885131835938,-0.608259125624236,2.91363931614801
-72.0977783203125,-1.17320429464263,1.11967152558201
-71.9070434570313,-1.45016005264618,2.25769733077771
-71.71630859375,-0.997923179223425,2.74255895903847
-71.5255737304688,-0.462523448555525,0.599100009921564
-71.3348388671875,-1.68417304528088,0.431516935730791
-71.1441040039063,-0.373251674024115,2.19222854697828
-70.953369140625,-0.649192024141799,1.38557270657118
-70.7626342773438,-1.31500891935505,2.16448884277399
-70.5718994140625,-2.21954854071337,2.18866217774773
-70.3811645507813,-3.1676462408801,1.23221041004255
-70.1904296875,-0.030199439543865,2.64276425867457
-69.9996948242188,-0.147560642482079,3.29014967193196
-69.8089599609375,-0.243494604377393,3.09143301706622
-69.6182250976563,-1.03069974517257,1.66854530367122
-69.427490234375,-1.49727197865508,0.240069737059487
-69.2367553710938,0.921536238892756,1.74187506978555
-69.0460205078125,-0.128609295560825,3.08783156189595
-68.8552856445313,0.237376835650581,1.69970657485144
-68.66455078125,-2.57088802206773,3.68534797634037
-68.4738159179688,-0.790701860603768,3.21871638827059
-68.2830810546875,-1.23662639074962,2.50963885356101
-68.0923461914063,-0.35781648709431,3.38577085927102
-67.901611328125,-1.45131859479133,1.65027458062725
-67.7108764648438,-0.459863662681236,1.05158288904691
-67.5201416015625,-2.72958688498732,3.39038189446668
-67.3294067382813,-0.851881136507844,1.51332999691775
-67.138671875,0.0952075376663045,2.78340761610437
-66.9479370117188,-1.49284629003916,1.66415444133195
-66.7572021484375,-1.23121007103293,0.93977155856715
-66.5664672851563,-3.34446402897801,1.7931281531037
-66.375732421875,-0.553703869684712,2.51641207195899
-66.1849975585938,-1.30653090450197,0.467781107408827
-65.9942626953125,-1.53357829212131,2.55016457121382
-65.8035278320313,-0.239842248968696,0.912159372497381
-65.61279296875,-0.606291210125636,3.0670283644597
-65.4220581054688,-0.858080475797726,2.57168082775125
-65.2313232421875,0.292121706500145,2.43965557660508
-65.0405883789063,-0.0267845873421678,1.38251139304589
-64.849853515625,-1.48575834444406,3.02178965094699
-64.6591186523438,-1.26689646416637,2.99895242860027
-64.4683837890625,-0.966405220365016,2.40032450258222
-64.2776489257813,-0.0426107531829468,0.758368003750312
-64.0869140625,-1.11613149366939,0.652292211036969
-63.8961791992188,-0.563793079026476,1.18638645806769
-63.7054443359375,-1.30324946022312,0.122096532397883
-63.5147094726563,-1.14015991791912,3.10880649691152
-63.323974609375,-1.32195110589702,2.90098698163964
-63.1332397460938,-0.921210741062604,1.57075675330047
-62.9425048828125,-1.49011859469063,2.61560119478898
-62.7517700195313,-0.933535812771145,1.33993617320211
-62.56103515625,0.554985509831115,3.39550216510413
-62.3703002929688,-0.370584408977503,2.53544463208508
-62.1795654296875,0.275739858564167,2.03670728457429
-61.9888305664063,-0.131680414985588,1.74383413169521
-61.798095703125,-2.40863037230222,2.33555138009833
-61.6073608398438,-0.834770790065599,1.79097249551267
-61.4166259765625,-1.84255222271416,2.86311102070611
-61.2258911132813,-1.15735229998689,2.68129258892596
-61.03515625,-1.21079704351866,1.27738346572164
-60.8444213867188,-1.51243429234317,2.08353374893653
-60.6536865234375,-1.04571826621505,0.0251248780865845
-60.4629516601563,-0.425938621596914,2.31684785316452
-60.272216796875,-1.57419532110201,2.32179918868441
-60.0814819335938,-1.15523193490048,3.65333840597345
-59.8907470703125,-1.67515025549183,2.99848469174897
-59.7000122070313,-0.773855787642105,2.9079679102131
-59.50927734375,-0.952037281253623,2.06616548943751
-59.3185424804688,-0.0796968576754351,2.74326548474824
-59.1278076171875,-0.481385436533514,2.78708400763771
-58.9370727539063,-1.15239406504178,1.45365468606604
-58.746337890625,-1.21116541172669,2.45923287919069
-58.5556030273438,-2.25118016645314,1.77029891175525
-58.3648681640625,-0.788910443109662,2.60330128036534
-58.1741333007813,-0.772950939675211,2.09573838420986
-57.9833984375,-0.559789382610776,1.07943428790329
-57.7926635742188,-1.72842688428214,2.17673014177939
-57.6019287109375,-0.337526768451409,3.40843489589955
-57.4111938476563,-1.20878312566261,2.24881243237367
-57.220458984375,0.65535857656787,1.63097056227161
-57.0297241210938,-0.345362438631032,1.79435508076373
-56.8389892578125,0.100660344413474,2.15151388964659
-56.6482543945313,0.11680857480887,1.41167032656289
-56.45751953125,-1.97147699354494,1.72504643580897
-56.2667846679688,-0.682355507632518,1.48177007865651
-56.0760498046875,-0.496658651870297,3.18625457500161
-55.8853149414063,-0.504641263137281,3.75777296106352
-55.694580078125,-0.542619367800768,2.11880322507039
-55.5038452148438,0.0243466827603106,1.05088936311925
-55.3131103515625,-1.42571022853744,2.07796380186523
-55.1223754882813,-0.104413583783679,1.60382525704247
-54.931640625,0.606074890569831,3.57111817291441
-54.7409057617188,-1.85186922183241,2.12080931571414
-54.5501708984375,-0.350254817118125,2.4954547260983
-54.3594360351563,-1.20096912144122,2.85763559859576
-54.168701171875,-0.951558917578364,3.38482161489547
-53.9779663085938,-0.157238620942634,3.24661818847426
-53.7872314453125,-2.29854900679708,3.20697579902652
-53.5964965820313,-0.299519341252754,1.74336210572173
-53.40576171875,-1.49033748777164,3.62004443599107
-53.2150268554688,-2.28225900615498,1.69503630860064
-53.0242919921875,-0.839633952333251,2.56343625217982
-52.8335571289063,-0.300243946720329,2.37155701199035
-52.642822265625,0.409840245323732,2.97926211869162
-52.4520874023438,-0.678292454448042,3.94774709093402
-52.2613525390625,-1.79620331133513,3.84321946361444
-52.0706176757813,1.24573574897031,3.70437441268342
-51.8798828125,-0.494810566691344,3.56410707946681
-51.6891479492188,-1.12139417951113,2.93016538595364
-51.4984130859375,-0.0225632051576607,2.54297954540576
-51.3076782226563,-0.162080904763588,3.80803698670254
-51.116943359375,-0.562276794150378,1.22706424205118
-50.9262084960938,-1.5421691921845,1.18755853079576
-50.7354736328125,-0.577445516181694,2.42003658810533
-50.5447387695313,-0.910868110535034,3.17620259636677
-50.35400390625,-1.66627946660523,3.85312915069825
-50.1632690429688,-0.130455080250352,3.99438432823551
-49.9725341796875,-1.64979372638942,2.09347217094698
-49.7817993164063,-2.4557399934138,1.72495856295331
-49.591064453125,-1.77716266315891,2.3288520181609
-49.4003295898438,-2.18026928463019,3.39636413158343
-49.2095947265625,-1.48593747513802,2.56822398279722
-49.0188598632813,-1.61960601502787,3.77576276347421
-48.828125,0.31417099755756,2.4399118736174
-48.6373901367188,-0.983313031948839,2.46277206797951
-48.4466552734375,-0.59454948836423,3.12530340896317
-48.2559204101563,-2.36221987242992,2.49323935483242
-48.065185546875,-1.06479995647583,1.45362848288352
-47.8744506835938,0.206724093269964,2.86783289356145
-47.6837158203125,-0.149470135397599,1.53878813411487
-47.4929809570313,-1.16404434001329,2.93751044691094
-47.30224609375,-1.10145019999917,3.28953752525087
-47.1115112304688,-1.30420184824082,1.53202315150747
-46.9207763671875,-1.33348009469314,4.17871556889563
-46.7300415039063,-1.65524287011457,1.92845862826483
-46.539306640625,-0.636432453186256,3.4638957722178
-46.3485717773438,0.0503949301365166,2.2028368057644
-46.1578369140625,-1.14875708412476,2.61860234337101
-45.9671020507813,-0.207600419200528,3.34260559502208
-45.7763671875,-0.99764851077604,3.50566156220973
-45.5856323242188,-2.39614610631057,3.92504947360906
-45.3948974609375,-1.56122519543879,2.43195134849335
-45.2041625976563,-0.871501934818529,3.30942094438293
-45.013427734375,-0.142700361053632,3.83655249796457
-44.8226928710938,-1.85264717087814,3.75295818867001
-44.6319580078125,-0.166186866396831,1.79635225566295
-44.4412231445313,-0.497534020994803,3.08097868496754
-44.25048828125,1.61523637019596,2.3012098963609
-44.0597534179688,-0.138781455331277,5.87866585536092
-43.8690185546875,-0.704193468509482,3.49244352170521
-43.6782836914063,-0.884858068984444,3.5657843774018
-43.487548828125,-0.0546619794319164,2.09677256708035
-43.2968139648438,1.59029058560118,4.32697297205941
-43.1060791015625,0.0697066654814702,2.82151448885791
-42.9153442382813,-0.290164842463614,3.20860813765565
-42.724609375,-1.05134407469915,2.83899548981198
-42.5338745117188,-1.50952270382629,3.7295201915942
-42.3431396484375,-0.301281730660263,4.77697753482992
-42.1524047851563,0.230702708068023,1.37084766866698
-41.961669921875,-0.35342630557917,5.21059791154893
-41.7709350585938,0.0841810702735661,3.86605945617145
-41.5802001953125,-2.02766953734053,4.36903078090037
-41.3894653320313,0.667388199139276,2.29115106317018
-41.19873046875,-1.38512719072104,4.61132069847141
-41.0079956054688,0.125744614718449,2.29826508210045
-40.8172607421875,0.647972035543365,2.78344329862376
-40.6265258789063,-0.435975385261068,3.2053281332675
-40.435791015625,-0.680469926852976,3.21836246581235
-40.2450561523438,0.209653869904386,3.2747678193311
-40.0543212890625,-2.90379729764066,4.66318579516476
-39.8635864257813,-0.622834071209418,4.42528617452844
-39.6728515625,-1.0021671507127,3.47219173884307
-39.4821166992188,-0.557990992945498,2.80289523968387
-39.2913818359375,-0.983804523172567,2.99575818925528
-39.1006469726563,-0.778847803162458,4.70305496674392
-38.909912109375,-2.05816274811309,2.69588955220893
-38.7191772460938,1.30390003727341,4.36202211536635
-38.5284423828125,0.0756712389660888,4.56842054046497
-38.3377075195313,0.710795628886724,2.40547074769006
-38.14697265625,-1.05748971639421,2.6512984651606
-37.9562377929688,-0.273396403013009,3.54419399999521
-37.7655029296875,-2.23155620579167,2.16323537163725
-37.5747680664063,-0.357736627742297,5.90302427209717
-37.384033203125,-0.535995442570613,3.15762532346674
-37.1932983398438,0.532064094045473,1.64648639536155
-37.0025634765625,0.475868070094658,4.14334957146341
-36.8118286132813,-0.931266480689959,4.22938470558469
-36.62109375,-1.37413888305461,4.36865496394048
-36.4303588867188,-0.428080119282912,3.2888818135313
-36.2396240234375,-0.891496006025913,3.10308030341628
-36.0488891601563,-1.30665133217443,3.1706265692457
-35.858154296875,-0.0433242435465395,2.71673511994184
-35.6674194335938,-1.37973579531098,2.70194023175602
-35.4766845703125,-1.42290874599593,4.15041496921107
-35.2859497070313,-0.626070722592607,3.54414047928274
-35.09521484375,-1.91921414253923,4.23984799740759
-34.9044799804688,-0.476504661067307,4.7796315931895
-34.7137451171875,0.426645002833754,4.21168959724244
-34.5230102539063,0.89694986802272,4.32103931985109
-34.332275390625,-1.54915864106459,3.99050317530977
-34.1415405273438,0.589906958689593,3.78993787696042
-33.9508056640625,0.329542447730775,2.6291318402572
-33.7600708007813,-0.150955311411644,2.46255267416588
-33.5693359375,0.140261991375556,4.07393287418398
-33.3786010742188,-0.589352801953586,4.95963596701571
-33.1878662109375,-0.417547168213594,4.18783805526568
-32.9971313476563,0.454066083509808,3.62246442783181
-32.806396484375,-0.45400310898962,4.91003307810059
-32.6156616210938,-1.70767896940209,3.79945790079676
-32.4249267578125,-2.21102719463466,4.35917856187265
-32.2341918945313,-2.56984081218333,4.12309981532875
-32.04345703125,-1.47493209123838,4.8642182497892
-31.8527221679688,-1.39272330779937,4.94724055744582
-31.6619873046875,-0.684274844302259,5.03625915618775
-31.4712524414063,-0.510882592222945,5.05669255959173
-31.280517578125,0.777796600724137,3.9399441173593
-31.0897827148438,-1.23756459264642,5.1225717177543
-30.8990478515625,0.14596710374916,5.35836524017929
-30.7083129882813,0.110071504115051,4.22297538622214
-30.517578125,-0.550068186152959,3.91737304677608
-30.3268432617188,-0.615888436210479,4.86129827067174
-30.1361083984375,0.697199436618088,4.41285247040825
-29.9453735351563,1.17039254166954,3.6862877282635
-29.754638671875,-1.02808452158521,2.75037004170951
-29.5639038085938,-0.946560461013097,3.95116152382523
-29.3731689453125,-2.57811020896148,5.12554677212792
-29.1824340820313,0.0200567390199502,4.05772637669396
-28.99169921875,-0.284820610003026,4.00966139916923
-28.8009643554688,-0.353340142490132,5.02318118752674
-28.6102294921875,0.745145131442635,4.91826629559341
-28.4194946289063,-0.827915923138497,5.68920686448617
-28.228759765625,-1.57524344341445,4.76246027030816
-28.0380249023438,-0.17741667215726,4.47972278495079
-27.8472900390625,-0.812019082062073,4.87584555724224
-27.6565551757813,-0.704925343460871,5.25296664151929
-27.4658203125,-3.85251902423025,5.6601603501955
-27.2750854492188,-0.251262397888219,3.98407283009163
-27.0843505859375,0.185272468463681,6.27045165482033
-26.8936157226563,-1.58505105072028,4.09346440860146
-26.702880859375,-0.815566712098348,5.00613509317494
-26.5121459960938,-1.57321550721262,5.4582425271511
-26.3214111328125,-0.96117688107822,5.95722457401935
-26.1306762695313,-1.43457304601216,4.43863563530226
-25.93994140625,-0.807907538675058,7.0327414398258
-25.7492065429688,0.507955061133384,6.28109924417594
-25.5584716796875,-0.563637451752337,6.55784243191326
-25.3677368164063,-0.208307481042255,5.90121149255161
-25.177001953125,-0.660158977151628,6.69367602800394
-24.9862670898438,-1.06676076281267,4.98117954609667
-24.7955322265625,0.211717948598154,6.68887689180141
-24.6047973632813,-1.3076043629543,5.52275165612512
-24.4140625,-0.737749636382635,6.29854810067435
-24.2233276367188,-1.46499571853741,6.63293493729712
-24.0325927734375,-0.831966537353553,7.21263255392057
-23.8418579101563,1.06746814431025,6.00831881021897
-23.651123046875,1.07078252156715,6.1030780084583
-23.4603881835938,-0.433751107606144,6.39170582402843
-23.2696533203125,-0.743509790183992,7.00072225201093
-23.0789184570313,-0.148283532625442,6.22339396444389
-22.88818359375,-1.19933793925918,6.67852217047531
-22.6974487304688,-1.84243854398846,7.40371593036244
-22.5067138671875,1.47527934624435,8.63967167826809
-22.3159790039063,0.205563322059073,6.49074861035029
-22.125244140625,0.662980483417811,5.39143673850362
-21.9345092773438,0.706847175543466,6.72121006449904
-21.7437744140625,1.16600140255602,7.79947359475743
-21.5530395507813,1.34885812697028,8.82604853012495
-21.3623046875,1.01435020003201,8.03992877232711
-21.1715698242188,0.364861423191357,8.35782887981223
-20.9808349609375,0.783945540908225,10.5807294201481
-20.7901000976563,1.68155601694566,8.29567328256022
-20.599365234375,0.617234290181668,8.97418358565178
-20.4086303710938,1.35333742343266,7.97080682702032
-20.2178955078125,1.14803929156521,8.55822559341221
-20.0271606445313,1.225898613543,8.98282262253423
-19.83642578125,2.49253455782319,8.28687553779697
-19.6456909179688,3.00385755963547,8.75617524790258
-19.4549560546875,3.39158427671703,9.00232019204291
-19.2642211914063,3.05881256622316,9.2192918701938
-19.073486328125,2.36950676588173,10.1999727991193
-18.8827514648438,2.83562213150075,7.9256562195556
-18.6920166015625,1.64061272272324,9.68985423335919
-18.5012817382813,3.23727103494203,10.4206619082621
-18.310546875,4.23272273752045,8.1417642877703
-18.1198120117188,2.9381049268219,8.60941164108813
-17.9290771484375,3.24118172966627,7.63328134929687
-17.7383422851563,3.69016282759076,9.22186340366617
-17.547607421875,3.26018557740257,8.74101751526119
-17.3568725585938,3.39487885268035,8.75256582148233
-17.1661376953125,4.42802726472351,9.65289939201462
-16.9754028320313,3.32009178356835,7.73741108069912
-16.78466796875,4.31933452859235,9.99488745879243
-16.5939331054688,4.01713793779957,8.7979774879564
-16.4031982421875,4.69734520074526,8.38848901626272
-16.2124633789063,6.44133890444364,8.6008576133991
-16.021728515625,5.82174053512714,7.24927059329147
-15.8309936523438,4.32862628191703,8.67291252326032
-15.6402587890625,7.00239690086992,7.50450028266119
-15.4495239257813,4.58831446996698,8.96673963210756
-15.2587890625,4.20421558149028,6.31813577245913
-15.0680541992188,6.66372584712813,7.96944548234234
-14.8773193359375,4.49353081725864,7.00831312833092
-14.6865844726563,4.00711916928003,7.24163892666426
-14.495849609375,5.54519907350428,8.15452886410002
-14.3051147460938,5.45533832004821,6.9332075864431
-14.1143798828125,6.15968790906097,7.90672632586828
-13.9236450195313,4.53972306626505,7.53694830215632
-13.73291015625,5.47892743466368,8.60541298827068
-13.5421752929688,4.82805601788511,8.31346850800373
-13.3514404296875,3.98616607620041,6.94925437366428
-13.1607055664063,5.50884340003302,6.32801732251879
-12.969970703125,5.57641761551346,7.91333334332501
-12.7792358398438,5.59593052639754,6.00565196202552
-12.5885009765625,4.94048103600111,7.46458977325593
-12.3977661132813,6.63593151549595,7.63786623660036
-12.20703125,6.61769007820877,8.21572266775688
-12.0162963867188,6.07442248471579,6.93749476403305
-11.8255615234375,5.39159794832506,8.42619714504369
-11.6348266601563,5.66028286029009,8.01720191997393
-11.444091796875,6.35398688567381,9.96706824420526
-11.2533569335938,7.20787474643301,8.66256019253015
-11.0626220703125,6.44769816084184,8.02649150915341
-10.8718872070313,6.55381195628462,7.56672166785728
-10.68115234375,8.9331520790985,8.5195443494935
-10.4904174804688,8.20035439871673,7.70690744612114
-10.2996826171875,10.1269855851055,7.59720384299447
-10.1089477539063,8.11471126982682,8.51021933365356
-9.918212890625,10.6473567233927,6.97689929431523
-9.72747802734375,8.99803200218385,8.91040077586209
-9.5367431640625,7.66399747544706,7.98392289416699
-9.34600830078125,8.40716745706111,7.59198096072546
-9.1552734375,11.0946531171036,7.61922929962502
-8.96453857421875,11.2328675668493,6.4248662336191
-8.7738037109375,10.3779729562057,7.20694904451517
-8.58306884765625,9.99262318146035,5.63571509758143
-8.392333984375,12.0178014595108,5.74006428888716
-8.20159912109375,12.4802394235797,6.26897489740767
-8.0108642578125,11.769877625132,4.75739572625614
-7.82012939453125,11.5706909932394,5.50020630517696
-7.62939453125,12.0081175351324,3.86838971200832
-7.43865966796875,11.7099479713827,5.06212810060472
-7.2479248046875,12.3431633129011,5.02687069019855
-7.05718994140625,11.7813038946439,3.1281594956014
-6.866455078125,11.3021789260386,4.6812738157773
-6.67572021484375,11.2301708386895,2.2560483271597
-6.4849853515625,9.11215459731298,2.84503465005196
-6.29425048828125,12.2230414405134,2.24482690997833
-6.103515625,12.5008408151962,0.505470850443811
-5.91278076171875,11.0112927037041,2.57838014476094
-5.7220458984375,10.9569866180883,1.20453055250022
-5.53131103515625,9.50568735599262,1.18418838613339
-5.340576171875,11.9029574454877,0.561736262793969
-5.14984130859375,10.3421570014791,0.711238617314575
-4.9591064453125,10.8873230156645,1.14690766082483
-4.76837158203125,10.1862748618699,0.226724315351012
-4.57763671875,10.907546062396,2.21151079397742
-4.38690185546875,9.50977639668106,2.35792119607419
-4.1961669921875,8.6301608069076,1.31709184426891
-4.00543212890625,9.63427792676039,1.67186129802654
-3.814697265625,9.40915586210584,-0.260475605365532
-3.62396240234375,9.77123119266276,1.18733932934823
-3.4332275390625,9.47630933167622,0.357473863302171
-3.24249267578125,9.45306817011995,-0.0448566650917692
-3.0517578125,8.74918913200753,1.32659480320584
-2.86102294921875,9.61305091494593,0.8162361470886
-2.6702880859375,8.24722353564368,0.772072116827921
-2.47955322265625,8.59395539201715,2.4397703596238
-2.288818359375,8.20765752768102,1.29887404300183
-2.09808349609375,9.63123193533183,2.73152517672908
-1.9073486328125,8.59113228645476,0.981613620893901
-1.71661376953125,10.5766755499099,2.22956629612626
-1.52587890625,9.95668778703121,0.572386408609561
-1.33514404296875,8.95708102875243,1.13407672305667
-1.1444091796875,10.7124361366711,0.740052303449623
-0.95367431640625,9.89464822429137,1.36115533628431
-0.762939453125,10.8086667105607,2.43715651372857
-0.57220458984375,11.2384367468573,0.33856645931902
-0.3814697265625,9.77461657345325,1.25281141432883
-0.19073486328125,12.3043790544987,-0.482864171248746
0,12.0890838982571,-0.704593665445064
0.19073486328125,11.0286821597313,1.371756479128
0.3814697265625,10.7227559589146,0.135138064653835
0.57220458984375,12.0209212793737,-0.550855035203727
0.762939453125,10.8966152621812,-2.36831856977698
0.95367431640625,11.031778453671,-2.58637747368221
1.1444091796875,10.2811721079841,-1.16760152787707
1.33514404296875,9.22538669369939,-1.32256250262015
1.52587890625,11.2499315731397,-1.9585708044023
1.71661376953125,11.7761174982732,-2.4180636434714
1.9073486328125,11.4517939578244,-3.12154997745181
2.09808349609375,11.169361340467,-3.51606299138262
2.288818359375,11.4133769720917,-4.30461614663092
2.47955322265625,11.0090632954134,-3.86843595849055
2.6702880859375,10.1446578256977,-5.33844164874431
2.86102294921875,12.2233545139419,-4.20917368622841
3.0517578125,10.466093462836,-5.76158712998177
3.24249267578125,9.36469099722812,-6.12653709317798
3.4332275390625,9.81096055913857,-5.44121080874887
3.62396240234375,8.93768723341585,-7.23717143772319
3.814697265625,8.73544131827613,-5.27218901848824
4.00543212890625,9.69974428970244,-5.54375576822415
4.1961669921875,8.60311981739607,-5.51519531261897
4.38690185546875,8.50317356994024,-7.62797433307833
4.57763671875,7.38543370550637,-7.01945627005977
4.76837158203125,8.81936716058705,-6.36466897560405
4.9591064453125,7.00631382133928,-5.94258379234271
5.14984130859375,7.93104138565404,-6.32232157056528
5.340576171875,5.84018665143332,-8.63186317314386
5.53131103515625,6.43257465196281,-5.8118131920355
5.7220458984375,6.97780738467319,-7.49924653120144
5.91278076171875,5.69058491064062,-6.91561402054816
6.103515625,4.65852783018571,-6.31151408619009
6.29425048828125,3.94265880217098,-5.0049190589677
6.4849853515625,3.64369387680732,-7.65252003672797
6.67572021484375,4.42154507868294,-5.90834446822959
6.866455078125,3.90899605711454,-6.36434748501583
7.05718994140625,1.82195174384709,-5.95408977404448
7.2479248046875,4.0249306376918,-6.1655459117356
7.43865966796875,2.86105131311803,-6.84585354258273
7.62939453125,4.87282356913038,-5.77515352233167
7.82012939453125,3.59420861327426,-5.35247342795209
8.0108642578125,2.22591494613536,-5.7038597789227
8.20159912109375,2.25106853393112,-6.1590446652562
8.392333984375,2.04885512355689,-6.06484716805015
8.58306884765625,2.21496532547038,-5.05047233187279
8.7738037109375,1.24717025078699,-4.27241446339217
8.96453857421875,1.5817659946608,-5.72536388702616
9.1552734375,-0.255543527580009,-2.63977845961211
9.34600830078125,1.17044270087669,-4.45065290375231
9.5367431640625,1.22610350250754,-5.33418939750186
9.72747802734375,3.22607710509465,-3.55258140339843
9.918212890625,0.951988288681325,-2.95728875143899
10.1089477539063,3.03044188190699,-1.05095579574896
10.2996826171875,1.89466970605658,-3.18651539106583
10.4904174804688,0.505786138752384,-1.32239424793925
10.68115234375,2.70973421822557,-2.64891945256344
10.8718872070313,1.28194195925457,-0.533472426688424
11.0626220703125,2.65400013916435,-1.58144513695661
11.2533569335938,0.400283147664061,-2.35347137264153
11.444091796875,2.08128784473932,-1.78184785896211
11.6348266601563,1.40249759741703,-0.999715345843783
11.8255615234375,3.03164447803105,-0.174322730257736
12.0162963867188,1.13188927461315,-1.27752414863768
12.20703125,1.99805162131013,-0.274723987591735
12.3977661132813,2.44197571187636,-1.55652473913266
12.5885009765625,4.02739409906653,0.756082566063047
12.7792358398438,2.64610232551963,-1.86736608677956
12.969970703125,3.28193643149468,-0.921092427230324
13.1607055664063,4.12705239415591,-1.15725242111825
13.3514404296875,3.60632415303974,0.650340334850718
13.5421752929688,6.1602251389955,-0.86714534355714
13.73291015625,4.60652297454402,1.04148705571346
13.9236450195313,3.17936045619624,-1.1737529651192
14.1143798828125,5.5200109502949,0.449864017988862
14.3051147460938,4.95943803797183,0.272423120561235
14.495849609375,5.4544971957543,-0.836601189237458
14.6865844726563,6.0928297120989,-1.42031452440565
14.8773193359375,5.76012398671502,-0.553196787258829
15.0680541992188,7.73082723427976,-2.92262003251587
15.2587890625,5.88344381456624,-1.50809279228035
15.4495239257813,5.54058455560373,-2.25109009900165
15.6402587890625,5.27919488119543,-3.45943631869672
15.8309936523438,6.71522973813491,-2.34692537593233
16.021728515625,5.53351998696806,-0.415233332233725
16.2124633789063,5.69866915969278,-1.93659988347612
16.4031982421875,6.65063941895071,-2.75653535623435
16.5939331054688,5.65572850173373,-2.86744711001613
16.78466796875,4.16525098959794,-4.93464372616872
16.9754028320313,7.50484659727589,-4.29282685238837
17.1661376953125,5.79746417923363,-3.91480082600373
17.3568725585938,4.83312308096051,-4.58599505143415
17.547607421875,4.50561507655201,-4.4565957526553
17.7383422851563,5.39805143616504,-4.45087049330083
17.9290771484375,5.79116453398883,-4.2560292137118
18.1198120117188,3.36557200434819,-5.07107603156198
18.310546875,5.47437326231726,-4.30705033447268
18.5012817382813,4.64599691267573,-6.24559543811528
18.6920166015625,3.92155895399635,-5.08358049911225
18.8827514648438,4.4338010983072,-6.63023793989537
19.073486328125,5.99195195850023,-6.29414591706812
19.2642211914063,3.70115762903539,-5.73101937593964
19.4549560546875,3.34115234723256,-6.60384630131473
19.6456909179688,3.37021531750894,-5.96647090720966
19.83642578125,3.41211130453733,-5.15401785871467
20.0271606445313,2.61113191405826,-5.69174552624171
20.2178955078125,3.2451818263075,-5.15140770391674
20.4086303710938,3.06833596332331,-7.07893750412857
20.599365234375,3.54940855557955,-6.54008686683184
20.7901000976563,2.62305873560885,-5.24920373723676
20.9808349609375,2.9346998026315,-5.6774166825335
21.1715698242188,3.14602834063437,-6.24116448037246
21.3623046875,1.68491930208877,-4.86275768225376
21.5530395507813,2.73602515953188,-4.66935647143704
21.7437744140625,1.64846500696861,-6.40879637780446
21.9345092773438,-0.344160332097332,-7.00507919594062
22.125244140625,1.16110929886156,-5.4676965302988
22.3159790039063,1.55467920173633,-4.54534643814736
22.5067138671875,0.669778186171772,-3.62252277182424
22.6974487304688,1.004641430051,-5.31819059975474
22.88818359375,-0.196002126245638,-5.47037002565843
23.0789184570313,0.606430351556524,-6.29286910295251
23.2696533203125,1.96817259056604,-5.28424826612621
23.4603881835938,-0.172894709684186,-6.05068911014802
23.651123046875,0.720955710582965,-1.88840257605497
23.8418579101563,-0.0937887661285896,-3.94323037632768
24.0325927734375,0.388029941731937,-4.7102142173666
24.2233276367188,0.32089631907113,-3.32698464137587
24.4140625,-0.368253989845772,-3.71056364329983
24.6047973632813,0.38289232100936,-4.07126762758004
24.7955322265625,0.208887774267046,-4.49656726342443
24.9862670898438,0.566642782653634,-3.32185679133741
25.177001953125,0.203758856204943,-4.30479080988564
25.3677368164063,-0.223892737261448,-2.96363190414813
25.5584716796875,-0.025210176435558,-3.14134111821346
25.7492065429688,-0.970940942651958,-3.79662778315396
25.93994140625,0.491733026426749,-2.48803316729597
26.1306762695313,-1.14143345611165,-1.58070243558715
26.3214111328125,-1.65782669966673,-2.82176058487063
26.5121459960938,0.204329990265252,-2.60912354755095
26.702880859375,0.926734113154131,-2.00069288066114
26.8936157226563,0.574253531462056,-2.8856285157696
27.0843505859375,-0.9412875106154,-3.44916615125856
27.2750854492188,0.118818618542023,-1.53468804052134
27.4658203125,0.184024496047067,-2.46720386778005
27.6565551757813,-1.45510377995828,-2.12202731228595
27.8472900390625,0.230133992527693,-1.67010626591726
28.0380249023438,-0.909105644145554,-1.46932083273211
28.228759765625,-0.102949546837906,-2.73163866816086
28.4194946289063,0.806054746150848,-2.03144303945651
28.6102294921875,-0.411232582812234,-1.96767141586612
28.8009643554688,0.309602978113317,-2.70048580077421
28.99169921875,0.701215490443445,-1.68090964773931
29.1824340820313,0.492546148353903,-1.92412420045848
29.3731689453125,0.134753403166289,-2.51611384613133
29.5639038085938,0.705732125644278,-1.56539637033577
29.754638671875,0.863619164886025,-1.93006295592514
29.9453735351563,-0.898955287563621,-1.71250947846994
30.1361083984375,-1.07432021706154,-1.53044420639366
30.3268432617188,1.55127956599213,-0.310965506821505
30.517578125,0.530627690663325,-2.3259668180333
30.7083129882813,2.04728586085489,-0.114541096596105
30.8990478515625,1.28372193695503,0.11037625027197
31.0897827148438,0.566921589507915,-1.58941492013656
31.280517578125,1.00108897963795,-0.942103560271446
31.4712524414063,-0.16681457231377,-1.0087949790945
31.6619873046875,1.50457520911218,-0.588993195418363
31.8527221679688,2.56913682263948,-2.23773080837867
32.04345703125,1.72499280955617,-1.79600904997734
32.2341918945313,1.07853702908352,0.569473600253698
32.4249267578125,2.58590639140857,-1.41795214975926
32.6156616210938,1.65913285602696,-1.41331055224242
32.806396484375,3.24713928987139,-1.57480087513758
32.9971313476563,1.56336921867515,-2.40281075689147
33.1878662109375,2.66715772957516,-2.33217637567004
33.3786010742188,1.91537582183321,-1.41299014057312
33.5693359375,2.04591765795753,-2.17523350478275
33.7600708007813,0.115289369848034,-1.60231828038287
33.9508056640625,0.552177954431682,-3.14150135056391
34.1415405273438,3.59192820182159,-1.52522104032419
34.332275390625,2.49923116748264,-1.99851197264933
34.5230102539063,2.8558590912819,-0.327563682637427
34.7137451171875,1.83102192335646,-2.68901494029903
34.9044799804688,4.17047918973501,-2.01216135845843
35.09521484375,1.51203893723517,-3.34899191876024
35.2859497070313,2.80290809775233,-4.4575375650827
35.4766845703125,2.13822059974127,-3.81920421883513
35.6674194335938,0.771522467935864,-3.47591968296897
35.858154296875,2.55379210104955,-3.87656232469948
36.0488891601563,3.43137348853672,-3.24145612268269
36.2396240234375,1.57174820485437,-3.1940687838102
36.4303588867188,2.06845700286002,-3.71177037409455
36.62109375,1.20323656112374,-2.05727252693685
36.8118286132813,1.3644370268088,-4.46029379618587
37.0025634765625,0.352767240807428,-4.48844681892695
37.1932983398438,0.212461622413251,-2.73255254385955
37.384033203125,0.618050593390004,-3.99685607783955
37.5747680664063,2.07292791034082,-3.03047569933555
37.7655029296875,1.67856249810579,-5.87075061665719
37.9562377929688,0.78626702756884,-3.74771766169765
38.14697265625,1.55070797727109,-4.00612771179912
38.3377075195313,-0.71764214161278,-4.96126867945844
38.5284423828125,0.720979927941613,-3.70978553998755
38.7191772460938,0.38050880872539,-3.669100715857
38.909912109375,1.05945513800542,-4.60786757023671
39.1006469726563,0.130880961802137,-4.49993749956282
39.2913818359375,0.157865655919036,-3.70688361004631
39.4821166992188,1.12790135374849,-1.58447650111158
39.6728515625,0.18363884593079,-2.25244393020701
39.8635864257813,-1.30526959869914,-4.24512582683763
40.0543212890625,1.90741258943175,-3.53130572166405
40.2450561523438,-1.39620824454838,-3.61219746232526
40.435791015625,0.387393756907722,-3.45394006340399
40.6265258789063,-1.05356724135377,-3.05645999553323
40.8172607421875,0.717201317035984,-3.24109173472962
41.0079956054688,-0.0716951987397786,-1.79609384944539
41.19873046875,-1.73928095228272,-4.19582010969995
41.3894653320313,0.0719303041956301,-1.04973088425496
41.5802001953125,-0.32214659630462,-2.75744906835087
41.7709350585938,-0.893129906788914,-1.93858040554723
41.961669921875,-1.11185069592205,-2.31827902767345
42.1524047851563,-0.382300519248468,-2.69920028830414
42.3431396484375,-0.29873081211816,-3.29282169008104
42.5338745117188,0.496275399263442,-1.54663666616208
42.724609375,-1.18458476710947,-2.22478470915564
42.9153442382813,-1.16283573687654,-3.63748761947564
43.1060791015625,0.0184683562681512,-2.84889596438472
43.2968139648438,0.506196536092117,-2.36275592003639
43.487548828125,-2.05628710472079,-2.42863846219123
43.6782836914063,-0.682386607102281,-2.80457155483007
43.8690185546875,-0.297141658186247,-2.09314172287107
44.0597534179688,-1.59220445703187,-2.66544995535109
44.25048828125,1.0122113506553,-0.227781870695135
44.4412231445313,-0.238798261996894,-3.34279430082862
44.6319580078125,-0.561462706363845,-2.65788083318992
44.8226928710938,0.130524720535026,-2.23863678303067
45.013427734375,-1.4198541855208,-2.31577591090319
45.2041625976563,-0.567779916544155,-2.06670297193349
45.3948974609375,0.175455871763946,-1.97475773831043
45.5856323242188,-1.41124538179595,-2.23902055005906
45.7763671875,-1.46671368190905,-3.29559635321546
45.9671020507813,-2.11841948684032,-2.65046180518815
46.1578369140625,-1.40788276229182,-1.5279587229408
46.3485717773438,-1.79328618599625,-1.01258312620992
46.539306640625,-1.53091648735086,-3.51518324649666
46.7300415039063,-0.00213580553245314,-1.93617045821425
46.9207763671875,0.353831559040704,-2.99904777806644
47.1115112304688,-1.8712855703918,-1.97134206961041
47.30224609375,-0.943843274083082,-0.672670675606211
47.4929809570313,-0.208977763762804,-0.855895601909467
47.6837158203125,-1.0335674449714,-1.75371919622075
47.8744506835938,-0.886948012827688,-0.782478714312801
48.065185546875,-0.522297767640532,-1.35647336802245
48.2559204101563,-0.983648519585527,-1.3258201884049
48.4466552734375,-0.102707241642237,-3.13649858465485
48.6373901367188,-1.12925832075864,-1.58771570885051
48.828125,-1.60446478551832,-2.34921754166228
49.0188598632813,-1.17598959327297,-2.30365238782991
49.2095947265625,-0.318189911247472,-1.7178469875909
49.4003295898438,-1.15644929165,-0.0141428774334684
49.591064453125,-0.808950090565302,-0.844020767264739
49.7817993164063,-1.80027525801954,-2.11220808199601
49.9725341796875,-0.00461005059308634,-1.99934638850661
50.1632690429688,-2.16352502018677,-2.72094340441586
50.35400390625,-0.388282053018555,-2.24491417483912
50.5447387695313,-1.91895654937444,-1.22631366572037
50.7354736328125,-0.665113168706008,-2.45013812835214
50.9262084960938,-0.819875925823851,-1.81865155892006
51.116943359375,-1.27464456222225,-1.05623604414144
51.3076782226563,-2.34664346546985,-2.3487915071327
51.4984130859375,-1.49838442662584,-2.0677890179327
51.6891479492188,1.55004851591838,-1.69092965484673
51.8798828125,-2.12761858610821,-1.76199786340028
52.0706176757813,-0.245160628429328,-0.949310104950157
52.2613525390625,-1.45445395653379,-0.0745696099477841
52.4520874023438,-1.29802469225945,-2.59817052552648
52.642822265625,-1.19044703200008,-1.36177416376338
52.8335571289063,-1.78754515036926,-0.640512695266871
53.0242919921875,-1.16022562734156,-1.12442713242812
53.2150268554688,-0.090941776003132,-1.59975179049016
53.40576171875,-0.0963417066346464,-0.927256547879317
53.5964965820313,-0.744179069418896,-0.0220719229608572
53.7872314453125,-0.309718193847179,-2.99751256575471
53.9779663085938,-1.27472388993015,-0.411612983794396
54.168701171875,0.0652730722831442,-2.66255210537494
54.3594360351563,-0.324762095839935,-3.15130686436964
54.5501708984375,-0.303690246208799,-0.00904954494477969
54.7409057617188,-1.56739983645309,-0.291677235554642
54.931640625,-0.464284435692252,-0.323124005042752
55.1223754882813,-1.00146911784391,0.405916165219995
55.3131103515625,-1.98186518267417,-1.44783743430728
55.5038452148438,-1.57297692454918,-0.484281295340541
55.694580078125,-1.54485581013609,-0.644220975035268
55.8853149414063,-1.10731373308466,-0.439850242906701
56.0760498046875,-0.300677765677782,-1.61328298138283
56.2667846679688,-0.472745674130092,-0.402230889796462
56.45751953125,-0.484528185113875,0.310582958495653
56.6482543945313,-1.07790849801193,-2.19200913233013
56.8389892578125,-1.3450125776687,-1.9145165282871
57.0297241210938,0.0728501031763003,-1.87107856097842
57.220458984375,0.15871856943288,0.540607782054992
57.4111938476563,0.792871277640665,-1.92818114179598
57.6019287109375,0.171245335636001,-2.91151036664318
57.7926635742188,-2.19226206563644,0.200147875577509
57.9833984375,-1.54407196278983,-0.140540329388498
58.1741333007813,0.0908421854589607,-1.40310263007687
58.3648681640625,-1.12325843056933,-1.24173552141065
58.5556030273438,-0.14264342971383,0.43412502852517
58.746337890625,-0.421148010731771,-2.00314353684037
58.9370727539063,-0.00300908061563134,0.0683672058326996
59.1278076171875,-0.986937655479989,-0.946724567682091
59.3185424804688,-0.905126725606004,-0.377397906040462
59.50927734375,-2.36130505994056,-1.04099654884684
59.7000122070313,0.370283817944522,-1.5137919176498
59.8907470703125,-0.346516972007194,-0.674187084658644
60.0814819335938,-0.460724296074069,0.555668673310953
60.272216796875,-0.0245879612528469,0.0668092097800305
60.4629516601563,-1.27592369768183,-1.17663556783558
60.6536865234375,-0.539072171634549,-1.29299721950936
60.8444213867188,-0.136734696186228,-0.766205620399465
61.03515625,-0.326783707821494,-0.420066288965249
61.2258911132813,-1.4708744318912,-1.12338538527461
61.4166259765625,-1.05148673474937,-0.069102108600966
61.6073608398438,-2.3611979060061,-0.719682942808965
61.798095703125,-1.79364008892834,-1.76701359060628
61.9888305664063,-1.88183607119577,0.332372365271929
62.1795654296875,-0.755596721213834,0.838776946994185
62.3703002929688,-0.378030544240952,-0.0266701429494723
62.56103515625,-0.538291211707885,-0.470432566486167
62.7517700195313,-0.689707772451274,-0.130985528665962
62.9425048828125,-0.417397243013216,-0.692944632263214
63.1332397460938,-1.3852739280933,0.0893146660243015
63.323974609375,-1.54568227821476,-1.22342916172324
63.5147094726563,-0.548664999441134,-0.121252147134471
63.7054443359375,-0.700999954907965,0.0755694489109351
63.8961791992188,-0.732506481945917,-0.0507838683921985
64.0869140625,-1.34384309383259,-0.541356182552882
64.2776489257813,-1.35627585987478,0.206553389054625
64.4683837890625,-0.61777382231203,-0.566090909804145
64.6591186523438,-1.42394274229337,-2.05492493104941
64.849853515625,-1.17143846360825,-0.9310013045582
65.0405883789063,-3.20878216554686,0.737644722173819
65.2313232421875,-1.47154085751692,0.285812864607612
65.4220581054688,1.11872333214785,-0.601680714069168
65.61279296875,0.103978555907704,-0.111692228510741
65.8035278320313,-2.64923212058937,-0.675992694309531
65.9942626953125,-0.315783798350259,1.00363392155224
66.1849975585938,-1.39735818627702,-0.586838552329604
66.375732421875,-0.712776841989325,-1.4937014063771
66.5664672851563,-0.574181582833924,-1.94878684872885
66.7572021484375,-0.786192260101989,-0.582579602049155
66.9479370117188,0.990202332964577,0.600074443316613
67.138671875,-0.937968400494001,-1.42729761172328
67.3294067382813,-0.518753256824343,-0.830834885633619
67.5201416015625,-0.204174496371142,-0.588375340840237
67.7108764648438,-1.82678037851643,0.328513539662148
67.901611328125,-0.632110005125656,-1.61068904627679
68.0923461914063,-0.659819884076179,-0.462679054630337
68.2830810546875,-0.899616621499709,-0.258354075137471
68.4738159179688,-0.0959342084333129,-0.487696647284015
68.66455078125,-1.31428325185733,-1.28034849579353
68.8552856445313,-0.892320198862488,-0.20290912478138
69.0460205078125,1.10624371404973,0.113379274484937
69.2367553710938,-1.8667033795093,-0.371505432034904
69.427490234375,0.754347905952775,-1.55038031365432
69.6182250976563,0.01904550028712,-0.633078283717953
69.8089599609375,-1.21446524944909,-0.286883635596572
69.9996948242188,-1.03058295807923,-0.757743751449792
70.1904296875,-0.469976982678526,1.10406149129948
70.3811645507813,-1.08705247746488,-0.365161052920272
70.5718994140625,0.213443059961679,0.815786806790089
70.7626342773438,-1.22276038318604,-0.288728596363861
70.953369140625,-1.96147582106542,-0.428042249746101
71.1441040039063,-1.528175143573,0.598761718608319
71.3348388671875,-0.610567747936732,-0.895029539823489
71.5255737304688,-0.435676296163155,-0.609245406859715
71.71630859375,-1.49171427049478,-0.407215377984709
71.9070434570313,-1.41415262017694,0.672401628399208
72.0977783203125,0.14660189021493,-0.542831956486602
72.2885131835938,0.0583819471745069,-0.592961208962404
72.479248046875,0.727958234108062,0.0408332447989409
72.6699829101563,0.0974749331619974,-1.05847926651942
72.8607177734375,-0.0215921787086462,0.806401600729118
73.0514526367188,-0.310991314698533,0.50609801408065
73.2421875,-0.326287788797885,-0.218390834233844
73.4329223632813,0.778903618937587,0.217495450523828
73.6236572265625,-0.596652895941825,1.19209713188982
73.8143920898438,-1.24600548572868,0.0917911167297139
74.005126953125,-2.1199867300197,-0.768883492567416
74.1958618164063,-0.44821971168076,-1.29451711070542
74.3865966796875,-1.61435678077352,-0.624201688184986
74.5773315429688,-1.00336141359232,-0.134701753699714
74.76806640625,-0.813365209810831,-1.21377135730417
74.9588012695313,-1.49751665253709,0.173862422910892
75.1495361328125,-2.66716112222764,0.271334024323841
75.3402709960938,-0.690132073310593,0.289569565749296
75.531005859375,-0.0403499871701431,1.34668322263926
75.7217407226563,-0.871434486947207,-0.788210825572367
75.9124755859375,0.0110677056233177,-0.839059038563644
76.1032104492188,-0.698336448133312,0.441056006256437
76.2939453125,-0.138455611158707,1.41157667348879
76.4846801757813,-2.97796774262181,0.864964735852605
76.6754150390625,-2.35122318815679,0.312069149182316
76.8661499023438,-1.42045504144991,-1.13395045373824
77.056884765625,0.687776913737391,-0.111077799294378
77.2476196289063,-0.563546424491411,-0.934322609958597
77.4383544921875,-0.613880894872361,-1.12957370888158
77.6290893554688,-0.468982507916976,1.23395619834644
77.81982421875,-1.29481598880173,0.460127633033961
78.0105590820313,-1.32896102358989,0.243666943196705
78.2012939453125,-1.17735843736429,-0.484077150435688
78.3920288085938,-0.387509784544136,0.0364451463912337
78.582763671875,-1.380548886876,-0.219230868418633
78.7734985351563,-2.27258230659583,0.0378505789662369
78.9642333984375,0.446831758053694,1.21213351289693
79.1549682617188,-0.0329440961653017,-0.149703356858253
79.345703125,-0.982956463038122,-0.557172526740556
79.5364379882813,-0.494252282964486,-1.77848207011407
79.7271728515625,0.626992426376399,-1.55772793493868
79.9179077148438,-0.898692071497472,0.316260626366546
80.108642578125,-0.274746406063891,0.229456914814057
80.2993774414063,0.0354473477605364,1.64623968445845
80.4901123046875,-0.367071385010281,-0.664992254545301
80.6808471679688,0.489306735205085,0.288142515056267
80.87158203125,0.0557229897658369,0.12525774647315
81.0623168945313,-1.47463555055766,-0.214183587550279
81.2530517578125,-0.372704279623883,-1.29452499350378
81.4437866210938,0.146396211589842,0.294170643197537
81.634521484375,0.149552370770229,0.14362689148968
81.8252563476563,-0.490036888819042,1.04794051823075
82.0159912109375,-1.17702992162375,0.576793655501908
82.2067260742188,-0.0633060803738973,1.9283070088738
82.3974609375,-0.896280508658309,0.531679155559606
82.5881958007813,-1.32236587788963,0.762103976573197
82.7789306640625,0.0618165685079551,-0.424886374088109
82.9696655273438,-1.39798366424356,-0.14351318340394
83.160400390625,0.59197699538299,-1.14019840781503
83.3511352539063,-0.825897467755696,0.00453416889490593
83.5418701171875,0.559350897393812,0.195746419708507
83.7326049804688,-1.1424819862934,-1.10806675276546
83.92333984375,-0.605543780766211,2.20275326824846
84.1140747070313,-0.787930410627853,-0.118043234376705
84.3048095703125,-0.832907813223013,1.60737005889149
84.4955444335938,0.568932494552345,1.69531100068797
84.686279296875,-0.795263563054068,-0.367549195655845
84.8770141601563,-1.25383372419614,-0.780518641064202
85.0677490234375,-0.234013327157403,0.370228978261851
85.2584838867188,-1.95671374417165,-0.134463195179628
85.44921875,-1.92308815155202,1.20955999398461
85.6399536132813,-0.099334832543162,-1.38886130613192
85.8306884765625,-0.746934902398213,1.65990221625586
86.0214233398438,-1.37598262707963,0.347178875566915
86.212158203125,-0.37805130256636,0.0623205033436284
86.4028930664063,0.72199917807571,1.7998817037969
86.5936279296875,-0.19185547807786,-0.251187325268482
86.7843627929688,-1.05648622660302,0.379770337038289
86.97509765625,-0.368407701904868,-1.11286487126885
87.1658325195313,-0.780780582954991,1.4017487122348
87.3565673828125,-1.82602671047705,0.441365187023552
87.5473022460938,-0.18216895884973,-0.624657677516067
87.738037109375,0.808151236762938,0.402081274451686
87.9287719726563,1.16297244749474,0.649918644470033
88.1195068359375,-0.488993021971205,0.55607037831192
88.3102416992188,-1.45318931685993,-1.04541732784334
88.5009765625,-0.841590411608636,2.12077223707686
88.6917114257813,-1.27223235903817,0.769828906971706
88.8824462890625,-0.210413105570153,-0.510467662300508
89.0731811523438,-0.00207163770414993,1.61933065772746
89.263916015625,-0.446197232826598,0.204827346875905
89.4546508789063,-0.29698836785081,0.710579559477457
89.6453857421875,-0.500556783714993,0.0609130485666397
89.8361206054688,-1.25606049221178,-0.118966312909788
90.02685546875,-1.58262744854213,0.270670582563323
90.2175903320313,-1.92553208616787,0.17128581090731
90.4083251953125,0.455948839604733,0.387392505734582
90.5990600585938,-1.2867845359231,-1.06855775765141
90.789794921875,-2.18319756636517,1.31196572365388
90.9805297851563,-0.239045332993597,0.366602994131868
91.1712646484375,-0.624601190401427,-0.109897757705123
91.3619995117188,-2.11919010966216,0.514114763551711
91.552734375,0.234140890811613,0.813609481084746
91.7434692382813,-0.262258917733713,0.428421377956644
91.9342041015625,-0.887110660260299,-0.502664763155548
92.1249389648438,-0.837275778795594,1.80300969731141
92.315673828125,-1.98405712666393,0.282588388173169
92.5064086914063,0.149794297547647,-0.0652572933146681
92.6971435546875,-0.0524365798266535,0.778578897357615
92.8878784179688,-1.3214035548482,1.17705288336789
93.07861328125,-0.840684756815043,0.363376594662125
93.2693481445313,-0.571247905099475,1.27202119273642
93.4600830078125,-0.649497784123445,0.0714278467596318
93.6508178710938,-0.118111156961138,0.85633410394078
93.841552734375,-1.31710537150843,-1.27533987956
94.0322875976563,-1.32443690114288,1.74715897143767
94.2230224609375,-2.01660775686548,0.0862530082218568
94.4137573242188,-1.24591875077774,1.58882858149352
94.6044921875,0.132104652330067,-1.60955529832085
94.7952270507813,-1.88762162461286,0.129077994299825
94.9859619140625,-2.3800085088167,0.789499495950127
95.1766967773438,-0.747596001159558,0.185406790272128
95.367431640625,1.30653476768281,0.946727116251805
95.5581665039063,-0.283156098309686,0.313370315315874
95.7489013671875,-1.00495335507,-0.00259861816898883
95.9396362304688,0.819053539905747,0.6842433447688
96.13037109375,-1.28633045797904,1.26402009560191
96.3211059570313,-0.452862076147443,0.221789520778021
96.5118408203125,-0.562265604958984,-0.353749442765044
96.7025756835938,-0.381284777031759,0.735954876008722
96.893310546875,-0.976752155823337,0.67925874258869
97.0840454101563,-0.38413857231991,-1.40632698007307
97.2747802734375,0.312056406701956,1.49590413075599
97.4655151367188,-0.21432733824229,0.276867890324137
97.65625,-0.795324164856993,1.53479860506599
97.8469848632813,-0.735825082658132,1.07833415697324
98.0377197265625,0.200543118026443,1.5339565253066
98.2284545898438,-0.751559411734334,1.14079068239375
98.419189453125,0.390531765952734,1.35725354486059
98.6099243164063,0.0411440575163343,1.75720853248667
98.8006591796875,1.83538083386994,0.244069801933717
98.9913940429688,-0.224799811113612,-0.0267537329636901
99.18212890625,-1.23493037577153,-0.133207344075788
99.3728637695313,-0.348841267101258,0.082248557541072
99.5635986328125,-0.460316580929151,0.445831204706134
99.7543334960938,0.0952511365484022,1.1962933126119
99.945068359375,-0.943169150952809,1.22856010819908
