Fre(kHz),Re,Im
-99.945068359375,2.04160204667207,-0.862220532601623,ZeroPoint:Tj,62,0.002
-99.7543334960938,1.8763660160042,-0.567222792476621,Const.;stime,2.0420348,6.4E-07
-99.5635986328125,2.57807796954902,0.695889829956888,Fre.Range:Tau,-100:100,1.5E-05
-99.3728637695313,1.70888909441195,-0.179086569224989,FFTSize:DataSize:Firstpul,8192:8192,5E-07
-99.18212890625,-0.542593424021893,-0.778527226178129,5msF002,Freq.=141410000
-98.9913940429688,-0.0713468300803101,-0.291435152941411
-98.8006591796875,0.208922940303302,0.803670071609534
-98.6099243164063,0.659086556781575,-0.101310297465817
-98.419189453125,-0.538580804981276,-0.222432747631722
-98.2284545898438,0.883856347265768,0.402944449901671
-98.0377197265625,-0.570900179635923,-0.99542873077441
-97.8469848632813,0.476064144059537,0.466362799418536
-97.65625,0.313746306082437,0.893431211125009
-97.4655151367188,0.178920313135435,1.12915890913616
-97.2747802734375,2.45954777464869,-0.31190278735015
-97.0840454101563,0.0364712777776201,-0.166173336842684
-96.893310546875,0.561406540513321,-0.565301961868208
-96.7025756835938,-0.29227582899576,0.824586939176341
-96.5118408203125,-0.163197442795321,-0.663405399633953
-96.3211059570313,2.26896455862673,-0.0872319580939562
-96.13037109375,1.91674598806391,-0.0040543556040686
-95.9396362304688,0.633665818751237,-0.575000359519451
-95.7489013671875,1.25098970459033,0.101124503657589
-95.5581665039063,1.76660824253812,0.000794635041699583
-95.367431640625,0.311873353479865,-0.103924075205563
-95.1766967773438,2.13908665620548,-0.593480276860321
-94.9859619140625,1.10627582906281,-0.775745600686062
-94.7952270507813,1.51952271165853,2.39907737122123
-94.6044921875,1.85365159851809,-0.576243586858399
-94.4137573242188,0.16336999934918,1.27033987722029
-94.2230224609375,2.13965674931469,0.55742715981969
-94.0322875976563,1.38840882957588,0.674189528545935
-93.841552734375,1.14269729660068,-0.150479068353492
-93.6508178710938,-0.0381402443262472,0.926105173479954
-93.4600830078125,0.316758533905725,1.43199104787848
-93.2693481445313,0.239560637306599,0.927461028760604
-93.07861328125,0.121329824743261,-0.138177337126746
-92.8878784179688,0.816945884847713,-0.462809270525718
-92.6971435546875,0.163765549311147,0.0593880782108527
-92.5064086914063,-0.924117040798286,0.386705558013255
-92.315673828125,1.0685573275064,0.213552315889177
-92.1249389648438,1.75137541955735,-0.561594387526895
-91.9342041015625,1.31325015526765,0.464918540729869
-91.7434692382813,0.46154553988461,-0.161515089255583
-91.552734375,1.73933448635658,-0.0932222278571985
-91.3619995117188,2.34656851072674,-0.180114997499147
-91.1712646484375,1.87758114911902,-0.287167195064542
-90.9805297851563,0.655117660639747,-1.68535919927328
-90.789794921875,-0.305192409823223,1.582101908091
-90.5990600585938,2.13550032364466,-1.50918952786904
-90.4083251953125,-0.208567772580476,-1.68355892522895
-90.2175903320313,0.652498550227815,-0.521440145123242
-90.02685546875,0.343880183648416,1.66183315411304
-89.8361206054688,0.23032408905619,-0.551146781402356
-89.6453857421875,0.874822403442874,-0.485880765840837
-89.4546508789063,0.560207985027844,0.404741448823976
-89.263916015625,1.09492430052868,0.364152841420808
-89.0731811523438,0.321183285844737,-0.0469332387610353
-88.8824462890625,1.76462381576522,-0.671027707876622
-88.6917114257813,1.74461288793101,1.73950229580008
-88.5009765625,1.40710599193974,-0.317680269738458
-88.3102416992188,0.699811420012376,0.14819126971867
-88.1195068359375,-0.173021631186113,-0.155622785521222
-87.9287719726563,1.13618067117802,0.0786155817336439
-87.738037109375,0.612181981558849,1.12015881234978
-87.5473022460938,0.681624485034347,1.7617946606837
-87.3565673828125,1.8321087598288,-0.718054609631886
-87.1658325195313,-0.418166448455858,0.338196259367711
-86.97509765625,0.978980439208999,-0.438149750444959
-86.7843627929688,-0.0731402660565491,1.52478140849818
-86.5936279296875,1.82069226114568,0.713901077081393
-86.4028930664063,1.12611534925397,-0.0579900540102952
-86.212158203125,0.534933489579407,-0.596077850265151
-86.0214233398438,0.377972933949734,-1.01291202101729
-85.8306884765625,0.977965509625829,0.366071747963218
-85.6399536132813,-0.408956932117893,0.974759769518275
-85.44921875,0.280771184168218,-1.21011481614944
-85.2584838867188,0.712440976294489,-0.836586332396782
-85.0677490234375,1.56491478977965,0.924479092632317
-84.8770141601563,0.923989665529516,-0.10952207606497
-84.686279296875,0.177241751318627,0.507194327361274
-84.4955444335938,0.207742556016456,1.51461309343734
-84.3048095703125,1.54820529290795,-0.637137883816301
-84.1140747070313,2.15722349851204,0.749963262006278
-83.92333984375,1.3606158322658,-0.562839877385384
-83.7326049804688,1.1933466745618,-1.19612941882674
-83.5418701171875,0.615383712416291,0.306850989407465
-83.3511352539063,2.27437518355552,-0.394357241953401
-83.160400390625,0.299197458738499,-0.12771874673204
-82.9696655273438,0.951651189190012,1.0127716721028
-82.7789306640625,1.14980504163229,0.0863458554890849
-82.5881958007813,0.877490120296231,1.02929637386293
-82.3974609375,0.649256878560734,0.55549895642595
-82.2067260742188,1.19542775983746,-0.22243152413177
-82.0159912109375,0.715516315108645,1.16023459184266
-81.8252563476563,-1.08511646797004,-0.578805083798945
-81.634521484375,1.61784802325402,0.485888375159356
-81.4437866210938,1.36036509929059,2.26128168598802
-81.2530517578125,1.85621524634552,-1.42754169022351
-81.0623168945313,0.471417512932681,0.866383972322647
-80.87158203125,1.78689046483244,-0.446543863569926
-80.6808471679688,0.018940880159389,0.212227306210649
-80.4901123046875,1.08350011903347,-0.555407570545718
-80.2993774414063,0.589482518622617,-0.936536609505346
-80.108642578125,1.54457976526112,0.493799673739605
-79.9179077148438,2.61303461212013,0.392221942424771
-79.7271728515625,1.44507486686965,0.660765671638786
-79.5364379882813,2.06766839443588,0.593609115626932
-79.345703125,1.26937892529218,0.875117218228147
-79.1549682617188,-0.303727963809405,0.448023021413122
-78.9642333984375,1.11507979780339,1.73656530844657
-78.7734985351563,1.65259931103651,0.820431873117496
-78.582763671875,0.545404649807837,-0.178215957419618
-78.3920288085938,1.0784703198674,1.15218548756291
-78.2012939453125,1.07571975873915,-0.648190622539665
-78.0105590820313,0.305437666140792,-2.39494219673773
-77.81982421875,0.47370201379616,0.702471872467531
-77.6290893554688,1.48318324526989,-1.92803618408918
-77.4383544921875,2.09799541105071,-1.30011143081675
-77.2476196289063,0.488963560747284,1.25380638631485
-77.056884765625,1.13858941010904,-0.954799424217744
-76.8661499023438,0.867710890741947,-0.397188164372547
-76.6754150390625,0.68831821887322,0.197820292221912
-76.4846801757813,1.40354254196992,0.760598662840493
-76.2939453125,0.606363848572858,-0.00163566407998102
-76.1032104492188,0.570367891999597,-0.171527916762787
-75.9124755859375,1.47519716199818,0.566225297317649
-75.7217407226563,1.28961851148611,1.05895669795775
-75.531005859375,0.22545178521946,0.518051401920456
-75.3402709960938,1.68307393647073,0.0342441814257924
-75.1495361328125,1.27447312398844,1.63211821247286
-74.9588012695313,0.587871138898228,0.95861077748188
-74.76806640625,0.572351200441022,-0.100067983238705
-74.5773315429688,0.350197593522727,-0.929234404382078
-74.3865966796875,-1.81764482148311,-0.390397601522841
-74.1958618164063,1.12597908287305,-1.18458242934162
-74.005126953125,1.34287252554517,-0.387038684864812
-73.8143920898438,1.6076361011629,-0.419244331946862
-73.6236572265625,-0.601128312789678,0.0632255614333753
-73.4329223632813,1.21116388102176,-1.34834208083689
-73.2421875,-0.0332955406713581,0.898109545952843
-73.0514526367188,0.0662897766539682,-0.00847847644558867
-72.8607177734375,0.727292967030841,-1.33398530217894
-72.6699829101563,1.38233099590144,-1.15571545696333
-72.479248046875,0.53610699392235,1.14461580996445
-72.2885131835938,-0.278993166347786,1.69696728261951
-72.0977783203125,0.415304185548425,0.352166605233992
-71.9070434570313,1.25705296253255,-2.077058781198
-71.71630859375,1.51672024358717,-0.40911211007481
-71.5255737304688,0.801369404969392,0.88152417592634
-71.3348388671875,0.299289817299305,0.273156988579336
-71.1441040039063,0.717925357973617,-0.801623440814457
-70.953369140625,-0.0755076320386009,-0.771972135098484
-70.7626342773438,1.73400803999684,1.01447573008182
-70.5718994140625,1.23903864430951,0.00267669772371699
-70.3811645507813,1.13784047015747,1.62000872393557
-70.1904296875,0.340495026024014,1.71963584846165
-69.9996948242188,0.825600161961215,0.439321536221049
-69.8089599609375,1.29236350499766,0.863229486309383
-69.6182250976563,-0.102043990843547,0.0521330235808837
-69.427490234375,0.272117171954683,0.0816403174796229
-69.2367553710938,0.0331122017393108,0.432044254367655
-69.0460205078125,-0.0992997078705552,0.741974409533871
-68.8552856445313,2.09331665143273,0.931186868919431
-68.66455078125,0.554316647397493,0.499001507847818
-68.4738159179688,1.4643004827419,-0.15742981623993
-68.2830810546875,2.09406045888646,0.532469948708134
-68.0923461914063,1.18826662664572,0.725798792570563
-67.901611328125,0.758260223374589,0.572302702697812
-67.7108764648438,-0.39672870789241,0.0453907040897272
-67.5201416015625,0.937921100177055,0.617179741629906
-67.3294067382813,1.37329960808925,0.328339502589173
-67.138671875,-0.399874438960267,1.3072904390479
-66.9479370117188,1.40147410048383,0.194869526853671
-66.7572021484375,1.40191988548132,0.682560132835973
-66.5664672851563,0.407740980272762,0.307857509705331
-66.375732421875,2.18891686388499,1.00860189223099
-66.1849975585938,0.622035185242422,-0.513061386267269
-65.9942626953125,1.80262572135162,0.454030619894277
-65.8035278320313,1.00707006287767,2.58279457322291
-65.61279296875,1.13676329200349,1.43949901303142
-65.4220581054688,0.0758327317204195,-1.62614712565408
-65.2313232421875,1.59496442582613,0.1778281965626
-65.0405883789063,0.805732328113824,0.0304170380984977
-64.849853515625,1.28715401580393,0.764154510124447
-64.6591186523438,-0.652194403203374,-1.16811171201707
-64.4683837890625,0.65721496295928,-0.909686418307614
-64.2776489257813,-0.405627205188921,-0.311105795976841
-64.0869140625,0.123335543126846,-1.42847118025028
-63.8961791992188,1.54254218896,1.6749524028025
-63.7054443359375,2.36808429191249,-0.172293105663145
-63.5147094726563,-0.261648793774925,0.0674765130627952
-63.323974609375,0.0987539422601614,0.677618039272536
-63.1332397460938,1.81654651242373,1.4225569814368
-62.9425048828125,0.760290699565754,-0.0681613863711996
-62.7517700195313,1.22433680619625,0.670952168851193
-62.56103515625,1.74239120829156,1.60280592593113
-62.3703002929688,1.80010164064835,-0.666849583070499
-62.1795654296875,0.819249175391356,1.11188035243467
-61.9888305664063,1.73706680671681,-0.253350120021405
-61.798095703125,1.06390956810551,0.152555249675935
-61.6073608398438,1.30868580353476,-0.942204239201909
-61.4166259765625,0.886233565695371,0.574075774240746
-61.2258911132813,0.879363563648662,-1.1994711257021
-61.03515625,1.87056089724347,0.70634483585281
-60.8444213867188,0.382438673789901,0.588997898153423
-60.6536865234375,1.47691676251657,0.0485033228210684
-60.4629516601563,1.15367001271381,1.53146698624217
-60.272216796875,1.30081508037821,2.08172049641928
-60.0814819335938,0.555595951769601,-0.897120700216265
-59.8907470703125,2.99930601120283,-0.0120470241381007
-59.7000122070313,0.713129942285102,1.05489132737819
-59.50927734375,1.75597312860475,0.891197012127624
-59.3185424804688,-0.356946680879999,-0.549129049659511
-59.1278076171875,0.0103945673642867,0.132103397469443
-58.9370727539063,1.53988310111925,-0.795734484414877
-58.746337890625,2.47879403682075,-0.28131029862189
-58.5556030273438,1.83408534851543,-0.216638042229987
-58.3648681640625,0.16925259487262,0.69822997365733
-58.1741333007813,0.333035206526624,0.354541847045327
-57.9833984375,2.10000618778406,0.213764276489129
-57.7926635742188,0.315993221284778,0.716595322504257
-57.6019287109375,0.392870968656647,-0.861545245551004
-57.4111938476563,0.622556957744358,0.254432214433946
-57.220458984375,-0.417292274767011,1.58288177580868
-57.0297241210938,0.262671784608716,-0.116455381617253
-56.8389892578125,-0.754193068338596,-0.856149440807844
-56.6482543945313,-0.0387567042609175,2.00305236951936
-56.45751953125,-0.103386573850268,-1.08206693782442
-56.2667846679688,1.07994460347674,0.236848318952362
-56.0760498046875,1.1916929126177,1.00736997274332
-55.8853149414063,1.08679932478492,-0.354599710793609
-55.694580078125,1.66509071533698,1.25233300786187
-55.5038452148438,1.22588591703925,-0.743135033675279
-55.3131103515625,2.30559498616099,1.0782369337641
-55.1223754882813,1.76792951009808,1.59112050631621
-54.931640625,1.08267622038425,0.427260682645649
-54.7409057617188,1.26714157093778,-0.7414985544504
-54.5501708984375,1.74205362075339,0.329577685962264
-54.3594360351563,1.47304083890725,-0.268803553076063
-54.168701171875,0.323132798469902,0.15166146968235
-53.9779663085938,0.586410825681737,-0.995342658033596
-53.7872314453125,-0.440651620727511,-1.57766587842898
-53.5964965820313,2.28289719362492,-0.287016814709673
-53.40576171875,1.53992064756282,0.763950664278033
-53.2150268554688,1.76288055043058,0.257608431544388
-53.0242919921875,0.952754614492001,0.674527967516461
-52.8335571289063,2.71843876359561,0.250870716545716
-52.642822265625,0.461256078495661,0.245013744952646
-52.4520874023438,2.22067720275085,0.221039074005009
-52.2613525390625,1.74655883585356,1.32617395142931
-52.0706176757813,-0.105500597219454,1.74024097428355
-51.8798828125,1.94811126124928,0.485621103825517
-51.6891479492188,1.15378467781517,0.718679188022433
-51.4984130859375,0.687814105243559,-0.0523098886178128
-51.3076782226563,1.40493585159662,0.507391938842814
-51.116943359375,0.936494204834945,1.03439306918648
-50.9262084960938,2.73133698554984,0.197524587093147
-50.7354736328125,0.108229324761993,1.14096240854736
-50.5447387695313,0.157775695265614,0.57873635856375
-50.35400390625,1.49385684338179,0.78390857318772
-50.1632690429688,1.60837651439741,-1.64030815411073
-49.9725341796875,-0.671826935090692,0.732085935882388
-49.7817993164063,0.445702616388761,1.20625744591815
-49.591064453125,0.174454658328254,0.790400253595697
-49.4003295898438,1.47901342680639,0.160156826246946
-49.2095947265625,-0.265600862840178,0.94205350320416
-49.0188598632813,1.83307887807882,1.33542502187565
-48.828125,0.866617190667649,-1.00465822498918
-48.6373901367188,1.56429258535712,-0.353266973869098
-48.4466552734375,1.90957658129055,-0.259268802431326
-48.2559204101563,0.472730537415421,-1.14019971588041
-48.065185546875,1.71006985011113,0.689634743544358
-47.8744506835938,0.863508114766429,-0.990662961965649
-47.6837158203125,1.98583629438989,-0.733578199216156
-47.4929809570313,1.50417289567942,1.24657925562728
-47.30224609375,0.264636057818846,-0.97068626828348
-47.1115112304688,1.96744654973218,-0.23633989479909
-46.9207763671875,0.469323759531877,-0.599017224469473
-46.7300415039063,1.57599239827685,0.0612448472726945
-46.539306640625,-0.210021498663229,1.72391346343989
-46.3485717773438,1.07372284324583,0.235944149408826
-46.1578369140625,1.43696961006635,0.58147282554816
-45.9671020507813,2.7394942895899,0.436525446832937
-45.7763671875,-0.714803515058634,0.38467734363311
-45.5856323242188,2.08306346900886,1.11470867111248
-45.3948974609375,1.93094349419088,-0.0966763420190371
-45.2041625976563,0.798889371023443,-0.451505280167331
-45.013427734375,-0.116269939568967,-0.442837064480432
-44.8226928710938,2.77881744321822,0.906690071656979
-44.6319580078125,1.59139226548437,1.12472341378007
-44.4412231445313,1.17660331819863,-0.0903090421155157
-44.25048828125,0.131802216398695,-0.484641728543096
-44.0597534179688,0.420292061150714,-0.133886659282144
-43.8690185546875,2.12061113313383,-0.569390782598915
-43.6782836914063,0.76668200084201,0.708252699753922
-43.487548828125,3.65173837587575,-0.420420891406109
-43.2968139648438,0.154747333442236,-0.11793539263402
-43.1060791015625,1.2820176823283,1.62590447319753
-42.9153442382813,0.486651039513995,0.929287213592095
-42.724609375,1.01367799700598,-0.0210756863627291
-42.5338745117188,1.36275625899519,0.30822305118029
-42.3431396484375,2.79419630109175,0.899230540464204
-42.1524047851563,1.31459917283036,-0.55624687950514
-41.961669921875,0.35928717610032,-0.789224259598442
-41.7709350585938,0.441115135882958,-1.47337959381523
-41.5802001953125,1.61058193288842,-0.0216069560017947
-41.3894653320313,1.46036644304937,-0.655700008066977
-41.19873046875,2.1544086549304,-0.814476620934583
-41.0079956054688,-0.603910935213534,0.337014464504221
-40.8172607421875,0.00405422230417648,0.40844451365349
-40.6265258789063,-0.128485821704292,-0.00877682879853165
-40.435791015625,1.02256930113176,1.65809103434293
-40.2450561523438,1.76478933465825,-0.67936404653412
-40.0543212890625,3.13763732520321,-0.298359393205994
-39.8635864257813,0.581549530426469,1.10014302578436
-39.6728515625,0.735551435712482,0.871026687057005
-39.4821166992188,1.27442554483775,0.494350608282791
-39.2913818359375,1.00703967430387,0.0291850746544645
-39.1006469726563,1.04072355896948,-0.840534393743325
-38.909912109375,1.30781722743603,0.441013329680261
-38.7191772460938,-0.373618633394735,1.10412576840461
-38.5284423828125,-0.0159361011101954,-0.747775640028698
-38.3377075195313,2.1280271154826,-0.545953962108923
-38.14697265625,1.2952480878245,-1.09294883106021
-37.9562377929688,1.3497832914034,-0.358010972925222
-37.7655029296875,1.42691675715197,0.182877669222153
-37.5747680664063,1.58651403177249,-0.46178118652144
-37.384033203125,0.425504708922097,0.0432816408825792
-37.1932983398438,2.13753213738413,0.667929237038228
-37.0025634765625,0.809063227752324,-0.727903241620292
-36.8118286132813,1.32143624906028,-1.01688949388377
-36.62109375,1.25125940367596,0.17754611000806
-36.4303588867188,-0.240750005508066,2.18631258045573
-36.2396240234375,1.1601027486991,-0.649162614076213
-36.0488891601563,0.658996178098156,-1.3511398696786
-35.858154296875,-0.588122104270556,1.17647178716684
-35.6674194335938,1.13190856595001,-0.475768188316654
-35.4766845703125,0.477990699539781,-1.03189396930471
-35.2859497070313,0.924097611213386,1.1074714428425
-35.09521484375,1.11231866291574,-0.320883533087064
-34.9044799804688,0.0310873601949003,0.263096452602432
-34.7137451171875,0.603729082323976,0.325206325125592
-34.5230102539063,1.32620727152356,0.862021067492854
-34.332275390625,2.05064104972641,-1.31003618958943
-34.1415405273438,1.20331238182699,0.27256211202883
-33.9508056640625,0.2189840883614,0.000357319112768756
-33.7600708007813,0.401176270828325,0.258000757408978
-33.5693359375,-1.00994154758802,0.556303265251689
-33.3786010742188,0.604776311240405,0.341271241414341
-33.1878662109375,0.352060522998856,-0.701753496890048
-32.9971313476563,1.45953688781336,-1.29564167040905
-32.806396484375,1.21911175416576,-0.0244144076494178
-32.6156616210938,-0.0137746064025335,-0.595801725305509
-32.4249267578125,0.527566555000431,0.824994063466904
-32.2341918945313,1.77881147417479,0.200797337747054
-32.04345703125,1.43435228106176,0.707127186268893
-31.8527221679688,0.0175858948246921,0.766659926835438
-31.6619873046875,0.300782580584801,0.0408101496086951
-31.4712524414063,1.81958814555206,2.01372339058962
-31.280517578125,1.07542933774997,1.01506316941773
-31.0897827148438,2.26438245295907,1.25199027599976
-30.8990478515625,0.740906395624137,0.913152776456634
-30.7083129882813,1.83287129620552,-0.955838792434084
-30.517578125,0.973493610144333,0.49212064720498
-30.3268432617188,1.10726502927259,-0.563079231223848
-30.1361083984375,0.372535315570595,2.09840991214124
-29.9453735351563,1.24171822510464,0.0627843832299735
-29.754638671875,0.727854061736817,0.966545734826994
-29.5639038085938,1.57848531386826,0.612703134098244
-29.3731689453125,1.13718581232338,-0.186552898536563
-29.1824340820313,0.224614580404035,0.763755505972871
-28.99169921875,1.04835671445666,-1.08507711068783
-28.8009643554688,2.95240580797398,-0.0488801246534423
-28.6102294921875,2.0866494888257,-0.441766704573909
-28.4194946289063,0.146251813480755,-0.37759325866833
-28.228759765625,0.0052817727247818,0.488699048063728
-28.0380249023438,0.183252017991745,0.97652494460991
-27.8472900390625,0.940044441858307,1.76935964222726
-27.6565551757813,0.939907492940672,0.949985180214125
-27.4658203125,1.53679326877296,0.159408245026179
-27.2750854492188,2.02142958191716,-0.109352854433386
-27.0843505859375,0.313762142217514,1.14708748944992
-26.8936157226563,1.43393598536179,0.793309627899835
-26.702880859375,0.105861433156097,1.38591971853885
-26.5121459960938,1.04907186506056,0.293402669049066
-26.3214111328125,0.0923020607355157,1.13964990374575
-26.1306762695313,1.21718174158294,0.299945015618383
-25.93994140625,1.71226925050332,1.20244081378653
-25.7492065429688,1.94363019945335,0.0727002395176753
-25.5584716796875,2.2171042292259,-1.13316316238165
-25.3677368164063,0.616484826831589,-0.992332354745617
-25.177001953125,2.03548803257544,-0.283008943085585
-24.9862670898438,0.957462398752308,0.34684764415545
-24.7955322265625,1.51061583522173,0.950212563754175
-24.6047973632813,1.58870829119301,2.02715842669299
-24.4140625,1.72973144095857,0.513306999317052
-24.2233276367188,1.18230136069385,0.304208690113286
-24.0325927734375,0.0634655766287533,-0.499530426067286
-23.8418579101563,1.86862503859329,-1.2567646374595
-23.651123046875,1.52459496027519,-0.131575097705576
-23.4603881835938,1.1706495158348,-0.384893816966689
-23.2696533203125,1.34797719057897,0.776026844039633
-23.0789184570313,0.966383219866411,1.63454509700978
-22.88818359375,-0.312030147448779,1.77384964208867
-22.6974487304688,0.625546895823015,1.64430310229389
-22.5067138671875,0.527215500672571,1.29441776652471
-22.3159790039063,1.42522032931238,1.37028805318468
-22.125244140625,3.45402379820825,0.0714863178278778
-21.9345092773438,0.739913060143933,0.415665142863948
-21.7437744140625,2.55439080191356,0.449991605763355
-21.5530395507813,-0.0201915987359204,2.31091746747947
-21.3623046875,0.41441226683997,1.06092568104386
-21.1715698242188,1.95330649234823,-1.49893437072779
-20.9808349609375,1.373568922588,-1.10285681554606
-20.7901000976563,0.0940908928758061,-0.474450875052211
-20.599365234375,2.50014003602049,-0.0189908628168098
-20.4086303710938,0.437117836117036,1.06807939828468
-20.2178955078125,3.01807611181066,0.43245696999578
-20.0271606445313,0.575919300151726,-0.0787262515719415
-19.83642578125,2.42787760653533,-0.43317763492658
-19.6456909179688,3.23577003680934,-0.936705683922626
-19.4549560546875,1.81730612219319,1.45042111322017
-19.2642211914063,1.75078913301723,0.378783027361447
-19.073486328125,0.752299822662937,0.694182018327331
-18.8827514648438,0.984167556447101,0.781049590054796
-18.6920166015625,1.89260137857398,0.327703557149063
-18.5012817382813,1.08979218519917,-0.623756531608441
-18.310546875,1.41146070928459,-0.0249165212318016
-18.1198120117188,2.99421717987605,-0.0275481530662563
-17.9290771484375,4.13225126179714,0.724233628418733
-17.7383422851563,0.543429926163278,1.1591023943451
-17.547607421875,2.71363190908565,1.19086178223132
-17.3568725585938,0.634494209789562,-0.450124620348829
-17.1661376953125,2.44555562028086,0.218020282145991
-16.9754028320313,-0.146460767125068,1.06311216909994
-16.78466796875,2.53347129935606,-0.370603703590517
-16.5939331054688,0.19165854760024,-0.477206172208425
-16.4031982421875,0.258964278225976,-0.837705964553799
-16.2124633789063,0.366797479171956,-1.5357714880209
-16.021728515625,0.688677883214653,-0.4985376976667
-15.8309936523438,2.79396527956032,0.237364648229705
-15.6402587890625,0.888113321868263,-0.34517546491562
-15.4495239257813,1.14606259204231,-1.5911742289214
-15.2587890625,1.7978503700225,-0.379252080930964
-15.0680541992188,2.7373331703276,-0.739921211857381
-14.8773193359375,0.302639924185686,-0.298040260769288
-14.6865844726563,2.20985192793435,-0.412640196152317
-14.495849609375,1.53328707586808,0.397541104602011
-14.3051147460938,1.70690659485403,1.51512320944505
-14.1143798828125,0.814197975215891,0.68447124666647
-13.9236450195313,0.775031714149857,-0.75735528553779
-13.73291015625,0.455770048590384,1.18570347159598
-13.5421752929688,1.46954989139754,-0.953553755192915
-13.3514404296875,1.09725816836689,1.39131326453253
-13.1607055664063,1.35527842167509,-1.00147453916551
-12.969970703125,0.852366284041513,-1.21791705305589
-12.7792358398438,0.761879921548288,1.08353829520009
-12.5885009765625,2.23769841976995,-1.5752646154607
-12.3977661132813,1.96029180525356,-1.34689589834567
-12.20703125,1.686222827471,-1.57213758682811
-12.0162963867188,-0.500082719600692,-0.517616121223519
-11.8255615234375,2.45299414308944,1.83975931812487
-11.6348266601563,1.47796233525237,-0.10869629859139
-11.444091796875,-0.285276687239219,0.0369231987725452
-11.2533569335938,3.14990533935028,0.499834194335979
-11.0626220703125,2.2083983642794,-0.471431548374184
-10.8718872070313,2.87219241726507,0.428874816964489
-10.68115234375,1.59878870139121,-0.756691352908993
-10.4904174804688,1.73092403570805,0.709868117693419
-10.2996826171875,0.216670353997412,-0.199842075052711
-10.1089477539063,1.9007371543952,1.23120166969447
-9.918212890625,1.09650408405283,0.281978918374004
-9.72747802734375,1.83677815296407,-0.272172736085274
-9.5367431640625,2.27855334989788,-1.04073651054553
-9.34600830078125,1.98397012091183,-0.353317240312539
-9.1552734375,2.81310828380679,-0.447069977653197
-8.96453857421875,0.612287016081365,0.537225035670879
-8.7738037109375,1.72765472615014,-1.2116467461609
-8.58306884765625,1.14015389429478,0.0716286545494344
-8.392333984375,1.44947464383901,1.33692217229482
-8.20159912109375,2.85351780430185,-1.48652191242022
-8.0108642578125,0.913258357682479,-0.463503663266257
-7.82012939453125,1.18234976273145,0.755341301921685
-7.62939453125,2.17714560834919,0.776234768953176
-7.43865966796875,1.80080217399489,-0.469936485654966
-7.2479248046875,2.97964532182712,-0.154261339549707
-7.05718994140625,1.34658071036887,-1.14168815489254
-6.866455078125,1.32237149525076,-0.954694787099676
-6.67572021484375,2.27264534812014,-0.817948442760659
-6.4849853515625,0.717780448430715,-1.8235004118744
-6.29425048828125,1.45468078379837,0.722000222326754
-6.103515625,0.979561813375027,0.940252426324198
-5.91278076171875,1.15578758532247,0.559105461333194
-5.7220458984375,1.20939997420113,-1.63536592065124
-5.53131103515625,-0.12052285116572,1.24774952464006
-5.340576171875,1.66978185255647,-0.972367407340523
-5.14984130859375,1.31038755105506,-1.17091627104731
-4.9591064453125,2.06446242699945,0.000655723891762591
-4.76837158203125,0.506889164819127,-1.00572429117434
-4.57763671875,1.93985823843483,0.281551946162713
-4.38690185546875,1.75776318497383,-0.538608139555422
-4.1961669921875,2.97701927633771,-0.0390995233386361
-4.00543212890625,1.73371019763885,-1.65979724212009
-3.814697265625,-0.0482185211830979,0.648406411423317
-3.62396240234375,1.95406090581807,-0.396000220128205
-3.4332275390625,0.275161376626165,-0.611539822014727
-3.24249267578125,2.17994665649773,-0.915389714065802
-3.0517578125,-0.00841386876750299,0.00966970558000041
-2.86102294921875,1.15293288572208,-1.15459215609729
-2.6702880859375,0.451383530284529,1.19023967522601
-2.47955322265625,1.22558111229392,-0.895720311130962
-2.288818359375,-0.0505034117450263,0.839324426493088
-2.09808349609375,-0.0301016235437192,-0.411303912216401
-1.9073486328125,-0.117344593050073,-1.06850635790406
-1.71661376953125,1.29014488825595,-0.471416010820043
-1.52587890625,1.5281084232575,-0.678912868366044
-1.33514404296875,0.715467185159438,-0.296435429575323
-1.1444091796875,1.17190703502609,1.37032929509596
-0.95367431640625,0.0438101422926131,-2.51798884932848
-0.762939453125,0.338300881559483,-0.0578440616575089
-0.57220458984375,1.17045005597029,-1.45052807491916
-0.3814697265625,2.32374765904179,0.0494649348772
-0.19073486328125,1.75230059639587,-0.345289228067403
0,-0.150283393065662,-0.495066935342276
0.19073486328125,0.903804129029451,0.0775082934808412
0.3814697265625,1.98780040541641,-1.89511902697157
0.57220458984375,2.84711968242804,-1.57633233375174
0.762939453125,-0.521141086416945,-0.471533217133985
0.95367431640625,1.66520971765608,-1.12961883533328
1.1444091796875,1.15042566438787,1.11848953401897
1.33514404296875,0.28335566362883,-1.47059848954867
1.52587890625,1.47787747207141,-1.02018816887188
1.71661376953125,-0.643463538934951,-0.435768468925007
1.9073486328125,1.62743098788529,0.499839048532947
2.09808349609375,0.427715505446056,-0.651579847191757
2.288818359375,0.179484822447525,0.447329861469888
2.47955322265625,0.371610838978247,-1.43769899834655
2.6702880859375,1.63849981823526,-0.56166932248078
2.86102294921875,1.59651344107561,0.0366692596685827
3.0517578125,1.26279475214379,-1.54707954230144
3.24249267578125,1.76927034413179,0.205975272460973
3.4332275390625,0.534970843902187,-0.105148981963933
3.62396240234375,0.845962946857698,-2.08252850429079
3.814697265625,0.82281870284213,-1.46993362520508
4.00543212890625,0.548617673775262,0.628940464721827
4.1961669921875,-0.00733256653497596,-0.335676411818567
4.38690185546875,0.446588425422351,1.08026728304234
4.57763671875,-1.45165471985684,0.109467023297985
4.76837158203125,0.29682859011917,0.783370991052593
4.9591064453125,1.09521578425576,-0.763262263559936
5.14984130859375,0.554332958893258,-0.87936271638693
5.340576171875,1.81089777564732,0.29033286000031
5.53131103515625,0.830669248937891,-1.0544795491083
5.7220458984375,1.11757838680432,0.221191088137235
5.91278076171875,0.331900717053574,-0.504762423677477
6.103515625,0.995582275897997,1.51425820982371
6.29425048828125,-0.372918550811832,0.555646332437583
6.4849853515625,0.876458566179861,0.717794369602014
6.67572021484375,1.69650872885897,-0.668771467033679
6.866455078125,1.90793279698793,0.674862773311951
7.05718994140625,0.674481452957343,0.463171191875383
7.2479248046875,0.994430485129582,0.426269378488599
7.43865966796875,0.0774522632396976,1.02399458636784
7.62939453125,-0.242208974811526,-0.80213571638201
7.82012939453125,2.97556010931148,-0.789974140364794
8.0108642578125,1.18757545530194,-0.668470075598386
8.20159912109375,1.62682333065066,-0.257771369262128
8.392333984375,1.63065930294961,-1.17064735903214
8.58306884765625,1.37104062926493,0.554087214626663
8.7738037109375,0.0838618040704658,-0.487328380907965
8.96453857421875,0.164907275428269,-0.121089979462586
9.1552734375,1.8906853270385,1.00577696575486
9.34600830078125,2.86696001192042,-0.0230471210147499
9.5367431640625,0.454428998309673,-0.637536202695268
9.72747802734375,2.80174673304928,-0.502155108648729
9.918212890625,0.928995380327897,1.783327099242
10.1089477539063,0.723708363854998,1.1379847035551
10.2996826171875,1.36907889812643,0.676910279128993
10.4904174804688,1.70604389959824,-0.080458423745134
10.68115234375,3.03902242810348,2.36951538320942
10.8718872070313,-0.118713286329921,0.0382850151117745
11.0626220703125,1.3609061756886,-1.50974830890565
11.2533569335938,2.18035201966346,-0.182797149548628
11.444091796875,0.940527640626569,-1.51820636973426
11.6348266601563,0.462852116488319,-0.238862576679205
11.8255615234375,1.10028723931691,0.732267130260561
12.0162963867188,1.16645089454938,-0.219482019816832
12.20703125,1.83208195284669,1.42370329152474
12.3977661132813,0.577169251214195,-0.733508734776902
12.5885009765625,1.34459475665023,-0.966411377767331
12.7792358398438,1.45456314886445,-0.0768902185361032
12.969970703125,0.939958942166634,-0.261131352513674
13.1607055664063,0.0821972877731482,-0.843226642803108
13.3514404296875,0.741502447226486,-0.117626147777507
13.5421752929688,2.09556443036575,-2.64714476191081
13.73291015625,2.48378311698953,1.15207016156232
13.9236450195313,1.81343049090329,0.981653745434504
14.1143798828125,0.659954292770597,-2.80339419964879
14.3051147460938,1.2354418729472,-0.266988590334087
14.495849609375,3.03602731483076,-1.47452049825945
14.6865844726563,0.387873093481022,0.934860274209046
14.8773193359375,0.424850250187872,-1.28641524370158
15.0680541992188,0.25709333775402,-0.492460607643247
15.2587890625,1.05393652861305,-0.996241874474739
15.4495239257813,0.413616014493933,1.1674595297215
15.6402587890625,1.82326868205058,1.28947517478315
15.8309936523438,1.91409647700714,-1.17083637285135
16.021728515625,1.61998023929192,-1.83781308723261
16.2124633789063,0.223243138583936,-0.520443295667909
16.4031982421875,1.08332532231773,0.627657018765379
16.5939331054688,0.558084967138218,-1.3263194461664
16.78466796875,0.913153452550531,0.4843574859386
16.9754028320313,1.07560083235621,0.711334957240266
17.1661376953125,1.51795168541152,-1.67640578517486
17.3568725585938,1.98491755286792,0.42962335809822
17.547607421875,1.06605962468845,0.310324727558538
17.7383422851563,-0.585175266925923,-2.42301208779896
17.9290771484375,0.549979365862261,-0.0183953816861807
18.1198120117188,1.27911324872141,-0.57152506762777
18.310546875,0.707127855223041,-0.272683526713654
18.5012817382813,-0.56021422429382,-0.0792450968494685
18.6920166015625,2.37377841253183,-0.273804949844528
18.8827514648438,0.267884093583981,-2.65185066003372
19.073486328125,1.3053016169446,0.961706194737952
19.2642211914063,1.35668247545273,1.37589469636418
19.4549560546875,-0.491799649910847,-0.546498801261548
19.6456909179688,0.0546879015701802,-0.551672971365172
19.83642578125,0.710431359622351,-1.44293653329445
20.0271606445313,-0.162710557878116,-0.386841276117827
20.2178955078125,4.01445535248043,-0.693767496142096
20.4086303710938,1.22280470222065,-0.549847965067699
20.599365234375,0.841870705549606,-1.66500669772476
20.7901000976563,0.429385265821839,0.984333323983248
20.9808349609375,1.61415870442183,-0.729569830417481
21.1715698242188,0.726997420478973,1.24667544033238
21.3623046875,-0.157838918830982,1.0322090471566
21.5530395507813,1.54434776448512,-1.04313618149762
21.7437744140625,0.937424818494583,-0.0752006843926104
21.9345092773438,-1.50367327209056,-0.675603042316586
22.125244140625,-0.100359274182383,-0.0670775876682739
22.3159790039063,0.681324715908554,0.220698969784767
22.5067138671875,-0.728849578591403,-0.336450363964203
22.6974487304688,1.33453929469074,-0.289701358707634
22.88818359375,-0.109685389129601,-0.502131371865169
23.0789184570313,0.306212779713688,0.327824343378046
23.2696533203125,1.71565573638581,-0.359515604190926
23.4603881835938,1.37868712440189,0.660452332295723
23.651123046875,-0.0028139332559806,-1.23361185281722
23.8418579101563,1.47461290276682,-0.516200749532654
24.0325927734375,-0.195772287147202,-0.417968034291904
24.2233276367188,1.79291168316587,-1.04433789114129
24.4140625,-0.407936867108785,0.478175315206715
24.6047973632813,0.807021192035888,-0.531436579714344
24.7955322265625,0.528976233820257,0.131653799090141
24.9862670898438,1.26265247491987,-0.758172667158049
25.177001953125,0.735481926370962,-1.19563239720081
25.3677368164063,0.576137712990012,0.138276845360192
25.5584716796875,0.584449913377776,0.209621280941846
25.7492065429688,0.162214219695665,-1.84298070014138
25.93994140625,-1.08677526814698,-0.327550984747064
26.1306762695313,0.717980945808328,2.02060487276047
26.3214111328125,0.717356158515192,1.45183563493746
26.5121459960938,1.12632031361673,-0.0989373069112344
26.702880859375,0.327532862827689,0.327424560821909
26.8936157226563,1.18234224791787,-0.643136367394178
27.0843505859375,0.871532691502537,1.0924438124869
27.2750854492188,1.68107421603924,0.736063301945862
27.4658203125,2.67334772853115,-0.606326069382434
27.6565551757813,2.710618995701,-1.54236923059229
27.8472900390625,3.20245668761362,-1.92786177890587
28.0380249023438,0.842681685700702,0.69583117518573
28.228759765625,2.24205569969655,-0.543979465319966
28.4194946289063,0.0635702890348187,-0.826837832083425
28.6102294921875,0.755406891859327,1.08370542629219
28.8009643554688,0.700841547266215,-1.08969419593714
28.99169921875,0.448543541608267,0.334160760732528
29.1824340820313,0.585473069014912,1.17066079685727
29.3731689453125,1.80088698293715,0.0459174502586459
29.5639038085938,1.58457067587417,-0.526579644808149
29.754638671875,1.68892888148685,0.853000011478632
29.9453735351563,0.774341549215865,0.0985686831594432
30.1361083984375,2.36004978885971,0.687489876287382
30.3268432617188,1.0245882442601,1.27005904581078
30.517578125,0.343595585021208,0.15407138278356
30.7083129882813,2.67290875151375,-0.441519110797931
30.8990478515625,1.101543640054,0.216791347649799
31.0897827148438,0.537279544985606,-0.771190438210501
31.280517578125,-0.139145688686194,0.296841071767687
31.4712524414063,1.42005165359536,-2.85740702682028
31.6619873046875,0.915815233391793,0.417354217142695
31.8527221679688,2.7098847666246,-0.486347426360872
32.04345703125,1.37798580557775,0.53472820927846
32.2341918945313,0.279849951003013,-1.34810154190864
32.4249267578125,9.76856445194484E-05,-0.813056269469939
32.6156616210938,0.580076182254099,-0.139389124692224
32.806396484375,0.866918069816689,1.16870779701275
32.9971313476563,2.25141872908855,-1.07107318360326
33.1878662109375,1.52333897513258,-1.310387773693
33.3786010742188,-0.231093567272462,-0.041413278892861
33.5693359375,1.91046506762577,-0.432100578607003
33.7600708007813,0.13255657814858,0.896105951586654
33.9508056640625,1.97585898234501,-0.700386532586358
34.1415405273438,0.392561281564136,0.5175206089963
34.332275390625,1.23426687498119,-1.11178308130755
34.5230102539063,0.325140166504224,-0.642296913673039
34.7137451171875,1.872632286891,-0.54533225967951
34.9044799804688,2.69729863897186,-0.612322181622249
35.09521484375,0.906174010017298,0.315674784226601
35.2859497070313,0.0436167009766786,1.10248912282588
35.4766845703125,-0.139885894696242,-2.34384150368503
35.6674194335938,0.40025926537436,-0.0591696023715979
35.858154296875,0.696532139321913,1.6640653409854
36.0488891601563,0.409313245420589,-0.755642251619578
36.2396240234375,1.01900343484535,0.150117472495725
36.4303588867188,2.09160924718063,-0.305310412707827
36.62109375,0.722486774511725,-0.227401337338126
36.8118286132813,1.1088116977727,-0.410854948499327
37.0025634765625,0.137350364021103,-0.217429221968508
37.1932983398438,-0.740413023712155,0.859888421459071
37.384033203125,0.907002393730909,-1.26224373084896
37.5747680664063,-0.327549068535105,0.692567128664552
37.7655029296875,0.786898260166587,-0.432057885803581
37.9562377929688,1.18254686645693,0.889087011619053
38.14697265625,2.11453274230685,-0.983853812069967
38.3377075195313,1.47402797487826,-1.22764952490551
38.5284423828125,0.26631774003627,-0.276356239661592
38.7191772460938,1.80235530408105,0.0277997595626419
38.909912109375,-1.71540476973506,-0.632962102068002
39.1006469726563,0.768290498656864,-0.903589231898491
39.2913818359375,-0.0934247703955374,-0.531235761121153
39.4821166992188,0.598542787307357,-0.71324906677097
39.6728515625,0.851490228000365,2.00220213927643
39.8635864257813,-0.31225974820748,-0.219620516838231
40.0543212890625,0.652146410244737,0.593698853728937
40.2450561523438,0.518198914130146,-1.23476462084338
40.435791015625,-0.964219401183051,-0.69244236578303
40.6265258789063,0.0678170090127468,-0.925811138331603
40.8172607421875,1.21609216072015,0.0462320145186943
41.0079956054688,1.25763447668756,-0.0377808144704245
41.19873046875,0.0979668969123233,0.195074532296159
41.3894653320313,1.65484618640693,-0.644246063208348
41.5802001953125,0.928349163187411,-0.703779793838008
41.7709350585938,0.379549712002564,-0.170206029431181
41.961669921875,-1.46220373181267,0.499532744640676
42.1524047851563,0.182347823078714,-1.03353038600339
42.3431396484375,1.76156442908273,0.0342496078583427
42.5338745117188,1.04355282635535,1.23593148553474
42.724609375,0.895753087997436,0.127356794949451
42.9153442382813,1.57466969392803,-1.51735641301716
43.1060791015625,0.222407014611912,-0.274391208157393
43.2968139648438,1.61897970070209,1.07564451298451
43.487548828125,0.0195218185685534,-1.86954559638656
43.6782836914063,-0.237768708530295,-0.291261550839045
43.8690185546875,0.728811295523608,0.426138704646832
44.0597534179688,1.48881747080598,-0.136261522776755
44.25048828125,0.538164376340731,0.199068451189508
44.4412231445313,1.4209252717818,0.738743759189365
44.6319580078125,1.00582800482665,1.07613885686818
44.8226928710938,3.35540493535585,-0.821262997972041
45.013427734375,1.22037206344067,0.165736418008283
45.2041625976563,1.17986532421571,-1.86529151714672
45.3948974609375,0.182553341828968,-0.330844305702231
45.5856323242188,1.42466190463471,-0.366886842762239
45.7763671875,0.555116012486734,-2.19484772438483
45.9671020507813,0.482544347537941,-1.35616139991711
46.1578369140625,0.673250322412026,1.23606640728171
46.3485717773438,0.0926794574447867,-0.141677157764349
46.539306640625,2.55408171049991,0.0916759636650474
46.7300415039063,0.950024346185284,0.392410079979163
46.9207763671875,1.32729646600305,0.0056046595376904
47.1115112304688,0.556909708767515,0.612594040427138
47.30224609375,0.438322979142134,0.7822701149031
47.4929809570313,1.23780597239722,-0.318345291883645
47.6837158203125,0.390177938249441,0.336312787679213
47.8744506835938,2.31116261289658,-0.74531048661705
48.065185546875,0.803769964150536,0.013963361705606
48.2559204101563,0.772314884693262,-0.880859790498982
48.4466552734375,0.641515118936655,2.17917469656635
48.6373901367188,1.43535619632945,-0.991036279471534
48.828125,1.60676504067425,0.668180609052262
49.0188598632813,-0.347759428994125,-0.670343302228645
49.2095947265625,-0.435672617646523,-0.480594106677825
49.4003295898438,0.352320627126092,0.968908348537191
49.591064453125,1.85969700444678,-0.556285564750562
49.7817993164063,0.723390827995878,1.05805285034914
49.9725341796875,0.791521130940753,0.738269016484894
50.1632690429688,0.859128128953908,0.228753552913913
50.35400390625,0.662020038720476,-0.935630247442286
50.5447387695313,1.10006683987783,0.452617367320946
50.7354736328125,-0.526486794219113,1.14722297292926
50.9262084960938,2.07062843605423,-1.28124562199565
51.116943359375,1.49217840313756,0.426368288246038
51.3076782226563,1.7102606314355,1.84195561466343
51.4984130859375,0.150799501581904,-1.17006822631207
51.6891479492188,-0.291348010238657,-0.46607989515578
51.8798828125,0.643956249465166,-0.30780682913656
52.0706176757813,0.515961615669356,1.89668527698711
52.2613525390625,0.207298812323905,-1.97946085100688
52.4520874023438,0.198029003200572,-0.599658299294853
52.642822265625,1.64077654325493,-1.15099293748354
52.8335571289063,1.45370142396555,-1.00261343972623
53.0242919921875,0.450973978526981,-0.890923442426664
53.2150268554688,0.546861191726339,0.695790095740255
53.40576171875,0.527953224858478,1.05581430989206
53.5964965820313,1.33586383877126,1.61134152507185
53.7872314453125,1.02172514789666,-0.657049247805686
53.9779663085938,0.81449773619456,0.126734976040203
54.168701171875,0.705404751456052,-0.391284537001648
54.3594360351563,-0.341129169821704,0.902927070430476
54.5501708984375,-0.383793697193058,-0.958093177656935
54.7409057617188,1.28516608447913,-0.496058758076254
54.931640625,0.726208262477661,0.067575525831551
55.1223754882813,1.60601436975485,-0.536013091606148
55.3131103515625,1.03085194078901,-0.687687446256189
55.5038452148438,0.876858742754886,-0.535938816104962
55.694580078125,-0.0110958811694762,0.318262106367236
55.8853149414063,0.714115056707626,0.699978269499887
56.0760498046875,0.212107282290669,-1.59586932556377
56.2667846679688,-0.536987748682944,0.100994291450269
56.45751953125,-0.0709924196536648,0.000691387773416839
56.6482543945313,2.13685980230312,0.401432878222655
56.8389892578125,0.74715801360557,-0.798940950332297
57.0297241210938,3.23209380898588,0.402683476184046
57.220458984375,2.02555703904749,-0.156188917182874
57.4111938476563,1.12717779375766,1.59530601778436
57.6019287109375,-0.158911684180728,2.12624981185816
57.7926635742188,0.404912756191481,0.786493352068939
57.9833984375,0.851012717370394,-0.376848947690618
58.1741333007813,1.04433525583269,1.09497514864975
58.3648681640625,2.08333185838269,0.193799393305167
58.5556030273438,0.894979561846805,-1.29347362365783
58.746337890625,2.03713545057211,-0.207307012504341
58.9370727539063,0.990321527770381,0.858919317004452
59.1278076171875,-0.0452997586844191,-1.34275295823243
59.3185424804688,-1.01597505340815,1.03243864314203
59.50927734375,0.919788375929576,0.0829739989935156
59.7000122070313,1.11844854835429,0.939467559485325
59.8907470703125,-0.18174814778145,-1.56134839749286
60.0814819335938,1.44232434739334,-0.366590191364066
60.272216796875,1.32677753660377,0.698490437348988
60.4629516601563,1.27765950981681,-0.205727174447949
60.6536865234375,2.20855182404359,-0.709506960812445
60.8444213867188,0.18650768723139,-0.0540451495248595
61.03515625,1.85381331254229,-0.887299324346854
61.2258911132813,1.33319848692031,1.45999859807087
61.4166259765625,0.0913881637099958,-0.110134345384927
61.6073608398438,0.510108574864723,0.128441053859468
61.798095703125,-0.401996206490671,0.0778146622441794
61.9888305664063,1.03461582234752,-0.236731733958769
62.1795654296875,-0.688156885035655,-0.421853724975859
62.3703002929688,1.52542642099847,-1.77166652851482
62.56103515625,1.74800987339217,0.477992653304406
62.7517700195313,0.626866795678516,0.0328393444655741
62.9425048828125,1.54627569931455,-0.0192475789925861
63.1332397460938,1.21654972027738,1.33808634030491
63.323974609375,0.488253444632161,-0.936607113861341
63.5147094726563,0.860475217074354,-1.38113256085639
63.7054443359375,1.14200629735546,0.596911544152588
63.8961791992188,1.07686327706806,0.590702365420662
64.0869140625,0.905528731898383,-0.335864295646327
64.2776489257813,0.480234285706062,2.33021074011249
64.4683837890625,1.60291142543459,-0.164879972469715
64.6591186523438,1.04857728615906,-0.0630084926575157
64.849853515625,0.17292947164191,1.2363968202327
65.0405883789063,0.469094114012022,-0.13005474617533
65.2313232421875,1.99607651490354,-0.884866174627501
65.4220581054688,1.27562217245822,-0.918043360390902
65.61279296875,0.38285923896628,0.209398523897229
65.8035278320313,1.12393581825071,1.3651309033432
65.9942626953125,0.235498080781301,-1.25700429077129
66.1849975585938,-0.159540556033753,-0.851132965325802
66.375732421875,1.01684300753012,-0.11260688943781
66.5664672851563,-0.477045379766169,0.480683287927967
66.7572021484375,2.12116382181188,0.637214983179362
66.9479370117188,-0.127010020262092,-1.15591531547211
67.138671875,0.795706260443325,-0.0804171536120437
67.3294067382813,-0.209792827766384,-0.298413267103653
67.5201416015625,1.04356408715582,0.23858001451088
67.7108764648438,1.46611739772227,-0.999604725764246
67.901611328125,1.81316585063332,-0.937732724973288
68.0923461914063,0.869878411488,0.475115893882408
68.2830810546875,0.805728693802905,0.309253238555254
68.4738159179688,1.15746243703807,-0.870542795730965
68.66455078125,0.990623662142737,0.0506507886714117
68.8552856445313,1.50342894595537,-0.0166585485945617
69.0460205078125,0.991699230953689,-0.418807393890096
69.2367553710938,0.310258242578346,-0.825014366108935
69.427490234375,-0.110903573325231,0.201706507510293
69.6182250976563,0.872398885487108,0.399915751767482
69.8089599609375,0.937864931876184,-0.822404635055736
69.9996948242188,0.409283356764452,0.4545370784792
70.1904296875,1.59396918348127,-0.612251662609324
70.3811645507813,0.626853108810581,0.549293258488128
70.5718994140625,0.535680999719263,0.0335975218472268
70.7626342773438,0.760903601632275,-0.121299368386464
70.953369140625,0.809910794876445,0.26195250227432
71.1441040039063,0.298941505722726,-0.599761965228939
71.3348388671875,2.04899945511597,0.261347837807521
71.5255737304688,0.509277088538135,0.147756794402287
71.71630859375,1.02040295777339,0.237315401097984
71.9070434570313,0.0232709283921072,1.23622980448935
72.0977783203125,0.475756165632584,0.685535861333889
72.2885131835938,0.420550509801195,0.723789637268454
72.479248046875,0.949939036042564,0.212393698960998
72.6699829101563,1.11252010341246,-1.1787456864264
72.8607177734375,0.413612482834975,0.188880338225499
73.0514526367188,1.19631093453421,-0.391873529512379
73.2421875,1.81822693177959,0.774245956258801
73.4329223632813,2.2661157992112,0.292648045759691
73.6236572265625,-1.00643015363093,-0.735986895956968
73.8143920898438,0.186424323660631,0.61626309858611
74.005126953125,1.54058917041681,0.689811457092596
74.1958618164063,0.228417567901777,-1.18794851683619
74.3865966796875,0.840936122971438,-0.0805061816128442
74.5773315429688,0.692791726270991,1.49439832716503
74.76806640625,-1.46980767908839,1.75218079968074
74.9588012695313,1.04604398836705,0.146721124564998
75.1495361328125,1.60486821602936,0.0964174363355972
75.3402709960938,0.481436626335592,-0.400199157796717
75.531005859375,1.85769751468063,-2.27397464191617
75.7217407226563,1.35582139472775,0.271497394855003
75.9124755859375,1.38797198266499,-0.967599047986318
76.1032104492188,1.29149665672475,-0.108563665108576
76.2939453125,1.2644407235421,0.772510864378508
76.4846801757813,1.74558222607448,-0.237396790381249
76.6754150390625,0.407242118048911,2.13188458796229
76.8661499023438,2.26782078408877,0.850240716459377
77.056884765625,0.447178171595983,1.00031855440153
77.2476196289063,1.2561603304838,-0.804611569342897
77.4383544921875,1.96576554312278,0.196855995231069
77.6290893554688,1.38435149596576,1.14446967065446
77.81982421875,1.1695902023798,-1.31052638707485
78.0105590820313,0.950278043283291,-1.1929793700864
78.2012939453125,1.40869654608645,1.51383880825142
78.3920288085938,0.249195298585643,-0.427524701110941
78.582763671875,1.44718106327757,1.49952971287858
78.7734985351563,1.08167788779397,0.641428192064873
78.9642333984375,0.943345422850087,-0.63819150562281
79.1549682617188,1.27999551950037,1.43823958111912
79.345703125,0.964181136712181,0.704807772178791
79.5364379882813,0.479734640391327,-0.625503320463946
79.7271728515625,1.5544713317364,1.53624750328157
79.9179077148438,0.9350669472995,0.394291138180757
80.108642578125,1.30566914558924,-0.38632742521265
80.2993774414063,0.938680089906324,-1.26002258409188
80.4901123046875,1.86607833630277,-0.872637173020225
80.6808471679688,0.901536224690484,0.895743469762031
80.87158203125,0.656386980430297,-0.398974672936905
81.0623168945313,1.41921460487982,-0.68065521010365
81.2530517578125,0.694640136240759,-1.28319964974423
81.4437866210938,1.21977622571703,-0.908123671355642
81.634521484375,1.20680672073521,0.999161035455619
81.8252563476563,1.47007100632137,-0.0999297745500329
82.0159912109375,1.41791317025903,-0.0862605192281691
82.2067260742188,1.04212063538008,0.126260410785515
82.3974609375,0.846772071401215,0.98106546407649
82.5881958007813,0.799118997282694,-0.716310852008149
82.7789306640625,-0.367771734113215,0.0813121035126133
82.9696655273438,0.739333228929581,1.18201982720809
83.160400390625,0.456591902856142,0.731937993522075
83.3511352539063,2.08334973664049,-0.025999772387686
83.5418701171875,1.1087362627116,-0.0717473982284055
83.7326049804688,1.67425885513205,-0.189099541521472
83.92333984375,-1.16079976814417,1.12105461911413
84.1140747070313,0.270616434577842,-1.34679294112713
84.3048095703125,0.10684889674491,-0.321115234977504
84.4955444335938,0.499801724625563,-0.498494624382151
84.686279296875,0.977178734195997,1.05898346817161
84.8770141601563,1.13330886608202,0.340050054192483
85.0677490234375,1.04410835042876,0.695866542169366
85.2584838867188,-0.590286390397017,-0.903458532787314
85.44921875,1.14584531699919,-0.491305187882652
85.6399536132813,0.739047317242612,-0.841408050511592
85.8306884765625,0.0562650305436859,0.40340064878417
86.0214233398438,1.22392987990514,-0.996885983069687
86.212158203125,1.56311903486426,0.826249973670353
86.4028930664063,0.0720740599988013,-0.163690200501699
86.5936279296875,1.44448904912638,0.949971589654959
86.7843627929688,1.0822927762987,0.15361202553004
86.97509765625,1.08530861005562,-2.0023041867766
87.1658325195313,-0.24436515386763,0.0566749059956782
87.3565673828125,1.30593115427849,0.125664537800198
87.5473022460938,1.98412630476734,-0.166536428558591
87.738037109375,-0.116458506697389,-1.36196595727372
87.9287719726563,0.83227792891728,-0.990776951753094
88.1195068359375,1.06039124705925,-0.813379411632978
88.3102416992188,-0.102584903280454,0.509225828852182
88.5009765625,-0.323961593890727,1.46016857390691
88.6917114257813,2.26023328323594,0.219292536529755
88.8824462890625,1.51440577431573,-1.99495404051873
89.0731811523438,2.27376281520352,-0.248565478130866
89.263916015625,-0.140235274151088,0.550267747126029
89.4546508789063,0.217426932182104,1.41557954031757
89.6453857421875,1.54341547793757,0.682945929562664
89.8361206054688,0.436180223195477,0.0538755290375703
90.02685546875,0.495956360383679,-1.45778128222271
90.2175903320313,0.889264643040454,-0.467171489207347
90.4083251953125,1.32330497818608,0.150759145662421
90.5990600585938,1.65431161519719,-0.139494351936064
90.789794921875,1.63144482061243,-0.526870204396802
90.9805297851563,1.69274354499081,-0.74983159868631
91.1712646484375,1.63950809666333,-0.0353271911389503
91.3619995117188,1.63326832297131,0.637977887090193
91.552734375,0.809096836956385,-1.11201104554499
91.7434692382813,0.627925793474659,-0.168667576584117
91.9342041015625,0.238985181236427,0.128074292869752
92.1249389648438,1.79860767870247,0.0443140798662337
92.315673828125,0.387786105537326,0.644186891520618
92.5064086914063,0.882045926105032,0.0756522797074614
92.6971435546875,1.41364243232087,0.0581327097126545
92.8878784179688,1.85418890833738,0.0591238280914719
93.07861328125,0.719314647473259,1.53960229481001
93.2693481445313,1.15375146805062,0.271924514460715
93.4600830078125,0.898536009454509,-0.386806007605348
93.6508178710938,0.158654584731995,0.53793423951475
93.841552734375,2.65794977427183,0.281362401853047
94.0322875976563,2.60683783116807,-1.03829466109009
94.2230224609375,-0.0255761314030405,-0.599186131608099
94.4137573242188,0.72608967249441,0.753103464665303
94.6044921875,1.15308744543948,0.0421896392889433
94.7952270507813,0.292807747965763,0.819031933462549
94.9859619140625,0.170426374664645,0.673613244641967
95.1766967773438,1.49043115594783,-0.49581624844658
95.367431640625,0.394972413149823,-0.54603179479539
95.5581665039063,1.43772046873786,0.00548255198381182
95.7489013671875,0.879847743155628,1.62378647514887
95.9396362304688,1.44720224281924,-0.540742450125633
96.13037109375,0.0552353463886706,0.148975602362013
96.3211059570313,0.201410508728717,-0.378870365215302
96.5118408203125,1.33051405967913,0.0771418858717897
96.7025756835938,1.21462017052181,-0.859336320848625
96.893310546875,1.36022592025612,-0.151028246377023
97.0840454101563,3.04929445405921,0.350065967599113
97.2747802734375,0.780071438356856,1.19183024117144
97.4655151367188,0.374634579137225,0.875619030116169
97.65625,0.734155442423951,0.949595917123374
97.8469848632813,0.906883832396112,2.64589294450523
98.0377197265625,-0.531214414821762,-0.800387443337317
98.2284545898438,-0.69035549773068,-0.544653416160618
98.419189453125,0.264108370808346,1.30762421392443
98.6099243164063,1.91266737759426,0.0334764786817814
98.8006591796875,1.05742154792623,-1.67755824926032
98.9913940429688,0.784442234195905,0.255832917782191
99.18212890625,1.32097199848554,-0.998230654645334
99.3728637695313,0.561583345857159,1.38267814477579
99.5635986328125,0.0966090246816472,-0.420251398309495
99.7543334960938,0.859214371706091,-0.0976323078550892
99.945068359375,1.02799293564969,-0.13831887678352
