Fre(kHz),Re,Im
-99.945068359375,-0.351010194614857,0.726468456021455,ZeroPoint:Tj,62,0.01
-99.7543334960938,1.40322661451291,1.37079819169581,Const.;stime,2.85884872,6.4E-07
-99.5635986328125,1.98971930786672,0.396869419471442,Fre.Range:Tau,-100:100,1.5E-05
-99.3728637695313,-1.08825709058178,-0.0294465253216146,FFTSize:DataSize:Firstpul,8192:8192,5E-07
-99.18212890625,0.211168326923473,3.10924436207456,100usF010,Freq.=141410000
-98.9913940429688,-0.0128578325801358,1.13849524993095
-98.8006591796875,1.25512900011982,0.947731906414179
-98.6099243164063,-0.712827145840147,-0.14291217454762
-98.419189453125,-0.697486606723159,2.03122710001196
-98.2284545898438,-1.72815264670614,0.0149442323381558
-98.0377197265625,-1.23672413425226,0.170448061056998
-97.8469848632813,2.0610117600868,0.387559156534942
-97.65625,-0.505297951387402,0.912625488974306
-97.4655151367188,1.12819526524023,1.47096449387235
-97.2747802734375,0.0919390677818765,2.40204794127121
-97.0840454101563,0.101383482707937,-0.540274668635477
-96.893310546875,1.08496194080099,2.500621122999
-96.7025756835938,0.282456612512673,1.31588004359377
-96.5118408203125,1.93913561171207,0.266361460714159
-96.3211059570313,0.64591429785688,1.5354122848084
-96.13037109375,1.60525270521654,1.12741050053294
-95.9396362304688,0.582538750384164,0.778121914425621
-95.7489013671875,1.12918676187378,2.53139395672528
-95.5581665039063,-0.862182740262149,-0.424224780380682
-95.367431640625,0.19064392232394,0.97635570453969
-95.1766967773438,0.536856479151457,0.0416087579238354
-94.9859619140625,0.895076387980538,1.55465260985807
-94.7952270507813,-0.705851196937194,0.229069860186844
-94.6044921875,0.905987805195047,3.24246078959841
-94.4137573242188,0.416094681167011,0.531030971643177
-94.2230224609375,0.791842954951019,2.24434213546052
-94.0322875976563,-0.0341979606703182,0.943292636968532
-93.841552734375,0.70897427002618,-0.830252386183104
-93.6508178710938,-0.513239074123975,0.403096634956578
-93.4600830078125,-1.76661035403491,1.20956752684748
-93.2693481445313,0.314065892133248,0.330860761070201
-93.07861328125,0.747218411029838,-1.58809380561735
-92.8878784179688,0.361577593093596,0.930654147974925
-92.6971435546875,-0.416214692166848,1.72888847158559
-92.5064086914063,-0.420723236414654,1.405112129737
-92.315673828125,1.78619624731955,0.638207573004948
-92.1249389648438,0.214437965279356,1.23441244212988
-91.9342041015625,1.85554613665026,0.851459957291052
-91.7434692382813,0.122590340911031,0.490328588074847
-91.552734375,0.859156136806268,0.0545833929381949
-91.3619995117188,1.22193851316171,0.526718581800329
-91.1712646484375,0.0438587927850221,2.29361019061676
-90.9805297851563,1.65828609701571,0.676611110048694
-90.789794921875,0.681822259857006,0.401991478126603
-90.5990600585938,-0.968281398945677,1.38585461505423
-90.4083251953125,-0.955589621268032,0.114531136686198
-90.2175903320313,1.28230528899903,1.71923126255073
-90.02685546875,-0.532066475819023,1.05533549081456
-89.8361206054688,1.45240862162815,0.355564546046903
-89.6453857421875,0.469363580316299,0.158901293360753
-89.4546508789063,1.02807993231747,0.912690009682741
-89.263916015625,1.87126132206742,-0.619704295574574
-89.0731811523438,-0.607464138830862,1.92759426454867
-88.8824462890625,0.754286429045971,1.69669714413922
-88.6917114257813,-0.0301372357377766,-1.10539023002042
-88.5009765625,0.0743349007117386,0.845777553473321
-88.3102416992188,-0.182318108133449,1.45178679037004
-88.1195068359375,1.61041093534392,-0.0816161641307455
-87.9287719726563,-0.745009858377801,0.618586715927649
-87.738037109375,-0.719931094061501,-1.31308378571336
-87.5473022460938,1.79454661949808,1.04757839140004
-87.3565673828125,0.422242338437126,1.77894513360953
-87.1658325195313,0.833806664755481,1.81666383768989
-86.97509765625,1.29791862919431,2.44000356279091
-86.7843627929688,1.71033192327124,-0.169517241420574
-86.5936279296875,-0.51388376684373,1.478677934933
-86.4028930664063,-0.078307576625345,-0.425324783382957
-86.212158203125,0.472559610548571,1.34802925802762
-86.0214233398438,-2.51458656677317,1.97085773725218
-85.8306884765625,1.20455124722577,0.605385771003618
-85.6399536132813,0.0554068654040407,0.919775646604363
-85.44921875,2.03108168498023,0.22780422692612
-85.2584838867188,1.72876066123499,1.41573962946676
-85.0677490234375,-0.325831018275938,2.81491541812075
-84.8770141601563,0.0942910879743622,1.81653673035499
-84.686279296875,0.788329695589882,1.1971230305234
-84.4955444335938,-0.195467301490647,3.03305658366618
-84.3048095703125,0.531096042504541,-0.17252075437256
-84.1140747070313,-0.75282560558572,0.0258617988408136
-83.92333984375,1.25665100259219,1.46756441356866
-83.7326049804688,0.595627727017678,1.15273230336539
-83.5418701171875,0.260568216207921,1.15967539899698
-83.3511352539063,-0.374368198376373,2.37951151301078
-83.160400390625,-0.621870711459374,-0.0732658716232972
-82.9696655273438,3.12687498632591,0.577092588233053
-82.7789306640625,0.66553320390559,1.35681562518964
-82.5881958007813,0.273260021563106,0.809463713785525
-82.3974609375,0.643674515601318,1.54063894414237
-82.2067260742188,-0.412820434338181,0.682697221087522
-82.0159912109375,0.328445017060202,-0.882512475186254
-81.8252563476563,-0.0615265510816235,1.6907952352731
-81.634521484375,1.42939815417871,0.866770836746615
-81.4437866210938,-0.410101620092506,1.60673749962849
-81.2530517578125,0.906167633272402,2.56337201096982
-81.0623168945313,-0.471586246334475,-0.329772072223293
-80.87158203125,0.22001631613001,1.64710928602598
-80.6808471679688,1.26903585228511,1.13077820809749
-80.4901123046875,-0.761218221618417,1.86450431479352
-80.2993774414063,1.73232222578984,0.192135089797515
-80.108642578125,1.32443643074389,1.57479105983533
-79.9179077148438,-0.890298486143324,1.70198458665327
-79.7271728515625,0.498734529986738,0.944692106921522
-79.5364379882813,-1.19105508212763,0.0107757346343185
-79.345703125,-0.0584716843972398,1.51853697236382
-79.1549682617188,0.0536888566800014,2.04289510247812
-78.9642333984375,0.537758725959281,-0.269636464807032
-78.7734985351563,-0.121232508937232,1.42119925610316
-78.582763671875,1.4045591163447,1.27583851019622
-78.3920288085938,0.47549406428937,1.78959678913733
-78.2012939453125,0.73725571706389,1.29126689853395
-78.0105590820313,1.48011045558056,3.63825021304124
-77.81982421875,1.53357519011087,0.609588596230324
-77.6290893554688,0.216403950110373,0.675008523625546
-77.4383544921875,0.611821771254593,1.97240748329043
-77.2476196289063,-1.06819620308652,0.562310677346238
-77.056884765625,1.35833107312365,2.14604637016186
-76.8661499023438,0.842623493326443,0.148425242463142
-76.6754150390625,0.269291534930734,1.26791199243628
-76.4846801757813,-0.177358888707385,1.42278204412414
-76.2939453125,-0.301254105444324,-0.258054013090801
-76.1032104492188,0.466452201047984,-0.372815643935331
-75.9124755859375,0.776935098166786,0.422063620675115
-75.7217407226563,-0.356301405878778,1.64258836592731
-75.531005859375,0.198751313493255,-0.156563627961422
-75.3402709960938,-1.72744340254186,0.697618999557385
-75.1495361328125,1.20227486223601,0.887760574989323
-74.9588012695313,-0.286065468292368,-0.530570915712803
-74.76806640625,0.139098198790439,0.844758431106438
-74.5773315429688,-0.31923244371739,0.0921907863850275
-74.3865966796875,0.438816692085514,-0.536161107865867
-74.1958618164063,-0.945303972382657,-0.484483752097801
-74.005126953125,0.14217436940335,1.20663904236054
-73.8143920898438,1.19476688229892,-0.557935275823648
-73.6236572265625,1.16099452058667,1.94060340741222
-73.4329223632813,1.23592602966324,1.43020001407095
-73.2421875,0.0627259208010232,-0.486082752110063
-73.0514526367188,0.992765686791193,1.09232043624409
-72.8607177734375,1.72382601012936,0.541409170491656
-72.6699829101563,-0.674205954492365,-1.09485050813094
-72.479248046875,1.4767768397728,0.152543075707908
-72.2885131835938,-0.0863998456807333,-1.20726766604948
-72.0977783203125,-0.0637626205144263,-0.223070385518949
-71.9070434570313,-0.367689548373093,-0.36728149274385
-71.71630859375,0.527303733018171,-0.017463926898929
-71.5255737304688,-0.465967799409621,1.73665113410265
-71.3348388671875,0.420139443234167,-0.578442735122234
-71.1441040039063,2.01557001344464,2.29346800059897
-70.953369140625,-0.531760754835964,-0.121018177515643
-70.7626342773438,0.686472001519331,2.21253334328043
-70.5718994140625,0.672019873622754,1.89507721534933
-70.3811645507813,0.292359476406431,1.25165990740439
-70.1904296875,-1.24198996883356,1.62392922354646
-69.9996948242188,1.03249169522566,1.43461124548561
-69.8089599609375,-0.252589650777869,2.0757062167566
-69.6182250976563,0.371419522729837,-0.205926098255158
-69.427490234375,0.508266371891696,1.16212491563404
-69.2367553710938,0.923112994864282,2.06311899353007
-69.0460205078125,1.0344714996818,1.35706205261726
-68.8552856445313,2.00298553865533,-0.390589099704937
-68.66455078125,0.070957913043418,0.352592750346935
-68.4738159179688,-0.284004895818913,-0.228931199035924
-68.2830810546875,1.47842581284442,0.972049697376377
-68.0923461914063,1.76087287059367,1.91045517449685
-67.901611328125,0.351985901113462,0.102321260207952
-67.7108764648438,1.14590059131631,1.36997671755959
-67.5201416015625,-1.00728853978348,0.571715910603153
-67.3294067382813,0.017933357857127,0.0723393934829484
-67.138671875,-0.967426651453176,1.44730981267601
-66.9479370117188,-0.193222002075616,-0.86152482263575
-66.7572021484375,0.814853698574326,1.29188678746077
-66.5664672851563,-1.09198032476817,2.79650056061134
-66.375732421875,0.281042941727457,0.349720493660032
-66.1849975585938,0.707114249940344,2.69325592212291
-65.9942626953125,0.564713635961704,0.554683149428973
-65.8035278320313,1.1209292743281,2.24308511517499
-65.61279296875,-0.217656965095566,3.8345254319122
-65.4220581054688,-0.0563852571659725,0.371247374416655
-65.2313232421875,1.29955112872743,0.800058051906595
-65.0405883789063,-0.621939748121477,1.35497489797556
-64.849853515625,0.609321624848103,2.04066730438306
-64.6591186523438,-0.293298189457752,1.96233987108475
-64.4683837890625,0.140879251527409,1.11666698989003
-64.2776489257813,-0.715304942568768,2.91668594432082
-64.0869140625,1.46659770053375,1.58324641014016
-63.8961791992188,1.21074536186837,0.656681859588641
-63.7054443359375,0.353427259630654,2.40519076332162
-63.5147094726563,0.174839776353111,-0.174018082634088
-63.323974609375,0.121513559093244,1.53829220067014
-63.1332397460938,0.258029130695321,1.7982773145632
-62.9425048828125,0.0645659414662379,-0.80606577560705
-62.7517700195313,0.207692502987317,1.48951693245004
-62.56103515625,0.185736982230595,2.45578006230019
-62.3703002929688,1.60884935319608,1.82837834492593
-62.1795654296875,-0.343567546093395,0.341988963051785
-61.9888305664063,0.0115788731762439,2.02390885446335
-61.798095703125,0.202268506077892,0.670105092645526
-61.6073608398438,0.00340652409687799,1.6542776829301
-61.4166259765625,-1.30155730523087,1.24715664009
-61.2258911132813,0.0587041363960284,0.537858210234011
-61.03515625,0.941335474645971,0.444958118633735
-60.8444213867188,0.484155627102307,1.35278570888522
-60.6536865234375,-0.515792221482463,2.32204872618519
-60.4629516601563,0.791737679501496,0.681676377695611
-60.272216796875,-0.712143024550251,0.442716237645305
-60.0814819335938,-1.49669327579254,0.904805292879171
-59.8907470703125,-0.880886941409044,0.405027094138757
-59.7000122070313,-0.210803675784038,1.06735229813636
-59.50927734375,0.77281922794992,0.83685041038024
-59.3185424804688,0.39573108243693,1.90567947642771
-59.1278076171875,0.337989991746759,2.39845251175059
-58.9370727539063,0.345524935170212,1.14156229845519
-58.746337890625,0.653497089931836,0.161556170752239
-58.5556030273438,0.161651847507603,0.200150184346026
-58.3648681640625,-0.290042632608563,1.18634206393616
-58.1741333007813,-0.521293943856266,0.731781092446984
-57.9833984375,-0.0540591863731693,2.99960994070031
-57.7926635742188,0.999675905408834,2.24714432181721
-57.6019287109375,0.548216482366766,0.945388382303915
-57.4111938476563,0.940559324665068,1.45165681325239
-57.220458984375,0.427572427152983,1.51163091577789
-57.0297241210938,-0.999833032559033,2.62587941018231
-56.8389892578125,0.474982399582416,0.390949090451639
-56.6482543945313,0.806589446156652,-0.976275479290732
-56.45751953125,0.0628588101167899,0.859764746684725
-56.2667846679688,-0.262417127129372,0.324570030883474
-56.0760498046875,0.0382007724354839,1.39860072381204
-55.8853149414063,0.853411214130737,1.91841816665612
-55.694580078125,-0.0680175348718486,0.160928870636825
-55.5038452148438,0.283619617083081,1.31538830382651
-55.3131103515625,0.645892439381612,0.823357383687993
-55.1223754882813,0.871761674518166,2.69669938364558
-54.931640625,0.328378351284926,1.54794722882944
-54.7409057617188,2.00993740840132,0.896112495710811
-54.5501708984375,-0.0284462724257988,1.3336745824394
-54.3594360351563,0.662599110958024,1.40160572131826
-54.168701171875,0.341499672593737,-1.40629466453998
-53.9779663085938,0.486440629357327,0.629076728345552
-53.7872314453125,0.355565327110255,0.417415172736431
-53.5964965820313,0.325342198751014,2.10299760260632
-53.40576171875,1.30374300351069,0.919309145519008
-53.2150268554688,0.882459644445904,1.22086908028855
-53.0242919921875,1.86435237885354,2.64490978775528
-52.8335571289063,1.18056739384939,2.67986053848918
-52.642822265625,0.645322380102688,2.66188786284209
-52.4520874023438,-0.691344430486859,1.49622427587427
-52.2613525390625,0.817798006492401,1.28404677824523
-52.0706176757813,-0.693300683248842,0.0996989382440452
-51.8798828125,1.42256886910299,1.46924350543257
-51.6891479492188,0.890808611942921,1.27628131714349
-51.4984130859375,0.0384638360456086,1.29041654631148
-51.3076782226563,2.82048032769779,0.79603322685177
-51.116943359375,-0.500118763943241,1.92353472069659
-50.9262084960938,0.843032061134491,1.31812049473473
-50.7354736328125,1.2636336607912,0.428083764391455
-50.5447387695313,0.305724468579722,-0.418972439994334
-50.35400390625,0.141989286041734,2.30847852259583
-50.1632690429688,0.420497584857387,2.25439545947435
-49.9725341796875,-0.438079704503743,1.52391571999122
-49.7817993164063,0.95529354811684,0.775665266992294
-49.591064453125,-0.833206227392661,0.418868343265679
-49.4003295898438,0.885256502146523,0.664899555383039
-49.2095947265625,0.693902486663586,0.726909531288411
-49.0188598632813,1.60844825141294,2.4321076277609
-48.828125,-0.512782780497666,0.28375445119823
-48.6373901367188,0.728723538805874,1.93697447984256
-48.4466552734375,1.17505543610343,0.616048043181939
-48.2559204101563,0.00826528299425159,0.0874661088600229
-48.065185546875,-0.158140336800783,0.265565189989851
-47.8744506835938,-0.487783413044273,1.85824305908356
-47.6837158203125,1.84780756709919,2.90661570450143
-47.4929809570313,0.644626455483474,2.1188415625362
-47.30224609375,0.0770272404226055,0.896860970224382
-47.1115112304688,0.460230279550109,0.14028670992094
-46.9207763671875,-0.731068127203109,0.590756993931697
-46.7300415039063,0.83615791596667,2.18169841808894
-46.539306640625,0.849223898796864,1.34113654813382
-46.3485717773438,-0.518966336668121,1.7594536558725
-46.1578369140625,0.674249171413765,-0.113655244229291
-45.9671020507813,0.863426272497141,1.24608882155969
-45.7763671875,1.22735135369104,0.654568830763375
-45.5856323242188,-0.837699180300667,2.62251106499077
-45.3948974609375,-0.250376416067692,-0.4281484237785
-45.2041625976563,1.00390049072408,0.523234116888615
-45.013427734375,0.550638404340314,2.95535175350709
-44.8226928710938,0.84777079637372,0.0350301785261254
-44.6319580078125,0.282003936136211,0.356328146928656
-44.4412231445313,-0.312962555416272,2.27387619456603
-44.25048828125,0.309461553265505,1.33123500141306
-44.0597534179688,0.596253586065753,2.73220677095871
-43.8690185546875,1.58653407160198,2.09514398146059
-43.6782836914063,2.35057250282603,1.5783966538133
-43.487548828125,2.2494369616919,1.47672738246119
-43.2968139648438,0.4840332789266,-0.00730965754884899
-43.1060791015625,0.544606767380321,0.171505466389398
-42.9153442382813,2.00581568182866,-0.266412348604686
-42.724609375,-0.741394682052748,2.57071036200645
-42.5338745117188,2.67199216406274,2.10428624835683
-42.3431396484375,-0.196081465684628,1.50884514029014
-42.1524047851563,-0.460060080152193,0.453875034235798
-41.961669921875,1.02002712936115,3.01670835983366
-41.7709350585938,-1.92015552277609,0.677533316956038
-41.5802001953125,-0.212768005547227,1.48453115050818
-41.3894653320313,0.524768583262813,0.751601861019118
-41.19873046875,-0.377454608856161,2.0557278290584
-41.0079956054688,-0.456902138271858,-0.065767609582438
-40.8172607421875,-0.355870182577624,2.39824398828301
-40.6265258789063,0.194445275991295,0.855291695113629
-40.435791015625,2.37692335351916,0.707947401335571
-40.2450561523438,-0.697144913859713,-0.199819157713549
-40.0543212890625,1.3878133341814,-0.259731108120151
-39.8635864257813,0.886616903473107,-0.553896150439961
-39.6728515625,-0.742963730805939,1.4562435840819
-39.4821166992188,1.48666628552269,1.22121489403238
-39.2913818359375,-1.32613996576574,1.28392404479258
-39.1006469726563,1.98909645314484,3.50206634973495
-38.909912109375,-0.596884381370425,0.688102877236501
-38.7191772460938,-1.46782016156426,2.51504318041503
-38.5284423828125,0.0202393922364279,1.43489633278399
-38.3377075195313,0.184388214865377,1.41300567385016
-38.14697265625,0.583834315170464,1.68810727333539
-37.9562377929688,-1.02534103489253,2.90962262815582
-37.7655029296875,-1.02591786298462,0.900194648666039
-37.5747680664063,-0.192126493940098,1.14633073731239
-37.384033203125,1.05324995715641,1.27178540392051
-37.1932983398438,0.261057035475875,2.04200708657114
-37.0025634765625,2.4226867067549,1.26755588921699
-36.8118286132813,0.850248057126457,2.23536733391269
-36.62109375,0.422945049062443,1.93581599461892
-36.4303588867188,-1.4374615551026,1.85610157668378
-36.2396240234375,0.0300720810938159,-0.310368129355746
-36.0488891601563,0.132130930521012,0.57829533018217
-35.858154296875,0.676249063520072,2.58170143733572
-35.6674194335938,0.470873674505028,1.58490530159804
-35.4766845703125,1.62920045926011,0.963145002068031
-35.2859497070313,-0.262090929034802,1.36208057367454
-35.09521484375,-1.1171104508928,2.1738308755986
-34.9044799804688,-0.739143321648451,2.11444502227156
-34.7137451171875,-0.583535242059615,1.12272227827647
-34.5230102539063,0.789637856399064,2.18803251057923
-34.332275390625,-0.0245428437274193,2.66962261630073
-34.1415405273438,-0.281701951983607,1.53633497689887
-33.9508056640625,1.19220158733422,1.46663015070129
-33.7600708007813,0.0782647754618561,1.22513327247475
-33.5693359375,0.238548805398673,1.36262644890886
-33.3786010742188,0.46634084880148,1.23338320270122
-33.1878662109375,0.816687436271258,2.53957920787507
-32.9971313476563,-0.32701916192429,2.42116190980394
-32.806396484375,0.358025317795016,0.265491865506895
-32.6156616210938,-0.309642131997939,1.0909057990299
-32.4249267578125,-1.18343308894481,2.26101745522481
-32.2341918945313,0.510352207028417,2.87222784946938
-32.04345703125,1.20849003257251,0.697508596403692
-31.8527221679688,-0.55567193578848,1.8129587770781
-31.6619873046875,-0.785159632310223,0.61953185856511
-31.4712524414063,0.412365094262357,2.8219580834405
-31.280517578125,2.32628081829083,1.8237094691597
-31.0897827148438,0.537643035007565,2.1485241507855
-30.8990478515625,-0.0271948282966467,-0.335460982273776
-30.7083129882813,0.877510489933191,0.827632623471975
-30.517578125,2.7145681429889,-0.32557070365883
-30.3268432617188,0.99933355099412,1.56114947292041
-30.1361083984375,0.740073438678005,2.75197705984266
-29.9453735351563,1.11548110723239,0.899922424678466
-29.754638671875,0.574233796054032,2.86401045845969
-29.5639038085938,0.0410234808739635,2.51685229560892
-29.3731689453125,-0.61775745308295,1.31296163327578
-29.1824340820313,2.49061658159579,2.177110011786
-28.99169921875,0.895323387126925,0.212540608242115
-28.8009643554688,0.872096118614309,2.72229676449216
-28.6102294921875,0.308959474279297,2.39547025793779
-28.4194946289063,0.579247744815312,3.71752414101906
-28.228759765625,0.181999292093249,1.85254346103819
-28.0380249023438,-0.168385596953183,1.72582642543533
-27.8472900390625,-0.389504264330596,1.03301645363515
-27.6565551757813,0.620459250641907,1.27830373575859
-27.4658203125,0.0196129981771394,1.16047706517382
-27.2750854492188,0.680975519273041,1.94629867778168
-27.0843505859375,-0.171558798001309,2.49445225710665
-26.8936157226563,-0.0893475911997496,0.635140184116543
-26.702880859375,-0.228960608649951,2.19154644618452
-26.5121459960938,1.32395193440147,0.694169997740706
-26.3214111328125,0.564936447657652,2.89204818381456
-26.1306762695313,0.00971776318237846,3.29404355874442
-25.93994140625,0.0531865027631683,1.48092484901522
-25.7492065429688,-1.32978951458735,2.83210519458256
-25.5584716796875,0.923164936621608,1.61403639933329
-25.3677368164063,1.50409506566515,3.89599454098333
-25.177001953125,0.680376801971481,1.13860687367275
-24.9862670898438,-0.371189980006858,1.68038284145496
-24.7955322265625,2.25104653332233,2.08431985712179
-24.6047973632813,-0.236162601627056,1.61551736856382
-24.4140625,1.62715541469129,1.13874781637407
-24.2233276367188,0.53761663712319,2.32633515824349
-24.0325927734375,0.974176328550712,3.20232796762365
-23.8418579101563,-0.56200642622901,2.00791312169335
-23.651123046875,0.823093795846662,3.08136634198746
-23.4603881835938,-1.58377326310718,3.65626235958005
-23.2696533203125,0.764571478987992,4.1419348122324
-23.0789184570313,-0.194801232790611,3.65951740802715
-22.88818359375,-2.04316036738343,3.05169869680126
-22.6974487304688,0.084566879272155,2.65656606190179
-22.5067138671875,-0.75538210050352,2.68674737034737
-22.3159790039063,0.663970819678367,2.96029244549559
-22.125244140625,2.87526447243627,2.64720568012303
-21.9345092773438,1.23549869705387,2.73627941051572
-21.7437744140625,-0.126547300578897,3.33458671102052
-21.5530395507813,1.47638279515743,1.81720423283796
-21.3623046875,0.774512605319882,2.0565682320409
-21.1715698242188,1.47105120179935,2.53437125059124
-20.9808349609375,1.7592135570932,2.23508451005834
-20.7901000976563,1.95961424959859,2.09457014339023
-20.599365234375,1.54438651346569,3.39166968194954
-20.4086303710938,2.18100941511826,4.84001857014176
-20.2178955078125,0.0834646084586189,2.48364549008191
-20.0271606445313,-0.784651990640347,3.04662271255041
-19.83642578125,2.84127779534164,3.50697615729013
-19.6456909179688,2.96804641681884,2.06600566204978
-19.4549560546875,1.64756755478734,4.70852019914861
-19.2642211914063,2.2517902788768,1.56603557121171
-19.073486328125,0.31822696342507,3.571861155415
-18.8827514648438,1.91313045801915,3.87456075335854
-18.6920166015625,2.16563649544377,1.70850736732733
-18.5012817382813,2.09492058650397,2.60235961966165
-18.310546875,0.362536380274227,2.45555397934626
-18.1198120117188,3.33830169583082,4.25964207191593
-17.9290771484375,2.42218643391296,4.00583249245079
-17.7383422851563,2.66390569351271,1.75479076423517
-17.547607421875,2.58782575003952,2.01254960852039
-17.3568725585938,2.99296161166962,3.52270416604873
-17.1661376953125,1.12740757590464,2.63037306022904
-16.9754028320313,2.22730971042705,3.93090582389387
-16.78466796875,2.42601739409134,5.43808966117761
-16.5939331054688,1.84030879465396,1.51756315282572
-16.4031982421875,0.747997722231843,2.15521077448714
-16.2124633789063,2.80667182333013,2.94334405986014
-16.021728515625,3.71905228402628,2.07831762373693
-15.8309936523438,3.21898628121226,2.72152412735697
-15.6402587890625,2.77773278405693,0.771602273775275
-15.4495239257813,3.43044119323813,2.94950364056221
-15.2587890625,3.54935722780016,1.76770789876597
-15.0680541992188,1.56666494230903,1.57924008392674
-14.8773193359375,2.85023591606697,1.37836256909894
-14.6865844726563,2.14745865479826,2.58865564894256
-14.495849609375,3.6317302218479,1.51282276377389
-14.3051147460938,2.91331126162539,1.92513802399736
-14.1143798828125,2.55328660116103,0.902893639743585
-13.9236450195313,1.89458577651882,3.42704403118006
-13.73291015625,0.473634245109151,1.43427246108881
-13.5421752929688,3.47073412004187,0.533553940088754
-13.3514404296875,2.84683506597797,1.27462664937979
-13.1607055664063,1.89000941679153,1.64786839243061
-12.969970703125,2.35629890480655,1.70860599440017
-12.7792358398438,2.93138451518882,1.62835463713745
-12.5885009765625,0.46736337753108,0.709173223526061
-12.3977661132813,2.30205958478111,1.2520228549349
-12.20703125,1.9078464854155,1.8164843222694
-12.0162963867188,1.71744718823031,2.56001372051067
-11.8255615234375,0.231443375319839,2.09480092479233
-11.6348266601563,2.64707933561945,0.995213277892755
-11.444091796875,2.2271386764552,2.63816890549278
-11.2533569335938,2.0848974220292,2.57255613489643
-11.0626220703125,4.03220457788355,3.47364247940139
-10.8718872070313,2.81849540665444,2.45781756931696
-10.68115234375,1.83569352027642,1.94925216055489
-10.4904174804688,1.51362450344393,2.82927865724892
-10.2996826171875,2.47784780563544,0.676765601714237
-10.1089477539063,4.49357354066464,1.69077993446851
-9.918212890625,1.61761998259903,1.84488392766649
-9.72747802734375,4.15553864993317,1.70806493888767
-9.5367431640625,4.42345979565345,1.17409341588173
-9.34600830078125,3.85977675143979,3.01710805890031
-9.1552734375,2.7107871189687,0.930784240487046
-8.96453857421875,3.35007990228256,2.57502906515763
-8.7738037109375,2.48582633822911,1.7756400625499
-8.58306884765625,2.62138891523666,0.0519655128680374
-8.392333984375,3.85385361318186,1.95573829644854
-8.20159912109375,1.4723551602164,0.257351832141693
-8.0108642578125,3.20793707957446,1.60748532272569
-7.82012939453125,2.89519736762302,1.96449050223839
-7.62939453125,4.50716405415325,0.237064677530474
-7.43865966796875,3.86780102563995,-1.02923530813157
-7.2479248046875,4.70638559786013,0.892362457867021
-7.05718994140625,4.07393264807871,0.853474428875567
-6.866455078125,5.60378947323991,-0.086738607941911
-6.67572021484375,3.22946806718046,0.973198108580669
-6.4849853515625,3.69455589836982,1.64823364917518
-6.29425048828125,5.41189233927168,0.00603443373000981
-6.103515625,4.49247812247129,0.177109291259707
-5.91278076171875,5.51885101739373,-1.15947835447077
-5.7220458984375,2.09540521716328,1.05818138636349
-5.53131103515625,4.57099871395672,0.182188996382943
-5.340576171875,2.52387295702945,-0.0216564292591676
-5.14984130859375,4.00148179128478,-0.219938325469156
-4.9591064453125,3.63394154962395,1.27131906471149
-4.76837158203125,2.45517345687863,-0.924851218534714
-4.57763671875,3.20195024563089,-0.301869916338416
-4.38690185546875,2.25721076630542,0.772000067435968
-4.1961669921875,3.63371323137397,-2.17853903550481
-4.00543212890625,1.79233110095616,1.2427792587404
-3.814697265625,1.6570186494488,-0.368732192210877
-3.62396240234375,2.61351411393802,-1.26568176821896
-3.4332275390625,0.287789615149131,0.969317501282759
-3.24249267578125,-0.0369763983680944,-0.599429089637066
-3.0517578125,2.27058886151317,-1.09413287467886
-2.86102294921875,1.80860533098496,-0.733005522722134
-2.6702880859375,3.37982865927612,0.81297109388779
-2.47955322265625,2.94903861220125,0.531884352531376
-2.288818359375,1.85605597595416,-0.552677881400588
-2.09808349609375,2.46217125083947,-1.15047870014419
-1.9073486328125,2.85085791129226,-0.850156744757577
-1.71661376953125,2.4732735085402,0.392618454479295
-1.52587890625,0.0388337282553073,-0.302882386216313
-1.33514404296875,0.816595400651321,1.17806837011107
-1.1444091796875,1.45055886303394,0.0746646747177187
-0.95367431640625,1.06737343444496,0.0570698168705899
-0.762939453125,2.41299864414365,-0.994019555895569
-0.57220458984375,0.688440628999718,-0.138994976983015
-0.3814697265625,3.08616686604022,0.917792425802754
-0.19073486328125,2.04504770829324,-0.509528706248619
0,1.22195623607723,-0.425979326108618
0.19073486328125,2.76110388094586,-0.303694073793413
0.3814697265625,2.29876235030182,-0.320053959019353
0.57220458984375,1.41912311968985,-0.882182772374083
0.762939453125,3.27194206640892,-0.425363165904006
0.95367431640625,3.22235671339976,-0.671328624392793
1.1444091796875,3.27804742760091,-0.259687512502116
1.33514404296875,0.932355438310052,-0.129178499428933
1.52587890625,2.62760333462279,-0.0544782906626629
1.71661376953125,0.904788222775556,-0.977030594826427
1.9073486328125,1.39732328693252,0.508898496218014
2.09808349609375,1.20595800049044,0.347184813901622
2.288818359375,0.756212725073496,-2.31997321860406
2.47955322265625,0.877079324096571,-2.20095945023592
2.6702880859375,1.35168214037809,0.221545249697256
2.86102294921875,0.913944400642507,-0.499396267991243
3.0517578125,3.24540611638107,-0.0943565426568804
3.24249267578125,2.38000343395227,1.19076333832892
3.4332275390625,0.824483865495676,-0.754266257256061
3.62396240234375,1.66842798820886,-0.217910652822254
3.814697265625,1.55169581783222,-0.783506954166826
4.00543212890625,-0.619410363866602,-0.87265995129619
4.1961669921875,-0.15839484959886,0.167050709986794
4.38690185546875,3.47356866059305,-0.679965677937592
4.57763671875,2.16533172658401,-2.0152331804631
4.76837158203125,0.454527226678111,-0.619381897047252
4.9591064453125,3.41879729935478,-0.751819307320843
5.14984130859375,1.45712521456047,-0.519964917013928
5.340576171875,1.71809680678095,-0.96173185125986
5.53131103515625,0.185184701785328,0.333423328869124
5.7220458984375,2.47693790107316,-1.5456240861295
5.91278076171875,-0.246616761554418,-0.26058691619615
6.103515625,1.66220710904975,0.390417070543458
6.29425048828125,0.920484578197955,1.21490308954537
6.4849853515625,1.13907464170249,-0.0558438624158862
6.67572021484375,-0.104743714640051,1.20886760595552
6.866455078125,2.38780610998868,-0.0747298482590326
7.05718994140625,1.85083867003759,-0.196183967095208
7.2479248046875,1.09696837590723,-0.728861869911111
7.43865966796875,0.976214916991631,-1.29123403151103
7.62939453125,-0.751936039068099,0.544671571933532
7.82012939453125,0.586752683803176,0.589774171166633
8.0108642578125,-0.909075333058134,1.03331502648119
8.20159912109375,-0.088136879267987,0.392211133350757
8.392333984375,0.900311187469432,0.608273338357424
8.58306884765625,0.651330295659846,1.96364410197797
8.7738037109375,0.518006638509593,-0.810964527446951
8.96453857421875,-0.659897822302186,-0.440800251452425
9.1552734375,1.55996928514907,-1.50739748824347
9.34600830078125,-0.0672798654916759,1.48411212128726
9.5367431640625,0.839296242396216,-0.794498798818827
9.72747802734375,0.130177792035452,-0.334024236959572
9.918212890625,1.34099873980814,1.48649532555821
10.1089477539063,1.23821970669329,0.829917725089106
10.2996826171875,1.23361236656183,2.17316254570432
10.4904174804688,0.0501290890364659,0.899839125360518
10.68115234375,0.530134573609392,1.22046669582894
10.8718872070313,1.7382820908734,1.43998812202299
11.0626220703125,0.448138457453065,0.715151627644401
11.2533569335938,1.58201429821279,2.53126323898912
11.444091796875,-0.098608940989406,1.10238394878796
11.6348266601563,0.00274584419469472,0.716585990700817
11.8255615234375,0.239010670859224,0.573057440146275
12.0162963867188,0.997530920089514,2.40235041225888
12.20703125,1.33146007810958,1.8859355622466
12.3977661132813,2.15727824968925,0.235776291296795
12.5885009765625,1.13503496287885,1.21542238734988
12.7792358398438,2.51870073267865,2.50257811498548
12.969970703125,1.43775227689146,1.30333744241889
13.1607055664063,2.18556325424185,0.408038322214642
13.3514404296875,2.43510972688607,2.68657124877122
13.5421752929688,0.586151403167085,0.0421633008869641
13.73291015625,1.11678150747863,1.39577703356413
13.9236450195313,2.64687265542108,0.803495924767025
14.1143798828125,2.20250007021166,0.690984456620995
14.3051147460938,3.9115657301116,-0.812662962507815
14.495849609375,2.46999805411035,0.794078986565608
14.6865844726563,1.28439563699959,0.546480960388588
14.8773193359375,0.324849191071954,0.943879036175342
15.0680541992188,0.907443681111497,0.620935498853963
15.2587890625,1.50830643733997,1.59908744588061
15.4495239257813,1.01117067321754,1.92112380014028
15.6402587890625,1.31780367846658,-0.0529770984733703
15.8309936523438,1.70228083680977,1.87901801154536
16.021728515625,2.79423299971942,-0.300625485714038
16.2124633789063,2.5675904829605,0.115424651942275
16.4031982421875,3.07878525457873,1.77466910781159
16.5939331054688,2.73960039802538,-0.397598840113073
16.78466796875,2.71419921732374,-0.140710011007151
16.9754028320313,1.70728012054713,0.382568313965393
17.1661376953125,1.95320794664522,1.96497806886654
17.3568725585938,2.07386101232275,-0.450683646249615
17.547607421875,4.0612332934444,0.0896947232904849
17.7383422851563,3.79707974372162,0.409302375476567
17.9290771484375,2.39527304419935,0.26185129620063
18.1198120117188,1.70351127779437,1.68095938984048
18.310546875,0.893079188467778,-0.99999239825462
18.5012817382813,1.89682662013212,-0.259986191030998
18.6920166015625,3.06173525766121,-0.857579111667906
18.8827514648438,2.16126732995857,-1.47692124921259
19.073486328125,1.559914789453,-0.200733660803472
19.2642211914063,2.34615945508094,-0.597977381050387
19.4549560546875,2.63399018342216,-1.2292974813585
19.6456909179688,4.10127075274888,-2.53479100940885
19.83642578125,1.18152919325532,-1.27828084881172
20.0271606445313,0.512819595469638,-0.783782191521959
20.2178955078125,0.954559624226405,-2.52100850268553
20.4086303710938,2.90698998652517,-2.20842882175665
20.599365234375,2.94900550472523,-1.9047679599671
20.7901000976563,-0.808397579161596,-1.71355977152743
20.9808349609375,1.3203342450092,0.538019730957125
21.1715698242188,2.05315570218146,-1.37479363928519
21.3623046875,2.66047509653846,0.270678270686909
21.5530395507813,2.29616410838757,-0.732142807159696
21.7437744140625,0.530419911758529,-0.863401826684945
21.9345092773438,0.7060830537221,-0.145308147415956
22.125244140625,1.24931973329672,-0.0148488783131556
22.3159790039063,0.647188452512445,0.0794618130484955
22.5067138671875,1.29345751796921,-0.996544120525467
22.6974487304688,2.19476386332825,-0.181076120961221
22.88818359375,-0.323629905952278,-1.00120781302284
23.0789184570313,1.88862819882131,-1.3660295053222
23.2696533203125,0.224051812612228,-0.360277584334173
23.4603881835938,0.720843871109205,-0.891504014042248
23.651123046875,2.10821182019664,-1.01731522714905
23.8418579101563,1.59889406316369,0.270661878315729
24.0325927734375,0.589256883296657,-1.48130898690425
24.2233276367188,1.83015211437056,0.967450746081309
24.4140625,1.23827321623362,-0.451778439416321
24.6047973632813,0.767132128790645,0.997584534228399
24.7955322265625,0.248946869766983,-0.564447376393689
24.9862670898438,0.921797206250784,0.184136187723831
25.177001953125,-0.561155769990619,0.916536459545111
25.3677368164063,0.113202435620888,0.340966911190749
25.5584716796875,-0.566883396777371,-0.592680554630087
25.7492065429688,0.633767020097365,0.16309262070167
25.93994140625,0.128004473806113,1.6592099463053
26.1306762695313,-0.50569576535201,1.10514744774245
26.3214111328125,0.0768326593252238,0.572050061015126
26.5121459960938,1.20402533954555,-1.79209866316043
26.702880859375,-0.0998090740816184,-2.35145439158995
26.8936157226563,0.378291920605938,-0.530144228503012
27.0843505859375,0.671566739465048,0.256239789554698
27.2750854492188,-0.945650257834895,-1.09816111240211
27.4658203125,1.17516866042165,1.64425148068542
27.6565551757813,1.08800310404695,0.150024114387028
27.8472900390625,1.47673166166007,-0.345594791287927
28.0380249023438,0.186467948018229,0.277508851712435
28.228759765625,0.491572808037655,-1.0867537037487
28.4194946289063,0.529673982423891,-0.951444115057528
28.6102294921875,-0.153617444356459,-0.200181313531508
28.8009643554688,-1.15986250079013,1.51044481600073
28.99169921875,0.784638120514557,-0.234120598595202
29.1824340820313,0.677881984952796,-0.421458360759446
29.3731689453125,-0.344688625236703,0.958962146254782
29.5639038085938,0.0232905889765766,2.64301521575848
29.754638671875,0.440841387479511,0.515715467746412
29.9453735351563,-1.13877571685142,0.511720568342658
30.1361083984375,1.30759620905767,-1.27933300405793
30.3268432617188,2.25026352786909,2.04145714141576
30.517578125,0.88506304095412,1.59071553881805
30.7083129882813,0.217748627114912,0.822492220747245
30.8990478515625,0.374998087075679,-0.754407684745286
31.0897827148438,0.521540714283508,0.613269631156995
31.280517578125,0.605776125582867,3.08679175533503
31.4712524414063,4.43380235922689,0.478942730703271
31.6619873046875,2.129337469324,3.05818171872662
31.8527221679688,1.4271796837883,-0.0348850138798287
32.04345703125,1.91784357063996,0.107329123766414
32.2341918945313,2.96901615152965,-0.623984615075272
32.4249267578125,0.850257679748226,2.11046483628099
32.6156616210938,0.869206834428406,1.40348558184936
32.806396484375,0.839660177093595,-0.0456793850924237
32.9971313476563,1.29800878829636,0.895666132501032
33.1878662109375,1.63990308658099,2.89734702382123
33.3786010742188,0.545331024254584,0.984698668303125
33.5693359375,3.38303327675806,-0.718340678298617
33.7600708007813,2.08972836679727,-0.000705674358854366
33.9508056640625,2.64115612319244,-0.216826716713458
34.1415405273438,2.26680529357442,1.11579531651532
34.332275390625,1.81112528892983,0.31442616618511
34.5230102539063,1.38642036107091,0.118242268917642
34.7137451171875,2.77668386690902,1.14595737680909
34.9044799804688,1.25375312147433,-0.594565037536331
35.09521484375,2.1643321341759,-0.416419206418854
35.2859497070313,2.45612291867555,-1.25257297309058
35.4766845703125,2.46506817251207,-1.58076173281186
35.6674194335938,0.265359156231098,-0.0724559468502781
35.858154296875,2.18419398141525,-0.574849969009971
36.0488891601563,2.69465051371857,0.680028174716848
36.2396240234375,0.0369494665146375,-0.321558940215661
36.4303588867188,2.16098134357924,0.201503553744494
36.62109375,1.04927337375309,-0.457491396933441
36.8118286132813,0.595702206988532,-0.568098723193944
37.0025634765625,1.72428743021674,0.65333111354034
37.1932983398438,2.04101428163969,-1.6699229313963
37.384033203125,1.14019948785293,0.412667577698057
37.5747680664063,1.72615638096919,-0.790396210644745
37.7655029296875,-0.327064593549608,-0.424865972271776
37.9562377929688,-0.79092817219241,-1.41016547702486
38.14697265625,1.50383033013869,-1.84208753631952
38.3377075195313,0.801295151553604,0.810627876531071
38.5284423828125,0.440288627760103,-1.61520988378286
38.7191772460938,1.81485909626049,-0.713323322239897
38.909912109375,0.316572164317383,-0.557199527096564
39.1006469726563,2.04192175300343,-1.11589200470881
39.2913818359375,-0.0742464763737813,-2.45884139468966
39.4821166992188,0.249069511890711,0.716772504430016
39.6728515625,2.43689305002213,1.31439034237207
39.8635864257813,-1.53931658333675,0.30298137452875
40.0543212890625,0.824414037310263,0.529277175219058
40.2450561523438,0.769262433132673,-2.45219489134693
40.435791015625,1.44963912365591,0.739888085228991
40.6265258789063,-0.229476232147783,-0.157692428911278
40.8172607421875,0.764417831180015,-0.0646659249009785
41.0079956054688,0.0941472823708841,-1.66608429539298
41.19873046875,0.895972415034619,-0.745127407166701
41.3894653320313,-0.658905341808296,0.550762480291766
41.5802001953125,1.71130987275175,-0.125564116439145
41.7709350585938,1.45602368425635,0.774808170614593
41.961669921875,0.857258354828179,-1.6574257687716
42.1524047851563,0.591847933394559,0.206132520020689
42.3431396484375,-0.497740565493264,-2.31396677016772
42.5338745117188,0.465935166921671,-1.62585118139171
42.724609375,0.874218713303367,0.151327723743328
42.9153442382813,0.897900147969849,1.50917995900552
43.1060791015625,1.6634783932479,1.29425242473227
43.2968139648438,-0.45065958075468,0.308242468050993
43.487548828125,1.05281645709132,0.227230600450879
43.6782836914063,0.873053188239558,-0.489479749247352
43.8690185546875,1.01305050459126,-0.700646373975914
44.0597534179688,1.35712113591861,0.376742878351375
44.25048828125,0.651374105800514,-0.743198945885413
44.4412231445313,-0.104750120511148,-1.57242076956614
44.6319580078125,0.68366147507218,-1.65488401752376
44.8226928710938,0.473055363425572,-0.284192496042125
45.013427734375,0.43386519800614,-0.845814806503099
45.2041625976563,0.315196684230789,0.77169109349786
45.3948974609375,-0.315588244454608,-1.66791348453033
45.5856323242188,0.0206174111064837,-0.41570655010992
45.7763671875,-1.35445143274441,0.79547663169837
45.9671020507813,-0.0125320859886949,-0.722720716758876
46.1578369140625,0.713467818087407,-1.38689046462108
46.3485717773438,1.4609629952257,-1.79938726502372
46.539306640625,1.057931666951,2.58443766132536
46.7300415039063,0.127977427902059,-2.52324260567151
46.9207763671875,0.925603622494436,0.222900675290963
47.1115112304688,0.613263348278233,0.659099152000366
47.30224609375,-1.09177199590338,1.94562122818722
47.4929809570313,-1.14095263355018,-1.45515451798244
47.6837158203125,0.261788606039172,-0.0730404563983962
47.8744506835938,1.37972529018018,0.491367661296442
48.065185546875,2.36055198367826,1.43596849293895
48.2559204101563,0.152500834720387,-0.915981439725137
48.4466552734375,0.87269257033103,0.232962711443052
48.6373901367188,1.41487136854906,0.888989522653064
48.828125,-0.155079764440918,-0.51871987163798
49.0188598632813,-1.11375676517644,1.71034626640561
49.2095947265625,0.593550563939711,-1.18654288808099
49.4003295898438,1.75944397743669,1.21442212716578
49.591064453125,0.836473809225732,0.726655173882587
49.7817993164063,0.0530722440321603,0.660743224746604
49.9725341796875,1.06518641009257,0.625796892247718
50.1632690429688,-0.990379256007284,0.471181015009189
50.35400390625,1.54347373748572,-1.37037062481911
50.5447387695313,0.0781255185215723,1.29707456020057
50.7354736328125,1.41247336648034,0.477049691255028
50.9262084960938,2.46312147976226,-0.372797614124056
51.116943359375,0.0364569269856043,0.877773080854336
51.3076782226563,-0.157590501795192,0.151324641448243
51.4984130859375,-0.295849204028956,0.432141746830856
51.6891479492188,-0.187441130874358,0.0102607420851974
51.8798828125,0.642578282235046,-0.59491643810937
52.0706176757813,1.55973140098341,1.52883754753409
52.2613525390625,-0.139065967522087,0.550513007112132
52.4520874023438,2.03029054325027,1.0792048265515
52.642822265625,0.0357558211725418,-0.387806823938499
52.8335571289063,0.46960370642239,1.90812266597127
53.0242919921875,0.220922625391802,-0.492488150579725
53.2150268554688,-0.368987627326336,2.11925416863529
53.40576171875,0.579571696245878,-0.747763194174384
53.5964965820313,0.808175198954598,1.73675233069056
53.7872314453125,0.12865855858475,-0.158322671512112
53.9779663085938,0.102546451751124,0.183757252507142
54.168701171875,-0.00454627594074582,0.173820336883092
54.3594360351563,1.08934204557954,-0.0357872634989428
54.5501708984375,1.37790345214062,0.883639169514295
54.7409057617188,-0.295788182359599,1.54820426234761
54.931640625,0.083780394213138,0.0707578780937283
55.1223754882813,0.379395902675995,0.478410726912394
55.3131103515625,0.130945870043451,-1.74895825036495
55.5038452148438,0.617717804544438,0.862031977192459
55.694580078125,2.68501095922846,0.61262882150326
55.8853149414063,-0.355748745115066,0.524882680409102
56.0760498046875,1.25798408265585,-0.724270784194567
56.2667846679688,-0.139312732859925,0.436386480703336
56.45751953125,0.368009096611942,1.14732880798608
56.6482543945313,1.12199789272487,-0.451438257161451
56.8389892578125,2.70296063705435,2.11284893980625
57.0297241210938,-0.205858374722505,-1.68495822140667
57.220458984375,0.205277774205649,-0.782686030243108
57.4111938476563,-0.454802105342787,-0.0702615240611257
57.6019287109375,-0.265234240904224,1.34979720562772
57.7926635742188,1.10328537330634,-0.646895640596461
57.9833984375,0.777756390121196,-0.498613799712426
58.1741333007813,-0.76928199832457,1.11370626252776
58.3648681640625,1.76980203417148,0.134398830303341
58.5556030273438,-1.61570507873118,-0.30196432868559
58.746337890625,1.54048864915233,1.04594145077398
58.9370727539063,2.03597524634952,0.874425690302784
59.1278076171875,-0.973266866372667,0.199981910560827
59.3185424804688,0.479297882476119,0.324000644926878
59.50927734375,0.561655226897241,-1.56896015944445
59.7000122070313,0.44695485428658,1.63032427532107
59.8907470703125,-0.370787446520646,1.57454912243334
60.0814819335938,0.991438867786239,0.453919789682696
60.272216796875,0.230740643464652,0.110210363760234
60.4629516601563,0.568459175833491,0.795465770181023
60.6536865234375,1.63153373247393,-0.407224760736433
60.8444213867188,0.717867574665493,-0.472114862005936
61.03515625,0.604368562913331,0.405071522451613
61.2258911132813,-2.68488883639988,-0.00246634295946656
61.4166259765625,0.355570770888048,-2.32207790385974
61.6073608398438,-1.21990765243677,-0.609191529083816
61.798095703125,2.73276470785523,2.01474173959893
61.9888305664063,2.11737982405488,-1.0929392854155
62.1795654296875,-0.382566921393565,0.188641530919189
62.3703002929688,0.495650879947241,0.209104934080953
62.56103515625,-0.443952443044178,0.301082144924372
62.7517700195313,1.05079907263581,-0.786456470880434
62.9425048828125,0.333910937239314,0.181792721105942
63.1332397460938,-0.237715200829266,0.789472030461596
63.323974609375,0.605463203567819,1.12046826776157
63.5147094726563,0.109819091670211,0.224802549885095
63.7054443359375,-1.34806876817438,1.23188143752291
63.8961791992188,0.329805370889198,0.848168962049622
64.0869140625,0.856418168184874,0.62162100633515
64.2776489257813,-0.451902694959033,-0.371541992373153
64.4683837890625,0.447126096113557,1.38330333954379
64.6591186523438,0.0222894759881854,1.04750375644479
64.849853515625,0.167708224516058,-1.07268970333568
65.0405883789063,-0.352796810642609,-1.03164559678396
65.2313232421875,0.555575568247954,0.893327669019058
65.4220581054688,1.2717886910497,0.810713017183484
65.61279296875,1.70489242366315,-0.793114168897571
65.8035278320313,1.72131302855408,-1.08327588235273
65.9942626953125,2.64154658565879,1.56602952966866
66.1849975585938,-0.674697039839679,-0.0370734051389243
66.375732421875,-0.128707780599327,0.69060833567203
66.5664672851563,0.91110316466891,0.645284974761295
66.7572021484375,1.2928601735139,1.12308849527988
66.9479370117188,0.0818002544103981,0.42289933191869
67.138671875,1.0834081431613,0.238946019408131
67.3294067382813,0.140182539423581,0.0464867954430534
67.5201416015625,1.56369552317157,2.89109630824537
67.7108764648438,2.48006332836873,1.27771293091236
67.901611328125,-0.532053177583048,0.872687518441319
68.0923461914063,-0.149603646514736,-0.0951298973904999
68.2830810546875,-0.93418019170915,2.12564977343375
68.4738159179688,-0.1479603116954,0.39442633964112
68.66455078125,0.669820256292176,-0.964828278340268
68.8552856445313,0.964214298279729,0.108112834378793
69.0460205078125,0.672643623713172,0.809188643388572
69.2367553710938,1.77144627642433,-0.0218860147373728
69.427490234375,-1.57658359355834,0.949731918713623
69.6182250976563,1.15943035200003,-0.665812791691296
69.8089599609375,-0.803715256149962,0.577851213365219
69.9996948242188,-0.293380234102861,1.60900927143639
70.1904296875,2.63830287464731,1.26514868198209
70.3811645507813,1.25408104825197,-1.43395411659615
70.5718994140625,0.63507487314563,2.16889688781819
70.7626342773438,1.22925237647977,1.1969654306627
70.953369140625,1.1405841191432,0.432544345388298
71.1441040039063,-0.149131621869523,-0.875755433132811
71.3348388671875,0.709962305482601,-0.556891585191564
71.5255737304688,0.274622186998026,-0.387422690338253
71.71630859375,-0.325905386655814,1.874601684123
71.9070434570313,0.674349792897214,0.635457421387476
72.0977783203125,1.03570893749342,-0.514638611937433
72.2885131835938,-0.875759742493864,1.33049252075461
72.479248046875,0.721064004205868,0.582072896178965
72.6699829101563,-1.00551484324772,-0.856541430982229
72.8607177734375,0.784457585525871,1.47921523580335
73.0514526367188,0.787699644324112,0.244540899355502
73.2421875,-0.122239235488912,-0.627336050889356
73.4329223632813,0.366342707295444,-0.174602219189068
73.6236572265625,0.3696548300052,0.790138377789031
73.8143920898438,0.539751921209397,0.370126470826628
74.005126953125,1.86123899574337,0.155575940877302
74.1958618164063,0.464830128064287,1.46359046110763
74.3865966796875,1.20466488549308,0.56671604376228
74.5773315429688,0.294358816905401,1.77810803768249
74.76806640625,0.888784345020961,1.59819247769764
74.9588012695313,0.194934835909942,1.20479396324636
75.1495361328125,-0.843348948840714,1.01596993810965
75.3402709960938,1.07056098370918,1.49033808086274
75.531005859375,1.26643621149263,1.4879282021797
75.7217407226563,1.64091794811922,0.465264542527403
75.9124755859375,1.26555175336312,1.03176111798493
76.1032104492188,1.32075831450197,0.302620957020214
76.2939453125,0.771445810451292,-0.00195971182755332
76.4846801757813,-1.07534466073679,1.35469365998438
76.6754150390625,-0.0889565754509476,1.41439939449642
76.8661499023438,1.43032833708934,0.335991171028234
77.056884765625,-0.647352076291355,1.95734638234227
77.2476196289063,-0.469311602458602,1.52406946970767
77.4383544921875,-0.125315130971421,1.40718601621252
77.6290893554688,0.946192974399085,-1.22385017959593
77.81982421875,-0.154947576384501,0.221843567470099
78.0105590820313,0.786411871110211,0.843688573381059
78.2012939453125,2.58960675406494,-0.637342083750203
78.3920288085938,2.06552879773439,-0.299267078394882
78.582763671875,-0.036782716099422,0.387931570562754
78.7734985351563,1.46922469382247,0.179387072458378
78.9642333984375,-0.301198953604581,0.722163514920646
79.1549682617188,1.41575904084956,1.26781327497457
79.345703125,1.24015207946802,1.32315347399407
79.5364379882813,-0.390750184309276,0.767905765294419
79.7271728515625,-0.571951135997068,-0.542873458762794
79.9179077148438,0.841907289462974,0.358856659161252
80.108642578125,0.400566507867118,-0.117407626992344
80.2993774414063,-0.509839397096951,0.342657202081664
80.4901123046875,-1.91481438880318,0.665661771123461
80.6808471679688,0.462817625952565,1.31837311254502
80.87158203125,1.842579301966,-0.670126607252923
81.0623168945313,-0.277070940963873,0.274273892186829
81.2530517578125,-1.60845567807471,0.433661988642168
81.4437866210938,0.0902055254068816,2.75991440347307
81.634521484375,1.29509926695654,0.0799274176447494
81.8252563476563,1.11650365276796,-0.473654935826819
82.0159912109375,3.18036315592274,0.46693615487048
82.2067260742188,1.50363009284423,0.553456200086826
82.3974609375,0.843539973737861,-0.0959741005142609
82.5881958007813,0.478548759228489,-0.330940546336255
82.7789306640625,0.511339912090631,0.144304535249463
82.9696655273438,0.173758569670321,-0.581475447576855
83.160400390625,2.48294190146454,-0.282506592510537
83.3511352539063,-0.56914351361674,-0.218462647281213
83.5418701171875,0.407833254659304,1.05190757428661
83.7326049804688,-0.0432060115825032,0.177684147893373
83.92333984375,0.797116164592348,1.31119621955334
84.1140747070313,-0.676807362987799,2.074265384004
84.3048095703125,1.63604141901476,-0.821451958030647
84.4955444335938,0.0362495728159077,0.570653537699693
84.686279296875,0.803724733061502,1.1086192543714
84.8770141601563,1.12582312018967,1.51235060292862
85.0677490234375,0.280360747592744,-0.149247752738373
85.2584838867188,1.13181097808066,-0.306743874441199
85.44921875,3.84649746486205,-0.352766082246531
85.6399536132813,0.506105419972945,0.90358136497124
85.8306884765625,0.449509730590794,2.77743785200006
86.0214233398438,-0.225741980900544,0.89945635000155
86.212158203125,1.90470409162076,-0.629097167653405
86.4028930664063,1.26040355215127,1.03034003276843
86.5936279296875,1.09901901542518,0.906106040358909
86.7843627929688,0.592048401848659,0.419238664289046
86.97509765625,0.727397509491808,1.0607601477199
87.1658325195313,1.57189841170751,0.668789668674493
87.3565673828125,0.615863381426977,1.01805270416317
87.5473022460938,0.237505825403448,-0.869613078510263
87.738037109375,-0.00136335747125038,-0.876502811198805
87.9287719726563,-0.660040271351515,0.848171333867788
88.1195068359375,1.55505969893735,1.42918971190181
88.3102416992188,1.10086830102538,0.662149016480881
88.5009765625,-0.0800320660380692,-0.603533323768158
88.6917114257813,1.23561284578548,0.31523121474848
88.8824462890625,0.501199103231281,0.125120749593587
89.0731811523438,0.904731946091077,1.14715208398476
89.263916015625,0.776388860643057,0.529109967230062
89.4546508789063,1.08610113489476,1.29495209884786
89.6453857421875,-0.564424382233878,0.899005125384104
89.8361206054688,0.768727393094045,-0.604903854265201
90.02685546875,0.165448815018423,2.02712153485191
90.2175903320313,-0.232888439743795,-1.30307115976933
90.4083251953125,-0.557826495509421,0.792318125361916
90.5990600585938,-1.27195878045432,-1.74620393154339
90.789794921875,0.57114042934679,0.30477940390045
90.9805297851563,1.22786511627605,0.980026259798548
91.1712646484375,1.20713307739952,0.0577691803002831
91.3619995117188,0.638750889416435,2.05418576577652
91.552734375,1.00920294608535,0.527042027458557
91.7434692382813,0.390813000556347,2.68407267655022
91.9342041015625,0.114453396453061,0.469797477453898
92.1249389648438,2.95817604345873,-0.252646246564314
92.315673828125,0.446545777084866,1.07954852023018
92.5064086914063,2.99013974375444,-0.352832778845617
92.6971435546875,0.328296478685371,0.150368734019328
92.8878784179688,-0.482449546261661,-0.233479268536975
93.07861328125,1.04470848084325,-1.25797124602451
93.2693481445313,-0.661242019900635,1.7923624491421
93.4600830078125,1.89809029050394,0.65676114867669
93.6508178710938,0.49471833029168,0.308057303136822
93.841552734375,-0.251329832447994,1.03693826204453
94.0322875976563,-1.93555795355577,0.189365886719035
94.2230224609375,0.801762820338338,-0.157544076450311
94.4137573242188,1.84142684092099,-0.82588550352186
94.6044921875,0.84655627414805,-0.195794434572772
94.7952270507813,1.23701866067028,0.620593871910958
94.9859619140625,-0.254453669607713,0.910281832479397
95.1766967773438,1.28710888034423,2.11845395974406
95.367431640625,0.207081201742314,1.88787330559561
95.5581665039063,0.814807407691504,0.605786810494629
95.7489013671875,-0.664519840042046,1.04997615152533
95.9396362304688,0.76253151853436,0.469003518370836
96.13037109375,-0.931863091797512,1.23438042780745
96.3211059570313,-0.230415808844268,-0.315598410502098
96.5118408203125,1.26816218260163,-1.97208533188824
96.7025756835938,2.11855598446445,0.501133188002148
96.893310546875,-0.400708131217402,0.856503965727699
97.0840454101563,-0.61634383540726,1.4729116566009
97.2747802734375,0.234636103291851,0.509910263081911
97.4655151367188,0.60540930439703,-0.361052940163528
97.65625,-0.202491817435613,1.1576538940808
97.8469848632813,-1.50228784180616,0.0903726718065616
98.0377197265625,0.724896681864928,-0.531995488791789
98.2284545898438,0.740952842217839,0.346303808133822
98.419189453125,0.512766008479499,1.38246061876918
98.6099243164063,1.59298153377191,2.15947900664201
98.8006591796875,1.29685354636695,0.0340917040917745
98.9913940429688,0.121919912374948,1.61333643564279
99.18212890625,0.587690525043878,0.103012173062695
99.3728637695313,-1.00904938236842,-0.839757033528207
99.5635986328125,0.252883729525109,-1.11606792505405
99.7543334960938,1.06655818477333,1.53813072918658
99.945068359375,1.82831678847858,0.694641271234712
