Fre(kHz),Re,Im
-99.945068359375,-1.64946434665157,-0.472696084207548,ZeroPoint:Tj,62,1
-99.7543334960938,0.502240065019083,-0.827217862425095,Const.;stime,2.85884872,6.4E-07
-99.5635986328125,-0.926765058267911,2.12841667665426,Fre.Range:Tau,-100:100,1.5E-05
-99.3728637695313,-1.29473026293881,0.631220851087534,FFTSize:DataSize:Firstpul,8192:8192,5E-07
-99.18212890625,-2.30657549848225,-0.272728407619634,100usF1000,Freq.=141410000
-98.9913940429688,-0.107385152614886,1.23562042762492
-98.8006591796875,-0.128135162919903,-0.44145389275553
-98.6099243164063,-1.20277813596129,0.99385982244105
-98.419189453125,-1.01084934928187,1.79631669963858
-98.2284545898438,-2.62847733675699,0.354167996234214
-98.0377197265625,-3.07538794723505,-1.62304989448774
-97.8469848632813,-2.40792704967209,1.83910793493855
-97.65625,-0.166666510166457,1.97803740058983
-97.4655151367188,-1.33911583905308,0.700444573204216
-97.2747802734375,-0.998108275401072,1.5725620116824
-97.0840454101563,-1.09559076727618,0.0377200410871688
-96.893310546875,-0.237895723187136,1.6195766602402
-96.7025756835938,-1.29177414343213,3.80120787771629
-96.5118408203125,-0.957457988484054,1.7696516656179
-96.3211059570313,-0.319418481789287,0.164803369763427
-96.13037109375,0.729060926874797,-0.170714705143
-95.9396362304688,1.495664274699,1.36670365063028
-95.7489013671875,-1.68288573492169,0.511014476446343
-95.5581665039063,-0.717149041796406,1.02061628666633
-95.367431640625,0.224178428214643,1.54078005360983
-95.1766967773438,-0.135196808847073,0.87384358345485
-94.9859619140625,-1.16807190167889,1.33584166299058
-94.7952270507813,0.917668498722093,0.668746287794252
-94.6044921875,-0.467043523200413,-0.464691319440074
-94.4137573242188,-0.637649404948852,1.49370409851777
-94.2230224609375,0.319647036284736,2.64742457590605
-94.0322875976563,-0.990100639934776,1.54429107124039
-93.841552734375,0.00927621809452909,0.190082811011804
-93.6508178710938,-0.0533634186638533,1.40852118251634
-93.4600830078125,-2.63293603462781,-0.319555197232481
-93.2693481445313,-0.308378409520088,0.268692796019593
-93.07861328125,0.481363365430218,2.65547584317823
-92.8878784179688,-0.900814105006831,0.0909959318208532
-92.6971435546875,-0.278817338912272,2.96016929402615
-92.5064086914063,-0.23420328541676,1.24463606110913
-92.315673828125,-0.107975602510231,1.9168782178955
-92.1249389648438,0.295070574628697,-0.164651000197371
-91.9342041015625,-0.318573293899732,-0.174083381767045
-91.7434692382813,-1.65960374211829,1.01192866094425
-91.552734375,0.0460062919141385,0.944848887655598
-91.3619995117188,-1.11369413330365,2.1365644160278
-91.1712646484375,-0.602678732414675,0.119709821747649
-90.9805297851563,-1.47813733537973,1.7864274678638
-90.789794921875,-1.62535331983194,0.343734774751439
-90.5990600585938,-0.955313162509891,0.0250802674288665
-90.4083251953125,-1.92913457927736,2.34363924041872
-90.2175903320313,-1.10183439406407,1.04211095846114
-90.02685546875,-1.4710185262193,1.15102708371248
-89.8361206054688,-1.19754646563043,1.75461997489187
-89.6453857421875,-1.47525417053091,2.46021006392348
-89.4546508789063,-1.01679363220491,1.86505593390549
-89.263916015625,-2.16540071728832,1.4574618490123
-89.0731811523438,-0.697219705581843,0.64003076763664
-88.8824462890625,-0.915851530444054,-0.68964688026724
-88.6917114257813,-2.13100719076177,0.330559685624905
-88.5009765625,-2.25174434505516,0.859288620101761
-88.3102416992188,-2.56617371417994,0.272071355601015
-88.1195068359375,-1.74410610845334,2.18874567883026
-87.9287719726563,-0.996524936467033,2.85765353168396
-87.738037109375,-1.45284918953609,1.48542361311927
-87.5473022460938,-0.137143212863617,1.16022582511154
-87.3565673828125,0.485434248760375,1.82791113345774
-87.1658325195313,-1.18415766408043,1.10281055258294
-86.97509765625,-0.443944770605608,2.45039896371337
-86.7843627929688,-0.0781986422071868,1.35892083559335
-86.5936279296875,0.132130419246314,0.900175614622997
-86.4028930664063,-0.779712114614217,-0.834569551866903
-86.212158203125,1.26111251392379,0.864935317754255
-86.0214233398438,-1.76081507244736,1.84496380638614
-85.8306884765625,0.417991581836349,1.32495096105264
-85.6399536132813,-0.715296967327937,1.29298710679086
-85.44921875,-1.45481484264487,2.06881592258094
-85.2584838867188,-1.21206271475458,-0.397255356023379
-85.0677490234375,-1.05554198351955,-0.210406713446994
-84.8770141601563,-0.770160261600451,1.89713724300271
-84.686279296875,0.894189750809641,2.5959954241786
-84.4955444335938,-1.1862399869726,3.24086426300258
-84.3048095703125,0.97580567457277,2.298848921317
-84.1140747070313,-0.876515668247191,0.69632286464652
-83.92333984375,-1.17761496606729,2.81282287773523
-83.7326049804688,-0.960615492300764,3.05741525977633
-83.5418701171875,-1.45491240162764,2.1875991222147
-83.3511352539063,0.00638698864631739,0.800197678833131
-83.160400390625,-0.734989584980268,0.775428041513934
-82.9696655273438,-1.0183147885036,2.21672793604387
-82.7789306640625,-1.74770874053768,0.0930763379475081
-82.5881958007813,-1.9938428728135,0.567723722926316
-82.3974609375,-0.0525045739514738,0.417436447976345
-82.2067260742188,-2.07979423882671,-0.46240269048307
-82.0159912109375,-0.392068471516386,2.13389787930926
-81.8252563476563,-0.808365197065196,1.12468252206631
-81.634521484375,-0.646657611250549,2.09778006526348
-81.4437866210938,-0.13336939728985,0.999494573819171
-81.2530517578125,-1.67494869963528,0.766732500898345
-81.0623168945313,-0.894539264242305,0.709409613080505
-80.87158203125,-0.91462900399299,1.53851248814908
-80.6808471679688,-0.333402886341869,1.60755756085472
-80.4901123046875,-0.833700703408818,3.17129745022084
-80.2993774414063,0.691037556490148,1.98297512558449
-80.108642578125,-0.222710506600944,1.57203303850668
-79.9179077148438,-0.253895654598639,0.985181911148829
-79.7271728515625,-0.988706454964162,2.29985125996355
-79.5364379882813,-1.40749259505655,1.73885179448459
-79.345703125,-0.716181239845912,0.842916945686033
-79.1549682617188,0.60850462898034,1.08751703325558
-78.9642333984375,-0.944450480508674,2.4945923786034
-78.7734985351563,-0.933141498951796,0.53026441798641
-78.582763671875,-0.130132632981973,2.29419439186861
-78.3920288085938,-2.6467055831694,2.2072386700835
-78.2012939453125,0.545106624603661,0.355301219978599
-78.0105590820313,-1.4473100633951,0.72232145036986
-77.81982421875,0.133174638263436,1.47097307633975
-77.6290893554688,-1.4558763839641,1.60163796291366
-77.4383544921875,-1.28246216998837,1.32913839827791
-77.2476196289063,-0.48274715116288,2.50621576116598
-77.056884765625,-0.887796892626452,1.26317161064632
-76.8661499023438,-0.720421752405076,1.1090745931476
-76.6754150390625,-2.46713323567331,1.76773850595814
-76.4846801757813,0.299995216611569,1.08106620656272
-76.2939453125,0.0620814484337959,1.65382702532002
-76.1032104492188,-1.12088382980875,1.13468006237868
-75.9124755859375,-0.417348052128634,2.33647459606255
-75.7217407226563,-0.261061407032026,0.969813886090095
-75.531005859375,-1.05394643310596,3.08072536294526
-75.3402709960938,-2.40316149987129,1.4656579715403
-75.1495361328125,-1.19211450127115,2.6693278933563
-74.9588012695313,-0.717662098556882,1.03997156377265
-74.76806640625,-0.950230046267179,2.39894464526593
-74.5773315429688,-1.88201800205556,2.27916379688621
-74.3865966796875,1.78269168472465,2.78364715382218
-74.1958618164063,-2.70061589160638,0.752797938615711
-74.005126953125,-0.0190729004093331,2.5124302454251
-73.8143920898438,-0.6858547472138,-0.927952788140181
-73.6236572265625,-0.933776488613937,2.9193309825993
-73.4329223632813,-3.61683201328842,3.10368389976894
-73.2421875,-0.700955914793673,1.96563503225119
-73.0514526367188,-0.770075212962248,0.716995918547349
-72.8607177734375,-2.10667511836171,2.68455626180944
-72.6699829101563,-0.636226529583735,0.750578876492889
-72.479248046875,-1.3501798183367,1.86851697151992
-72.2885131835938,-2.02684200788465,-0.233300385094549
-72.0977783203125,-1.22788271594728,2.33413164871198
-71.9070434570313,-1.05609838921655,0.615296733071831
-71.71630859375,-0.344405346561361,0.858606584888871
-71.5255737304688,0.246469424403292,2.97260088161966
-71.3348388671875,-1.73352531149767,1.35850183468529
-71.1441040039063,0.295314129151587,1.31538624601893
-70.953369140625,0.827138657592799,2.80932034514627
-70.7626342773438,1.08648135477976,0.802749197834968
-70.5718994140625,-0.693568935985679,0.486310731125492
-70.3811645507813,-0.531005138170495,2.2484802622362
-70.1904296875,-2.00564821371528,3.77363939290598
-69.9996948242188,-1.12479140055244,0.992375413672416
-69.8089599609375,0.238513046015452,2.28981635771504
-69.6182250976563,-3.03942954477871,1.32815672420146
-69.427490234375,-1.05243830697805,2.65753910653537
-69.2367553710938,-1.78255840099761,2.77545860872442
-69.0460205078125,-0.423701261714018,2.46197198883331
-68.8552856445313,-2.18872226107431,2.02376211426
-68.66455078125,-1.53791669243603,1.20704456297887
-68.4738159179688,-1.0596934170178,1.54353699549685
-68.2830810546875,-0.187056504194564,3.72232326698801
-68.0923461914063,-1.09053634442019,4.29863022691451
-67.901611328125,-0.519836026118926,2.96255743431849
-67.7108764648438,1.97418259515117,3.30374779859224
-67.5201416015625,-1.81757692933612,0.669694475574283
-67.3294067382813,-0.963139692849067,1.47963843040434
-67.138671875,-0.000733134317693104,1.87929615569056
-66.9479370117188,0.604018557843519,2.11876194934846
-66.7572021484375,-2.26159539822876,1.73821403895228
-66.5664672851563,0.324640167233991,1.45068559382851
-66.375732421875,-1.34194788401937,2.5729163531161
-66.1849975585938,2.29640269612459,2.39527469699701
-65.9942626953125,-1.45848036377801,1.18052732982679
-65.8035278320313,-1.2655886484428,3.80141086235484
-65.61279296875,-0.280026611881844,3.05868926733648
-65.4220581054688,-0.241367275729682,2.13582279868453
-65.2313232421875,-2.14500936227479,3.00978534005895
-65.0405883789063,0.961587042728276,3.41857618583976
-64.849853515625,-2.20302310188744,3.21646651937478
-64.6591186523438,0.153619346184819,1.60862563360453
-64.4683837890625,-0.0603808882600028,0.929110976341312
-64.2776489257813,-0.938690834089785,1.52861770379685
-64.0869140625,-0.541117650615387,1.97003584817618
-63.8961791992188,-0.246589645674662,1.40823451227337
-63.7054443359375,-1.55896949729014,2.19918575225789
-63.5147094726563,-1.97504330918679,2.02125514074817
-63.323974609375,-2.14002580266538,0.232292344959661
-63.1332397460938,-1.30567432670617,1.58106659913017
-62.9425048828125,-1.13901214355472,2.9728993997403
-62.7517700195313,-0.516926703597491,1.12459496368585
-62.56103515625,0.0858169189435813,1.52779513729113
-62.3703002929688,-2.20140773124246,2.41032550871003
-62.1795654296875,0.879106128940357,1.50370328576001
-61.9888305664063,-0.956429826267676,1.66829202099869
-61.798095703125,-0.85590776145428,3.75124814642953
-61.6073608398438,0.598851765058224,2.72243647021479
-61.4166259765625,-1.56110627718103,3.41170931412616
-61.2258911132813,1.02170647892218,1.66356806003812
-61.03515625,-1.22355465869567,3.5042415118026
-60.8444213867188,0.953542320223801,3.5354990242547
-60.6536865234375,1.27094535361399,2.84859736963844
-60.4629516601563,-0.848650359458889,3.03452725208181
-60.272216796875,-2.33309099351721,0.880642346768064
-60.0814819335938,0.452063935449197,1.96399268796847
-59.8907470703125,-1.96221360073043,2.3594728554887
-59.7000122070313,-0.752742249324801,2.26535150012974
-59.50927734375,-0.479907460095055,1.92769440076815
-59.3185424804688,0.237086120880092,2.51505172166163
-59.1278076171875,0.632007720969407,2.71544659411109
-58.9370727539063,-1.45806761799658,0.104722884963681
-58.746337890625,-0.196686728658835,2.31371873005797
-58.5556030273438,-1.63783208906434,2.17644577477712
-58.3648681640625,-1.42122228408007,2.80369416327405
-58.1741333007813,1.19135032620297,3.93497277308277
-57.9833984375,-0.4726249889099,2.74920330303073
-57.7926635742188,-1.31512780783458,1.88877565738375
-57.6019287109375,-2.97626135244351,4.33986072016715
-57.4111938476563,-2.17840083570282,1.7692576101071
-57.220458984375,-1.78459149793139,1.29677548407345
-57.0297241210938,1.01147114978081,1.50158830067501
-56.8389892578125,-1.28182648457957,4.39805878587928
-56.6482543945313,-0.107571558054899,4.16436870673688
-56.45751953125,-1.02756930975209,2.50047973637506
-56.2667846679688,-1.52790383499545,1.27437477074546
-56.0760498046875,-1.04797881651434,2.72075739744504
-55.8853149414063,-0.513956836919584,1.97104071225673
-55.694580078125,-0.205207249180242,3.58062725617346
-55.5038452148438,-2.66512032567479,2.30290034111383
-55.3131103515625,-0.604036546656244,2.97174547150308
-55.1223754882813,-2.08352101002477,2.56781472345737
-54.931640625,0.968949178167797,3.13332707747463
-54.7409057617188,-0.449432227202305,1.26621054107134
-54.5501708984375,-1.4612610768412,1.23653593088469
-54.3594360351563,-0.447491449371817,4.39694117943385
-54.168701171875,-1.23868646960948,4.02920506316573
-53.9779663085938,1.61499299087598,2.87154893433857
-53.7872314453125,0.00421250474427433,2.4165691877083
-53.5964965820313,-0.594925126016955,1.33120242112885
-53.40576171875,-0.807950249582106,2.0513480232713
-53.2150268554688,-1.16466665405416,2.09682914618631
-53.0242919921875,-0.0201648136522822,3.85623661994409
-52.8335571289063,-1.14922528273055,2.87976337398575
-52.642822265625,0.805825949748546,2.18099682495946
-52.4520874023438,1.16762856494879,1.33208421320425
-52.2613525390625,0.119444209631042,3.0519252508209
-52.0706176757813,1.38622406525569,2.04752546274779
-51.8798828125,-0.606757850165075,0.331355751893703
-51.6891479492188,-0.547560324771169,3.46611148083853
-51.4984130859375,-0.523655264677122,1.58351839102807
-51.3076782226563,-2.24709127885402,2.63401110205693
-51.116943359375,-0.521899085629462,3.71982604357448
-50.9262084960938,-1.76945202699322,2.1904495446021
-50.7354736328125,-0.734098713923957,2.56781300432206
-50.5447387695313,0.783133052340959,1.18197951567673
-50.35400390625,0.613564757452131,2.58417576870875
-50.1632690429688,1.42156693842609,2.87331784939213
-49.9725341796875,-0.534919332774053,3.82753590868091
-49.7817993164063,-0.913144952971409,3.93892563164963
-49.591064453125,-0.456287745369921,2.44732730619294
-49.4003295898438,-1.08029825269352,2.67129122248901
-49.2095947265625,-0.6820485906538,4.96178723748314
-49.0188598632813,-1.45309841696257,3.70089661361318
-48.828125,1.04301340742213,1.04425065142799
-48.6373901367188,0.301235047317775,4.23217893699138
-48.4466552734375,0.222903227334631,3.1368073093875
-48.2559204101563,-0.74740587821717,2.19511037373706
-48.065185546875,-0.996330250496283,2.2922024302335
-47.8744506835938,0.917089856786853,3.740603743437
-47.6837158203125,-1.91145921364239,2.48145852633262
-47.4929809570313,-0.618340487418158,2.42301108250476
-47.30224609375,-1.10036910107495,2.74097048560698
-47.1115112304688,1.01257121797734,2.62613100228598
-46.9207763671875,1.18578339296619,3.42662303429853
-46.7300415039063,-0.589469319677999,2.775375033757
-46.539306640625,0.391649748072935,2.90198825001571
-46.3485717773438,-0.434173691149748,3.72989134248015
-46.1578369140625,-1.27347720026793,3.93295815226445
-45.9671020507813,-0.923497918566487,4.69906460836236
-45.7763671875,-0.0336887786464838,1.98925631575981
-45.5856323242188,1.31667732438157,2.42941313500301
-45.3948974609375,-1.38910467674376,1.30505240459628
-45.2041625976563,-0.226053549476069,4.58446811218961
-45.013427734375,-1.27598317955849,5.00922934251672
-44.8226928710938,0.105445275759355,1.98852373060851
-44.6319580078125,-0.0720488933260096,4.2884239499461
-44.4412231445313,0.700857489839788,3.80959634079848
-44.25048828125,-1.48488316456654,4.4954285609076
-44.0597534179688,-1.66624960704457,2.66276231568804
-43.8690185546875,-1.75770213651124,3.90494231945439
-43.6782836914063,-0.262151084093612,2.61997779839819
-43.487548828125,0.444137804112206,2.58922332936362
-43.2968139648438,-0.876383276937974,4.29394636754041
-43.1060791015625,-1.12234076299562,3.19362502003892
-42.9153442382813,-0.216979658380768,4.71360108074613
-42.724609375,-1.06158668187598,2.68097332441991
-42.5338745117188,-0.133928385678606,2.67380190042968
-42.3431396484375,-0.9906056194831,2.13546313362387
-42.1524047851563,0.732389541373331,3.69430061167757
-41.961669921875,0.196921618214901,4.19936339198019
-41.7709350585938,1.09279673818406,2.106033743543
-41.5802001953125,0.0416754911363338,3.55042111070444
-41.3894653320313,-1.08729921201625,3.30562524981305
-41.19873046875,-2.02421096575628,3.71705385357753
-41.0079956054688,-0.951511463800963,2.89353500878184
-40.8172607421875,-1.84986349260615,3.37898632846489
-40.6265258789063,-1.36610507545094,3.45229215912779
-40.435791015625,-1.17964536311522,3.56209552612604
-40.2450561523438,-1.81229133097977,3.238778713661
-40.0543212890625,-0.264452146237746,2.49919195904097
-39.8635864257813,0.28891208270494,3.70331093326368
-39.6728515625,1.41753956913553,0.62604204081487
-39.4821166992188,0.988601769041731,4.34871231618342
-39.2913818359375,-0.963611642635487,2.19078816496123
-39.1006469726563,-1.12657408162206,2.49172251103896
-38.909912109375,0.890811357530153,3.77278161498402
-38.7191772460938,-1.17374340089862,2.20175332358156
-38.5284423828125,1.36748913961089,4.1073265357613
-38.3377075195313,-1.11827669394015,5.63921784384028
-38.14697265625,0.45392158727334,2.52529390177605
-37.9562377929688,-1.61395228488871,2.25599117962862
-37.7655029296875,-0.0136137069576423,1.94763549392662
-37.5747680664063,-1.2659337299179,2.11508979066331
-37.384033203125,0.604398829375878,2.79304346226656
-37.1932983398438,-0.505241124798455,2.00302547717156
-37.0025634765625,0.267634518528953,2.22047139277255
-36.8118286132813,-0.0964637211182321,3.03709727154994
-36.62109375,-0.698854961626175,2.70554433523487
-36.4303588867188,0.554964501728712,4.64101661146075
-36.2396240234375,-1.79685041518365,4.69756610832924
-36.0488891601563,0.287903561198591,3.70109554618925
-35.858154296875,-0.598450792859643,3.57713966628703
-35.6674194335938,-0.0585996443303301,3.25821254177201
-35.4766845703125,-0.0505097409297611,3.50973694207093
-35.2859497070313,0.352558879226546,2.04631178016271
-35.09521484375,0.283737229817252,3.70449139670421
-34.9044799804688,-1.61097583610632,3.83436957231618
-34.7137451171875,-0.29494580114567,3.6972168426299
-34.5230102539063,-1.10209858306509,3.86347985331718
-34.332275390625,0.522976822358857,4.08395377915916
-34.1415405273438,0.0839097276043146,4.13254381552123
-33.9508056640625,-0.176650293523817,4.23484938727031
-33.7600708007813,-0.103591571558692,3.55791422574558
-33.5693359375,-1.67583235949428,3.94081197412545
-33.3786010742188,-0.0955403465882859,4.35394905795417
-33.1878662109375,-0.665180139669357,3.06314958978606
-32.9971313476563,-0.788948574137855,3.74395661509173
-32.806396484375,-0.914347461832821,3.71844057251483
-32.6156616210938,-0.086573966782475,6.00754504864376
-32.4249267578125,-0.513536262605761,4.28697390589121
-32.2341918945313,-1.33463396805126,4.35882143064108
-32.04345703125,-0.312933112798415,4.06170044780034
-31.8527221679688,-1.2454713363866,4.20734557952071
-31.6619873046875,0.69383542940368,4.21043913421099
-31.4712524414063,-0.322139873370719,5.35780847805502
-31.280517578125,0.604617317745062,4.62658369174787
-31.0897827148438,-0.929584698927033,2.51913398477518
-30.8990478515625,-0.418078105759321,5.05403966684956
-30.7083129882813,0.620791423298383,4.13573799155435
-30.517578125,-0.240143993216511,5.53632146105752
-30.3268432617188,0.168754240990919,5.15688168532797
-30.1361083984375,-0.405273563432644,4.83636271898009
-29.9453735351563,-1.11406785800579,4.52301182197747
-29.754638671875,-0.344453387598378,3.28478092008205
-29.5639038085938,0.758289131238068,4.82162690008308
-29.3731689453125,-1.23984718882882,5.30402618068705
-29.1824340820313,0.758707181977969,5.78429501803198
-28.99169921875,1.69222229501468,5.7956593624313
-28.8009643554688,-1.02174054618429,5.1768862687148
-28.6102294921875,-1.73701313230158,5.43774073885232
-28.4194946289063,0.303025869671265,4.39820963769492
-28.228759765625,-0.199129804362278,5.36842370951493
-28.0380249023438,0.336498355403558,5.34731625743779
-27.8472900390625,-3.0227527598627,4.22831686625333
-27.6565551757813,-0.891504472727775,6.88679018441619
-27.4658203125,0.500782961161169,2.3061712082302
-27.2750854492188,-0.0384265235265413,7.69698639164659
-27.0843505859375,-0.813398951559845,6.53596457776994
-26.8936157226563,-0.817185486057819,6.63224632741725
-26.702880859375,1.13824827002,5.88299459185956
-26.5121459960938,-0.990866141334768,5.85893856165591
-26.3214111328125,-0.44045780903925,5.63750926765153
-26.1306762695313,-0.614748272805416,5.71940873012272
-25.93994140625,0.978774208195576,4.1502983201289
-25.7492065429688,-1.54906563045511,5.42006650864166
-25.5584716796875,-1.13409592297681,6.50209860426362
-25.3677368164063,0.234771781896119,5.98347363892781
-25.177001953125,0.500579662184784,7.12190014569712
-24.9862670898438,-1.53367569130416,6.81295482453544
-24.7955322265625,1.07452946532456,5.69755508500831
-24.6047973632813,-1.76420295351449,6.03049367742642
-24.4140625,0.367804528830045,6.27128333707341
-24.2233276367188,-0.0894797062354529,5.78123992183065
-24.0325927734375,0.464849246190121,6.18319670298897
-23.8418579101563,-0.0737764945376021,7.30279748880111
-23.651123046875,-0.106083796681892,5.79966158813285
-23.4603881835938,0.12225347540213,7.33487767437432
-23.2696533203125,2.11707325639953,8.57594388111664
-23.0789184570313,1.58655287057933,4.94193306045692
-22.88818359375,-0.570880817504867,6.47230261498419
-22.6974487304688,1.68083272996832,6.3758587184175
-22.5067138671875,-1.16936791855669,6.70311755579401
-22.3159790039063,0.956851152016765,7.04317874869509
-22.125244140625,-0.37283112590695,5.99132869331764
-21.9345092773438,0.150091282866255,7.42398037711048
-21.7437744140625,1.32340809900067,6.27710938279592
-21.5530395507813,0.97072134284563,5.29172544068456
-21.3623046875,0.573980694647586,7.38258357351058
-21.1715698242188,-0.717675780869597,7.58821700452355
-20.9808349609375,1.51402929054747,8.47345807970018
-20.7901000976563,1.2797424415769,6.90612716177311
-20.599365234375,1.38616532761403,8.49116489944478
-20.4086303710938,1.43145509919581,7.55112859434048
-20.2178955078125,0.47149536191584,8.03817522336427
-20.0271606445313,2.79533693549366,9.48885961248678
-19.83642578125,3.33032794166342,6.18215970660127
-19.6456909179688,2.00724625637548,7.86301305917379
-19.4549560546875,1.87798787280055,8.68429516765897
-19.2642211914063,2.22061588843111,8.97755354626343
-19.073486328125,3.95766191971756,8.48312481039194
-18.8827514648438,3.32388227187761,8.89684598600488
-18.6920166015625,2.82297776396802,8.32054841544091
-18.5012817382813,2.8294986944314,7.99645128587637
-18.310546875,2.68156918628747,9.00070690287245
-18.1198120117188,3.80041930169187,8.34328567461431
-17.9290771484375,3.24660021469417,8.42592701924889
-17.7383422851563,3.8181794193082,8.40816467238345
-17.547607421875,3.9634973322999,9.78892954572472
-17.3568725585938,2.12862083096594,8.54701809355478
-17.1661376953125,4.7911817914064,7.927336098468
-16.9754028320313,3.03285971745691,7.4931909154538
-16.78466796875,4.16219292936073,8.29144741452638
-16.5939331054688,3.8253155689956,8.64205300921899
-16.4031982421875,7.28936056429942,8.749507872142
-16.2124633789063,4.63046301837053,9.01914685320294
-16.021728515625,6.68501085692719,7.01716269657342
-15.8309936523438,6.59824883043766,8.95132175132472
-15.6402587890625,4.98852359139299,8.69586155759178
-15.4495239257813,4.11016619276043,9.67354894275307
-15.2587890625,6.51396647804181,5.90878156706315
-15.0680541992188,5.7693579813083,7.12038404548696
-14.8773193359375,6.14065501933575,6.84341801000778
-14.6865844726563,5.60724623802015,6.84599461040219
-14.495849609375,5.47728471782128,8.03693481232882
-14.3051147460938,5.36249311338811,5.49244579837312
-14.1143798828125,3.82715366990864,6.25156433644237
-13.9236450195313,6.00190652334712,8.23265041017805
-13.73291015625,4.26648434332713,7.76138844466282
-13.5421752929688,6.00676861482738,6.61402418953725
-13.3514404296875,7.37674952053255,6.62601741566245
-13.1607055664063,5.81474063778595,6.87380496982855
-12.969970703125,5.05349028197874,8.67454459566532
-12.7792358398438,5.71581646727911,7.09118225594572
-12.5885009765625,4.23963350557586,6.91950185656948
-12.3977661132813,5.51435106493441,8.0351572964255
-12.20703125,7.46733468633597,7.91193814639714
-12.0162963867188,7.27505452595714,10.0227977558133
-11.8255615234375,8.41246029936578,8.33794120287757
-11.6348266601563,5.54979867268751,7.6466321596814
-11.444091796875,8.22278632798411,7.57332427332697
-11.2533569335938,6.08805464285579,8.1783607512233
-11.0626220703125,6.36259320119372,7.32995794521493
-10.8718872070313,7.51282162188421,8.06758670103281
-10.68115234375,7.70767066490531,8.01418213179083
-10.4904174804688,7.7495791578215,7.2887762328445
-10.2996826171875,7.03803159361882,10.0444532930735
-10.1089477539063,10.152496478091,9.52429110566655
-9.918212890625,9.56078803419233,7.93927165843888
-9.72747802734375,10.7761574553234,7.81462661784011
-9.5367431640625,8.97144562974964,9.20915183734583
-9.34600830078125,10.1652696184838,5.50928488170917
-9.1552734375,11.5414871152367,7.80119126845701
-8.96453857421875,10.38097279823,6.64035432820424
-8.7738037109375,10.8361254941682,6.02048065343944
-8.58306884765625,10.6943000849379,6.09283283666176
-8.392333984375,10.5637418512156,3.54196010220323
-8.20159912109375,10.6574142515187,4.3184797536041
-8.0108642578125,11.494723610426,6.38544030731012
-7.82012939453125,12.8104195854166,5.21333666281363
-7.62939453125,12.4859791324318,3.46142709670345
-7.43865966796875,13.2829953574369,3.4967902059896
-7.2479248046875,12.0710017141542,5.07851145428845
-7.05718994140625,11.4822003792307,5.17740864455678
-6.866455078125,11.949202216078,2.86973359637252
-6.67572021484375,13.4880713156357,0.230219027220886
-6.4849853515625,11.1385800832583,1.64627698968404
-6.29425048828125,11.6669609005856,2.26131276769881
-6.103515625,11.7883476587586,2.78945114538973
-5.91278076171875,11.8265132468614,1.75598143783301
-5.7220458984375,12.004022883506,1.21614311204422
-5.53131103515625,9.79819455497448,0.17726605653509
-5.340576171875,11.798286074596,-0.205873483579196
-5.14984130859375,11.3686359271391,1.52079538894527
-4.9591064453125,10.2855632600673,-0.00310333007880914
-4.76837158203125,11.0418910136232,0.999837156329523
-4.57763671875,9.88801312437505,-1.48275021337156
-4.38690185546875,8.08775183413494,1.42116200217396
-4.1961669921875,8.73959492330025,1.6702537101588
-4.00543212890625,8.53821889980958,0.841617260166669
-3.814697265625,9.70675789997864,-0.696202557885926
-3.62396240234375,9.91595124412453,1.82697948446702
-3.4332275390625,10.1537967704145,1.92651798595028
-3.24249267578125,9.522216415124,2.88319330295451
-3.0517578125,7.70625759808861,2.05957412040403
-2.86102294921875,8.24337449054999,2.04460056858336
-2.6702880859375,10.0610920275595,-0.625509512621534
-2.47955322265625,9.79354878611872,2.67954662093082
-2.288818359375,10.8449285687038,0.420244696695662
-2.09808349609375,9.13765004832868,0.702139431767897
-1.9073486328125,7.48616506310165,1.56281381541203
-1.71661376953125,8.1337725176619,0.630968651021226
-1.52587890625,9.23110731883495,0.756327770366398
-1.33514404296875,8.4070804162085,2.69739553676263
-1.1444091796875,9.32503651462179,1.05054814818319
-0.95367431640625,11.8174217915149,1.39893043475213
-0.762939453125,9.72721564646997,0.84312023653826
-0.57220458984375,10.5885880015372,0.862786938611439
-0.3814697265625,9.3297181612952,-1.05359408278496
-0.19073486328125,11.3160025388466,-1.28893774142424
0,11.7262283151287,-0.424488005430983
0.19073486328125,12.484833766467,0.285296277562231
0.3814697265625,11.3960174402377,-2.34179917480432
0.57220458984375,11.7676242319677,0.580129124670958
0.762939453125,11.8115991980922,-3.2546897949788
0.95367431640625,12.0454868785683,-0.0169583464920033
1.1444091796875,12.7188266959138,-0.960629014005603
1.33514404296875,12.5850393885844,-4.38403311708834
1.52587890625,11.516696619065,-2.38757814190308
1.71661376953125,11.5865308719517,-4.29823536717034
1.9073486328125,11.9860971852675,-3.50773700633543
2.09808349609375,11.7925778369999,-4.43773208113591
2.288818359375,11.814980980924,-3.17942306415187
2.47955322265625,11.5458018615107,-5.95477688070307
2.6702880859375,9.94308395409007,-5.10174513374824
2.86102294921875,8.95029507848601,-5.51582428232491
3.0517578125,10.2252604655752,-5.78186942666494
3.24249267578125,9.95209776852271,-4.97884287138607
3.4332275390625,10.1784671377213,-7.04150522345084
3.62396240234375,11.0702687983661,-6.46820850486804
3.814697265625,10.3078995922111,-7.78395994741007
4.00543212890625,9.78864606570546,-4.37148136112156
4.1961669921875,6.93923036737965,-7.58157174284039
4.38690185546875,8.04622535043767,-6.2860010107622
4.57763671875,8.37757215823546,-6.41972458278334
4.76837158203125,7.21309326835994,-6.42676280699613
4.9591064453125,6.80089721980202,-8.7550131101335
5.14984130859375,6.96632391693099,-6.37583441131934
5.340576171875,5.88896089663313,-8.60651527668066
5.53131103515625,5.09351225936103,-6.89739686291895
5.7220458984375,4.27593951125239,-6.99689127501248
5.91278076171875,5.39198338902781,-7.56283220302237
6.103515625,5.46382057788131,-6.37377964943995
6.29425048828125,4.88979230562346,-7.93672613061888
6.4849853515625,5.21141678644738,-6.53100924265574
6.67572021484375,3.36250824992275,-7.0536483686694
6.866455078125,3.24157054572856,-7.43553923279038
7.05718994140625,2.56590396519723,-7.55209814413166
7.2479248046875,2.81477400885963,-7.00368904429653
7.43865966796875,4.22019377614481,-6.37906568033725
7.62939453125,2.89615129076108,-6.31225923196683
7.82012939453125,3.9094826280621,-4.99056818421406
8.0108642578125,3.19171918257715,-5.64529355800832
8.20159912109375,1.10743642606209,-4.93039026014572
8.392333984375,0.634092531348366,-4.51101877483494
8.58306884765625,1.24314052601031,-6.31302911320024
8.7738037109375,1.62846798056544,-5.50227662518695
8.96453857421875,2.53205789734435,-6.3173083739678
9.1552734375,2.26981756701837,-4.40752089771531
9.34600830078125,1.06673414242136,-2.9916968719428
9.5367431640625,-0.394170852406908,-4.76371803751716
9.72747802734375,0.147615470950686,-3.97470710540554
9.918212890625,1.91720101252892,-3.35268584580541
10.1089477539063,2.5648791474381,-3.20898981804065
10.2996826171875,0.759217252146716,-3.00947853220628
10.4904174804688,1.67210533419674,-3.33376475638809
10.68115234375,3.01483137401285,-3.50339603238092
10.8718872070313,2.1114050346528,-2.23199345807995
11.0626220703125,1.96281308169778,-2.96355103075031
11.2533569335938,3.14315436465919,-3.45403307166522
11.444091796875,0.33863297487239,-3.15145358015064
11.6348266601563,2.90480932291248,-1.60313584677115
11.8255615234375,-0.4252774781297,-1.00366090031669
12.0162963867188,2.21347084934422,-1.51781639611124
12.20703125,4.03429211825106,0.77301236765714
12.3977661132813,3.31757139629778,-1.66275868839934
12.5885009765625,3.88374897871999,-1.5227498737941
12.7792358398438,2.93983493618763,0.174099321546145
12.969970703125,3.92993374652107,-0.982574179205299
13.1607055664063,3.92736318821554,0.371489511599922
13.3514404296875,2.8691277473803,-1.04347357539297
13.5421752929688,6.23077943458687,-0.586763853435248
13.73291015625,3.13433165014344,0.971105812013943
13.9236450195313,4.13446360007099,0.962435568014207
14.1143798828125,4.77954863756984,-1.77399856273308
14.3051147460938,2.91544525539633,-2.1574785091001
14.495849609375,5.42217282020899,-0.273148428607869
14.6865844726563,4.14180267725386,-2.60447303865294
14.8773193359375,5.59874902983673,-0.0010465047321172
15.0680541992188,5.11723618496918,-0.45320550872162
15.2587890625,6.27531010303292,-1.39538193094134
15.4495239257813,4.68455924415878,-1.78914641837979
15.6402587890625,5.73719761889026,-2.02443305585097
15.8309936523438,4.71089371171631,-2.44162363412578
16.021728515625,7.29943739053037,-3.00220907571268
16.2124633789063,7.13069843235533,-2.34607260039434
16.4031982421875,4.97061905730647,-2.74126835666388
16.5939331054688,5.92237240469366,-3.30808596134013
16.78466796875,5.14392072190974,-2.61183309562188
16.9754028320313,6.21656293191421,-3.75270056685735
17.1661376953125,5.72924043800582,-5.06865954223404
17.3568725585938,3.63944611218846,-4.14469454140205
17.547607421875,5.29046846981064,-5.99600470416476
17.7383422851563,4.82798438415163,-4.32025705421565
17.9290771484375,4.56588873777467,-5.56869444234937
18.1198120117188,5.17925334845038,-5.61254241733508
18.310546875,5.23310347620672,-4.53395138633763
18.5012817382813,5.50654060373201,-6.58280796899238
18.6920166015625,3.75389868675272,-5.69845079088907
18.8827514648438,3.46138206276077,-4.52219328587776
19.073486328125,3.36574012020502,-5.74772630586994
19.2642211914063,2.54009496238546,-6.93111480924848
19.4549560546875,3.74679396673252,-5.73602802017242
19.6456909179688,4.07857467403353,-4.78758259991408
19.83642578125,5.26652294704343,-6.10445647248499
20.0271606445313,3.31336423567568,-5.6003598940052
20.2178955078125,3.40792862383508,-4.8464875816261
20.4086303710938,2.80424151475073,-5.28371168215508
20.599365234375,2.78008570153771,-6.11881195791382
20.7901000976563,1.87268816483839,-4.731263052973
20.9808349609375,1.44024187530032,-6.31898748195671
21.1715698242188,0.684497670178866,-5.27941256581627
21.3623046875,0.680076631989089,-5.1457154345975
21.5530395507813,2.5971024981855,-6.01521034958464
21.7437744140625,-0.715679665790135,-8.18631608289361
21.9345092773438,1.93434028824344,-5.7075071687081
22.125244140625,1.14369788820567,-5.00082703845012
22.3159790039063,0.0821821294697348,-7.40620779931099
22.5067138671875,-0.418973831231131,-4.03493890370761
22.6974487304688,1.72115379242641,-5.28388628568726
22.88818359375,0.136615535246173,-4.6528191042009
23.0789184570313,0.204325406299456,-3.01128260663009
23.2696533203125,2.27066433151778,-3.01063186627682
23.4603881835938,-0.766814052054254,-4.26690116241832
23.651123046875,0.355636020108515,-5.79024909551257
23.8418579101563,-0.874937821013373,-4.21047177319533
24.0325927734375,-0.0155795251994578,-3.78048868556736
24.2233276367188,-2.05181425004973,-3.18480545291464
24.4140625,0.305519802958713,-3.2506323543193
24.6047973632813,1.18570985433319,-3.58895248550385
24.7955322265625,-0.968731247971981,-3.20079977097398
24.9862670898438,1.44778790921998,-3.78299038149287
25.177001953125,-1.83172346141848,-1.25260221240914
25.3677368164063,-1.7742583680246,-2.96640565116962
25.5584716796875,-1.6915555323007,-6.97091054826795
25.7492065429688,-0.15781598795399,-4.62635625488394
25.93994140625,-0.600906848103435,-1.44660440673914
26.1306762695313,-0.12770123200349,-5.04188567310272
26.3214111328125,-0.868161903555723,-2.60756207192725
26.5121459960938,0.472627648082916,-1.60190290319492
26.702880859375,-1.12151855955977,-3.50847061411982
26.8936157226563,0.00665822349509759,-2.70977437678725
27.0843505859375,0.633225779937421,-3.40265904391224
27.2750854492188,0.64395983365997,-2.02751048234101
27.4658203125,0.079932251794543,-2.82707838853289
27.6565551757813,-1.2988710765657,-4.02685529776225
27.8472900390625,0.814893286263821,-2.94712454639676
28.0380249023438,0.16238025981437,-1.06161332635799
28.228759765625,-0.233791580356109,-1.74592073098172
28.4194946289063,-1.34933311769322,-2.15241613109337
28.6102294921875,0.456832832001603,-1.73470725417976
28.8009643554688,-0.028263577187498,-0.929328248048836
28.99169921875,-0.687526772433479,-2.42545601364648
29.1824340820313,1.19060278880084,-0.623956560350342
29.3731689453125,1.74415130643365,-1.33008661573642
29.5639038085938,-0.300517307481721,-1.53568549102541
29.754638671875,-1.01673994743556,-2.79452101988615
29.9453735351563,-0.332473126401726,-1.62339749607939
30.1361083984375,0.799573129274074,-1.80840199789554
30.3268432617188,1.95958175765742,-0.396743614473287
30.517578125,1.31114616849943,-0.149798416497279
30.7083129882813,1.03973490784531,-0.878079530700225
30.8990478515625,1.37986011509001,-1.32657620921811
31.0897827148438,2.20108555941591,-1.77530194012533
31.280517578125,0.00038493680067108,0.215479646680996
31.4712524414063,2.41058490892981,-1.34083790148354
31.6619873046875,1.29993695849026,-0.739336704791944
31.8527221679688,1.65228194614105,-0.838637003087564
32.04345703125,-0.64467865990752,-1.01833577568379
32.2341918945313,2.30019830068996,-1.68976107276874
32.4249267578125,2.9150581868034,-1.67622527362685
32.6156616210938,0.80565298576208,-1.67800071670788
32.806396484375,1.81769261147691,0.0273463226425542
32.9971313476563,2.59999143131491,-1.0471999612932
33.1878662109375,3.71604767320998,-0.7872286516224
33.3786010742188,2.19625272661093,-0.203055834509724
33.5693359375,2.5402925479112,-1.07384064213264
33.7600708007813,3.66764344329814,-3.0312013797626
33.9508056640625,2.72508464703923,-0.89166059663417
34.1415405273438,3.73744312021756,-1.01752022463211
34.332275390625,2.13541942523249,-2.17648596692406
34.5230102539063,1.94827946548065,-2.75157834454918
34.7137451171875,3.09600186374607,-3.47377553006945
34.9044799804688,3.11099648590081,-3.10642899355856
35.09521484375,1.73783115757959,-2.0316964896894
35.2859497070313,1.93866616329249,-2.01897537369547
35.4766845703125,0.906132024200205,-3.76163657680771
35.6674194335938,1.96577029565495,-3.85208220089013
35.858154296875,1.67250360699407,-4.55606277576937
36.0488891601563,1.44515383384369,-4.28246142873344
36.2396240234375,1.50438338639972,-3.62747494896766
36.4303588867188,2.1825280494356,-3.93742694805008
36.62109375,1.87856468463703,-4.90897710805256
36.8118286132813,1.4869030461339,-5.01597069253458
37.0025634765625,1.24859942127181,-2.91857982100753
37.1932983398438,1.9454211044637,-2.91998258081243
37.384033203125,-0.717751959931231,-3.54037498084932
37.5747680664063,0.586535282223131,-4.51894200808537
37.7655029296875,0.796503177724153,-3.58570435173851
37.9562377929688,0.250478699294674,-3.43970096216466
38.14697265625,1.44386765637248,-3.27962731605815
38.3377075195313,0.725155037461221,-2.86794225982974
38.5284423828125,0.714644250209996,-2.62024333021326
38.7191772460938,0.232360888328204,-3.69358130380504
38.909912109375,-2.78535642731209,-2.38800771642459
39.1006469726563,-1.11138787512285,-4.14754090903472
39.2913818359375,0.497614464551553,-2.43873762906175
39.4821166992188,0.172048696460541,-4.26952177547066
39.6728515625,0.131900270190429,-3.92544364158949
39.8635864257813,-0.409175293117625,-5.13770022053578
40.0543212890625,0.0682722002122181,-2.02553171704457
40.2450561523438,1.12360501075257,-3.0659295165974
40.435791015625,0.578791896624661,-2.95741310464986
40.6265258789063,0.900396593273958,-1.87166163557874
40.8172607421875,-1.11493669037506,-4.98847754909711
41.0079956054688,-0.202426895149334,-2.3853020935445
41.19873046875,0.982316581240575,-3.38981788956452
41.3894653320313,-1.07363784112539,-1.96467663554339
41.5802001953125,-0.650797875643719,-2.42939728687089
41.7709350585938,-0.61917675018974,-2.52058012117898
41.961669921875,-0.962362837773752,-2.52125361825812
42.1524047851563,0.813355676181439,-3.74610711466601
42.3431396484375,0.0634214937375012,-2.54324899926802
42.5338745117188,0.444099220332724,-2.85409721988941
42.724609375,0.035105670492654,-1.52096810047552
42.9153442382813,-0.232149919279493,-3.32356508330328
43.1060791015625,-0.683785527369053,-3.57602517578546
43.2968139648438,-2.62526558576758,-2.38567132222031
43.487548828125,-0.697442646968873,-2.0875584672106
43.6782836914063,-2.23047013080911,-3.02579791467553
43.8690185546875,-1.51474633715291,-2.07298190556383
44.0597534179688,0.237211393058172,-2.48573489095234
44.25048828125,0.20962543629482,-3.05040160916256
44.4412231445313,-1.1702011955335,-1.63389234313463
44.6319580078125,-0.625135217826355,-3.51880445340936
44.8226928710938,1.12204264408834,-2.24620167406393
45.013427734375,-0.599871410062943,-2.54937747075571
45.2041625976563,-2.91536279615236,-3.45392334259787
45.3948974609375,-1.11143779342427,-2.51810302156532
45.5856323242188,-0.422290819033554,-2.11229343164781
45.7763671875,-0.72996044803648,-1.76085878521357
45.9671020507813,0.399197319857599,-2.01876107143337
46.1578369140625,-1.23917021044443,-1.39531638553148
46.3485717773438,-1.17356112336611,-2.28940438513996
46.539306640625,1.01838453341581,-2.30647971078177
46.7300415039063,-2.07867314438934,-0.798121135024072
46.9207763671875,-1.00129767460271,-1.47934120294442
47.1115112304688,-1.89962529098469,-0.794696813388031
47.30224609375,-1.35379564846274,-2.35275668683307
47.4929809570313,-0.574713663414128,-1.10824132070266
47.6837158203125,-0.291915431693591,-1.58607834722397
47.8744506835938,-1.27824825955867,-1.6949951013526
48.065185546875,-0.755638020395901,-3.6282139623944
48.2559204101563,-0.711552826708977,-3.53580717113039
48.4466552734375,1.96732710580564,-3.1440701760877
48.6373901367188,-3.12930046519475,-0.112268270857124
48.828125,-1.970057149045,-0.879870639939796
49.0188598632813,0.501058016521589,-1.26482064048069
49.2095947265625,0.0184437903268209,0.849992496530112
49.4003295898438,-0.146125283085615,-1.48651860291695
49.591064453125,-1.1909537841355,-0.851395663475045
49.7817993164063,-3.52407439545242,-1.13988486430344
49.9725341796875,-0.300452246405144,0.209106759922324
50.1632690429688,-1.5423926729649,-2.16090237312301
50.35400390625,-0.00633387833379401,-2.38862764349769
50.5447387695313,-2.58361515035301,-1.6819791248527
50.7354736328125,-0.235682043236138,-1.35925417950893
50.9262084960938,-0.0362450921239555,-2.25332567177188
51.116943359375,0.714182158320863,-1.21836336984071
51.3076782226563,-0.0157002811464201,-0.0244630196786005
51.4984130859375,-0.472844245653693,-1.98042673778761
51.6891479492188,0.222753488980715,-1.18799644828301
51.8798828125,1.25553463082981,-0.914359000863859
52.0706176757813,-1.94884659166566,-0.416836662148141
52.2613525390625,-1.53240478446584,-1.83397217854874
52.4520874023438,-0.8794502927577,-1.53468479519617
52.642822265625,-1.78443770058207,-1.59253848206308
52.8335571289063,-0.591469172414415,-3.09093356297567
53.0242919921875,-0.472404833958675,-1.27047955852203
53.2150268554688,-0.0505621584916183,-2.31479504375218
53.40576171875,-0.201569010528175,-0.504312930681199
53.5964965820313,0.707085700155408,-0.759598749136684
53.7872314453125,-0.234509358087194,-1.93380143675383
53.9779663085938,-1.55001710873475,-2.61130853496619
54.168701171875,-1.41585688645614,0.0798805947850258
54.3594360351563,-1.42077141088047,-0.334322098245589
54.5501708984375,-0.754425020607755,-1.94104472724056
54.7409057617188,-2.36098229988184,-0.252067619389067
54.931640625,-1.46358126657161,-1.18978306287797
55.1223754882813,-0.710224223929411,-2.65724364923692
55.3131103515625,1.32328061922126,-2.01763243598244
55.5038452148438,-0.420361994986905,-1.76377666412611
55.694580078125,-0.804862177146418,-0.750629663016639
55.8853149414063,-0.99660468507616,-1.06481843510466
56.0760498046875,-0.160487705349462,-2.58284679035264
56.2667846679688,-1.39344303402008,-1.5892405620344
56.45751953125,-1.78005057518746,-0.921907981371492
56.6482543945313,-0.592203924355218,-3.25748516726536
56.8389892578125,-2.58544931983084,0.391606392401312
57.0297241210938,-1.14804417637381,-2.02854603480751
57.220458984375,-2.6055434908678,0.769501798887215
57.4111938476563,-0.839665605216366,-1.05066445601881
57.6019287109375,0.255171374219221,-0.962734610862361
57.7926635742188,-1.06904876467154,-0.555461041311912
57.9833984375,1.90117759853992,-1.28090244367081
58.1741333007813,-1.79234092264147,-2.92190851203709
58.3648681640625,-0.570000710645654,-2.21421679421566
58.5556030273438,0.814497631107776,-1.03286491376421
58.746337890625,-2.8498545295835,-1.75651541667256
58.9370727539063,-0.148422554512768,-1.7150933806072
59.1278076171875,-0.56118176908325,-0.220323486427245
59.3185424804688,0.796140842805046,-0.920911565279713
59.50927734375,-2.0689053138524,-0.797159638456056
59.7000122070313,-1.36024788464177,0.435171943052684
59.8907470703125,-1.49308027262174,-3.05748302059666
60.0814819335938,-1.35022183540884,0.11279040245888
60.272216796875,-1.49340807915159,-0.366275876583134
60.4629516601563,-1.03547103625389,-0.22814360856551
60.6536865234375,-1.31332259325988,-0.339234386799989
60.8444213867188,0.971595893916364,-0.755339504048254
61.03515625,-1.31609996869813,-0.621120175317391
61.2258911132813,-0.82307501358175,-2.38225864796037
61.4166259765625,-1.24564684331584,0.335273997755735
61.6073608398438,-1.43089475924339,1.35533106289393
61.798095703125,-1.72981821215077,0.978830113355293
61.9888305664063,-0.870716277203604,-1.87759076779793
62.1795654296875,-1.42423180706798,1.27635670638581
62.3703002929688,-3.90782516425029,-0.205762111496592
62.56103515625,-0.490811500543218,1.07375121149728
62.7517700195313,-0.347886117611446,-1.47358093267312
62.9425048828125,-0.974290757999546,-1.45487927747948
63.1332397460938,-1.3422443017796,-2.21797426667966
63.323974609375,0.416904549850781,-1.78608931498222
63.5147094726563,-1.11296607372981,-0.027211025092706
63.7054443359375,-0.624741148852226,-0.634763442822076
63.8961791992188,-0.436387574724099,-0.653838205705291
64.0869140625,-1.81855611797493,0.565022517257202
64.2776489257813,-0.155926829750195,-1.42056902253668
64.4683837890625,0.0518719416652769,-1.00226781149719
64.6591186523438,-0.74489207087567,0.0551927847096364
64.849853515625,0.165493349735687,-0.725038854802594
65.0405883789063,-1.96708126902402,0.395989101223951
65.2313232421875,-1.64336075251905,-0.504184516829994
65.4220581054688,0.260938145097969,-0.864407002348299
65.61279296875,-0.871468924319261,0.0304332905487009
65.8035278320313,0.146762445761825,0.333561122131735
65.9942626953125,-1.64185678876931,0.333392055043252
66.1849975585938,0.522710638361744,-0.038799041284533
66.375732421875,-0.0417375674857564,-1.17294649545476
66.5664672851563,-2.00251293044094,-0.896388766135238
66.7572021484375,-0.597856760878882,0.000789311756468819
66.9479370117188,-2.98151136906315,0.934064957001151
67.138671875,-1.42591641176381,-0.319784322270622
67.3294067382813,-0.418722948641568,-0.0877810672799405
67.5201416015625,-0.754979178699056,-0.344191538341924
67.7108764648438,-0.774743065720044,-0.82253844326892
67.901611328125,-2.03178203560374,1.70326204816548
68.0923461914063,-0.694233454633384,-0.168383781124836
68.2830810546875,-1.32737840468751,0.34426900258744
68.4738159179688,-1.23901207470403,-1.35837753206659
68.66455078125,0.908836597645818,-1.65593501059127
68.8552856445313,-1.93446708469769,1.14819265121206
69.0460205078125,-0.294217001609677,-1.36183248078856
69.2367553710938,-1.83956881438015,0.386362991728335
69.427490234375,0.459721255696803,0.688174297192814
69.6182250976563,-1.03724824939086,-0.574264693280755
69.8089599609375,-1.58846488851952,0.308772463478881
69.9996948242188,-0.615987847579285,-0.257645539295611
70.1904296875,-1.22041648393922,-0.298278354796375
70.3811645507813,-0.930325128498333,0.0687948707815804
70.5718994140625,-1.22138038854691,-0.919839866920479
70.7626342773438,-1.67982356499072,-1.35026605314335
70.953369140625,-0.946881240722717,-1.58095079804558
71.1441040039063,-1.29898753380254,0.448143319068332
71.3348388671875,-0.59090424395472,-0.57929422502573
71.5255737304688,-0.372151055267916,-1.24259248671377
71.71630859375,-0.723897690282215,0.735134549904885
71.9070434570313,-2.29030257064266,0.471045828017528
72.0977783203125,-0.0759114070287883,-0.63355217477633
72.2885131835938,1.0192884512755,0.690678529790518
72.479248046875,-1.60900353086692,1.28404092408427
72.6699829101563,1.19853932071346,1.89072459748092
72.8607177734375,1.81256109001702,0.0819051507452821
73.0514526367188,-0.20269822172536,-1.17116067431528
73.2421875,0.641096076669164,-1.300598178711
73.4329223632813,0.739360781364549,-0.754201383619409
73.6236572265625,-0.673815227865903,0.865123520196537
73.8143920898438,-2.03550903433896,1.78958474496429
74.005126953125,-1.4014962051379,0.538129161141385
74.1958618164063,0.372109760286938,-0.385212561780917
74.3865966796875,-0.0867315330966767,-0.0377135535259576
74.5773315429688,-1.83175566583394,-0.919226374899821
74.76806640625,-1.88697738610671,-1.50112177360534
74.9588012695313,-1.57153262897124,-0.68046661501614
75.1495361328125,0.392565947131029,0.206354197344332
75.3402709960938,-0.457599013625325,0.697346551816039
75.531005859375,-1.18790350137551,-0.440506385667004
75.7217407226563,-0.885892204900012,0.459090633665213
75.9124755859375,-0.838561790970028,-0.294186692310901
76.1032104492188,-0.952048084881182,0.232063779373507
76.2939453125,-0.25764632468602,-0.164178028316716
76.4846801757813,-0.574976341198092,1.34275349024376
76.6754150390625,0.45652970685943,-1.46757246890595
76.8661499023438,-0.934054686467027,1.88699476567413
77.056884765625,-0.597269451127022,0.370910588232231
77.2476196289063,-2.69453455942674,0.760642975446018
77.4383544921875,-1.62331197836044,-2.07634142585756
77.6290893554688,-0.721637402660147,1.60343018685278
77.81982421875,0.862579479703116,1.18547774744831
78.0105590820313,-1.14898094521663,2.11246189084775
78.2012939453125,-1.51470528394457,0.43008601077858
78.3920288085938,-1.29711039474499,-0.505535707793226
78.582763671875,-1.20610840673533,1.51929212885324
78.7734985351563,-0.399995721605322,0.372041208712328
78.9642333984375,0.432246949084979,-0.00855307645456194
79.1549682617188,-1.1190381946182,0.0653697099657301
79.345703125,0.638536146034152,0.407552527963811
79.5364379882813,-0.236480711220431,0.917128057120553
79.7271728515625,-0.503378119079409,-0.548095936399678
79.9179077148438,0.384654183005378,0.536552990497721
80.108642578125,-0.646442763901025,0.501189633879466
80.2993774414063,-0.940124057691582,-0.46619901675112
80.4901123046875,0.749916252359334,-0.260170733739483
80.6808471679688,0.395617229299114,0.527900008442809
80.87158203125,-1.24002576651549,-0.714706481359141
81.0623168945313,-1.33524316923392,-0.071943169057788
81.2530517578125,-1.17638295787222,0.241548282183158
81.4437866210938,-1.17139269691895,-2.21093671490915
81.634521484375,-1.72017107207948,-1.06692528244698
81.8252563476563,-0.130355965215106,-0.80355530774952
82.0159912109375,0.163826956135126,-0.497735892360059
82.2067260742188,0.275037807918173,0.453143374285851
82.3974609375,-2.09404426673212,0.460616276518746
82.5881958007813,1.06015698208271,1.67198909871366
82.7789306640625,0.492372791359588,0.146183832963217
82.9696655273438,1.55799713023554,-0.768097867087936
83.160400390625,-1.97623843819544,-0.781278244021943
83.3511352539063,-0.485804677601529,-1.25489548896376
83.5418701171875,-0.533093413999593,0.673403154622819
83.7326049804688,-0.265398741246101,0.959017730167988
83.92333984375,-1.26369128775908,0.699148281756058
84.1140747070313,-0.678584495944292,-1.47267651214798
84.3048095703125,-1.39749535905256,-0.533427756762183
84.4955444335938,0.51589279607618,0.628704250033813
84.686279296875,-1.6610974934955,1.88088990594941
84.8770141601563,0.314570279746085,0.0924678348872501
85.0677490234375,-0.948114628155418,-0.0121973508531418
85.2584838867188,0.979604845381605,0.886677759819603
85.44921875,-0.232096886417205,0.174380322974331
85.6399536132813,-1.21465812786142,1.35785736838338
85.8306884765625,-0.203431376939801,-0.874260476555058
86.0214233398438,-0.598352051456696,1.4924941092373
86.212158203125,-1.76647872418099,0.181720083958563
86.4028930664063,-1.72893084936318,0.377076364900901
86.5936279296875,1.7557149958753,1.26479747571795
86.7843627929688,-1.84822237267092,-0.233388619721061
86.97509765625,-1.35624129156199,-0.304255673457515
87.1658325195313,-0.754343305936045,1.50087827557004
87.3565673828125,0.163625427612712,-0.0196152986813509
87.5473022460938,-0.00103176460726205,-0.181709527760108
87.738037109375,0.0932882491252634,1.6221669587371
87.9287719726563,0.361105654720984,0.938163945488264
88.1195068359375,-2.1145158946073,1.20327154627183
88.3102416992188,-0.606603890206272,1.34666522294126
88.5009765625,-2.401901486707,1.9558757495895
88.6917114257813,-1.56592641131401,0.481564882853219
88.8824462890625,-1.72636344770014,-0.925660015851118
89.0731811523438,-0.890836287445063,0.508343008061606
89.263916015625,0.970045848857274,-0.997682679532561
89.4546508789063,-1.13958394423546,0.905859612794279
89.6453857421875,0.936739895238502,0.864273349324691
89.8361206054688,-1.71709759868722,0.787498494404234
90.02685546875,0.211497439708669,-0.0249264268052692
90.2175903320313,0.844659243061085,0.703415623834897
90.4083251953125,-0.605797724753784,0.462031116579261
90.5990600585938,-0.340856992598689,-0.299934236662124
90.789794921875,-1.07458275442572,-0.434024569788541
90.9805297851563,0.795604958393284,-1.03762855337365
91.1712646484375,1.3786822910384,-0.460367209812241
91.3619995117188,-1.79154472740936,0.26526696075219
91.552734375,0.473710516872604,1.84801668831853
91.7434692382813,-0.543815367919915,-0.339252814672128
91.9342041015625,0.0770375801767222,1.42163495568464
92.1249389648438,-1.90474517060905,0.251308445982533
92.315673828125,-0.913509379306012,0.330571848600746
92.5064086914063,-0.880913959792767,0.816453964891733
92.6971435546875,-1.59860971039485,-0.389293094322249
92.8878784179688,-2.46853051923919,0.91536854448574
93.07861328125,1.36369641656596,-0.713598563778057
93.2693481445313,-0.321267442142888,0.639968684618956
93.4600830078125,2.27572628068926,1.64428213028229
93.6508178710938,-1.8946818809349,2.06795009523082
93.841552734375,0.363988111744441,-0.369063148630344
94.0322875976563,1.28116910584276,-0.0588148312625748
94.2230224609375,1.44686605708573,0.210245787176582
94.4137573242188,-0.417466638543438,-0.0747518525844693
94.6044921875,0.628009626145527,1.15560741795078
94.7952270507813,-1.04183044893997,-0.300054067659614
94.9859619140625,0.023957967106306,0.904567967225465
95.1766967773438,0.505865978805521,0.861734440106715
95.367431640625,-0.591939732000271,-0.957351142736271
95.5581665039063,-1.86086090254253,2.10963924972517
95.7489013671875,0.0622261818708326,1.81349753771134
95.9396362304688,-0.413942009327453,-0.39285656147067
96.13037109375,0.083550199129932,2.18842125870776
96.3211059570313,-1.44796860079516,-0.775435777549499
96.5118408203125,-1.80221672728118,0.504680727662561
96.7025756835938,-1.86064582654875,0.394863092239486
96.893310546875,2.11211161069105,0.620647030324063
97.0840454101563,0.450730590902724,1.74466516331414
97.2747802734375,-1.19434054008418,0.725583044759181
97.4655151367188,-0.533043871725775,0.374086837713698
97.65625,-1.02778996556942,2.58343184112493
97.8469848632813,-0.641343992510877,2.41564264628965
98.0377197265625,-1.48312784086817,0.691344673041755
98.2284545898438,0.789267420033509,1.43911523029305
98.419189453125,-1.79987342477806,0.905985810540437
98.6099243164063,1.34419830009134,0.24954840439776
98.8006591796875,-0.530709060687827,1.8015998301849
98.9913940429688,-1.45077220276276,-0.180140274779645
99.18212890625,-1.0204742657897,0.702343565925914
99.3728637695313,0.497499199276563,-0.246609402981627
99.5635986328125,-1.47832044276977,0.0936701865689047
99.7543334960938,-0.792056010842077,0.613336563200594
99.945068359375,0.95371129515896,-0.141224809550563
