Fre(kHz),Re,Im
-59.8907470703125,-2.37268360658957,6.17868269598734,ZeroPoint:Tj,48,0.3
-59.7000122070313,3.89158876578339,1.33146571491295,Const.;stime,8.07389144,6.4E-07
-59.50927734375,7.0837389847757,-3.43500163483979,Fre.Range:Tau,-60:60,3E-05
-59.3185424804688,0.47591609058984,-0.672828475831782,FFTSize:DataSize:Firstpul,8192:8192,8E-07
-59.1278076171875,2.44939969470918,-3.47064477523601,90kT1-2F300,Freq.=139776000
-58.9370727539063,-0.282764684582635,-3.50294851680604
-58.746337890625,5.99516289061491,-0.368125975865734
-58.5556030273438,-0.441635339873176,-1.03695718853777
-58.3648681640625,-0.121752086739873,2.39709509962719
-58.1741333007813,1.59800668067416,-6.31999128714357
-57.9833984375,4.06612003024433,5.18923498851645
-57.7926635742188,1.7444801750259,0.588455832653341
-57.6019287109375,-2.45856420603256,1.53466748689044
-57.4111938476563,4.40192303033764,0.114087438338319
-57.220458984375,-1.3081669246479,-2.70566352979466
-57.0297241210938,0.724755889777103,-3.50389198012021
-56.8389892578125,4.59145356341231,-1.0887639799741
-56.6482543945313,-2.98041100611271,4.22316045402586
-56.45751953125,1.08888260473258,-2.94188529732851
-56.2667846679688,-0.559316109203748,-0.757509073973735
-56.0760498046875,0.885487655532476,-2.19409667644079
-55.8853149414063,-0.361357154159751,2.40653581745004
-55.694580078125,0.34541858250107,2.04188823074663
-55.5038452148438,-2.2807988583756,-1.74958126978778
-55.3131103515625,0.60314282254883,0.688450746258567
-55.1223754882813,0.397830329677323,0.553106193163713
-54.931640625,4.17349833864248,-3.86792204707322
-54.7409057617188,1.2990975722611,-0.932909334317423
-54.5501708984375,-5.01134153821274,-3.87244723690856
-54.3594360351563,2.00434731302119,1.6222376374796
-54.168701171875,1.99607300251313,-1.382373633236
-53.9779663085938,4.03028115052732,-2.36632959284843
-53.7872314453125,-0.237363444756231,0.867269573634608
-53.5964965820313,3.42099163761549,-1.57666640546362
-53.40576171875,-2.37000480103375,-2.83554640609346
-53.2150268554688,0.0251404026518247,5.23980992187652
-53.0242919921875,-3.65233217823528,-2.76332600825809
-52.8335571289063,-3.89864370464826,-0.326248666275663
-52.642822265625,-1.3511607656576,-1.7334991100338
-52.4520874023438,-3.64625302642548,1.45736264560116
-52.2613525390625,-6.35477751739984,1.85558873742073
-52.0706176757813,-3.71629003523148,0.582678499218393
-51.8798828125,5.00796830086442,-0.379821453888294
-51.6891479492188,-1.44569069195215,0.311153335277788
-51.4984130859375,2.13892769866663,-5.07341630609344
-51.3076782226563,-2.26746759027753,3.79815581683835
-51.116943359375,-2.7780560322498,-0.568734918657429
-50.9262084960938,3.68525590928917,-2.74339421704608
-50.7354736328125,1.39106180596474,-0.434872192599529
-50.5447387695313,4.65412045192885,-0.439408293686422
-50.35400390625,-2.46295381024636,-7.67263502781948
-50.1632690429688,5.86003961015685,5.22715138608969
-49.9725341796875,3.92749251443602,-3.19736380820839
-49.7817993164063,-6.37238495223489,-3.83352417879826
-49.591064453125,1.40427876060286,3.50013569488631
-49.4003295898438,-2.48668648892088,-4.5492615300468
-49.2095947265625,-1.65734976543387,-0.656978566280741
-49.0188598632813,-2.56663788437271,-1.78662788183878
-48.828125,5.00130829267361,4.95288194097645
-48.6373901367188,-1.58542474298798,3.21603710838245
-48.4466552734375,-1.06161659858846,4.10571899485755
-48.2559204101563,1.74389791396978,0.76125829867266
-48.065185546875,4.59085564866013,-5.40717188817484
-47.8744506835938,6.75709222809843,2.64848661414045
-47.6837158203125,-7.58111104467006,2.80782898684124
-47.4929809570313,0.224181476119073,0.778855492761236
-47.30224609375,-2.16462242543992,-1.80181692041316
-47.1115112304688,-3.05792255386901,-5.54669076705128
-46.9207763671875,-5.19280607028619,3.79535073162994
-46.7300415039063,1.71507902881451,2.73311570760504
-46.539306640625,-1.7250420465159,-5.00142340011365
-46.3485717773438,1.39337634615748,-3.87842123276702
-46.1578369140625,1.6073603494938,2.49149928679161
-45.9671020507813,-2.17072080270739,4.48184524723986
-45.7763671875,-0.363317092544982,-8.17633598163729
-45.5856323242188,0.299633675822846,5.93569464706176
-45.3948974609375,-0.945744395335289,-2.32968572937817
-45.2041625976563,-2.27488485938226,5.03345413947291
-45.013427734375,-1.43444385341055,2.68532069597465
-44.8226928710938,0.86240984786533,-0.471780852126339
-44.6319580078125,5.85637103163938,-2.91548852687104
-44.4412231445313,-4.18689429038677,0.567691609866731
-44.25048828125,-2.92952471196867,3.93418276845687
-44.0597534179688,-0.524684508354298,2.09967860011025
-43.8690185546875,-0.969183168437355,-1.13178583125339
-43.6782836914063,-1.26765870791227,-0.703384453984102
-43.487548828125,-6.25063702286356,1.77424470229635
-43.2968139648438,-0.498333003956388,-0.662953935348912
-43.1060791015625,-1.62377273227596,3.4455513580264
-42.9153442382813,-4.10806453470812,-0.217444356368349
-42.724609375,0.552775965225436,1.54632503945368
-42.5338745117188,0.691330902571616,-2.04325406712466
-42.3431396484375,-5.04135981257199,-0.543563515507554
-42.1524047851563,2.08526184861445,-1.78888428668585
-41.961669921875,3.40637238563471,0.0831064955887724
-41.7709350585938,3.84871061613023,-2.44786477887662
-41.5802001953125,-2.26986981389765,1.04574390910675
-41.3894653320313,8.54424707648487,-8.03197419944238
-41.19873046875,-0.189116307609099,-1.38444871886095
-41.0079956054688,0.027631089008767,-1.32404325068482
-40.8172607421875,2.03349577103474,1.53754106365754
-40.6265258789063,-1.47126728145076,-0.799883469824538
-40.435791015625,3.62130648436239,3.37872799992861
-40.2450561523438,2.81705523607586,0.876476134478811
-40.0543212890625,-5.72769894261869,-4.20382252276755
-39.8635864257813,2.26277334844401,1.14631736074575
-39.6728515625,-2.1352304191324,-3.48326806366267
-39.4821166992188,-1.0122177404993,0.519338367861058
-39.2913818359375,1.66495346131153,-5.4216837707234
-39.1006469726563,-2.49846821866398,-2.2835559178672
-38.909912109375,-0.714383662865207,-3.63014817578344
-38.7191772460938,-4.11976875716955,2.48339861730538
-38.5284423828125,2.41933824428609,-1.64570603432193
-38.3377075195313,2.87418924053244,-0.220786279387833
-38.14697265625,-1.93822504012824,1.61378646308421
-37.9562377929688,3.94743266419003,-2.8001434471002
-37.7655029296875,2.55816578689156,5.10873037337158
-37.5747680664063,-2.77475467359764,-1.09042167653941
-37.384033203125,2.15624695118129,4.34177365834943
-37.1932983398438,-3.39145704057727,-0.40307192446092
-37.0025634765625,0.611188221234392,-1.44985647181735
-36.8118286132813,3.52670208685383,2.98426825879668
-36.62109375,-0.309891104282608,0.296534868460072
-36.4303588867188,0.664185908381189,4.36860566462286
-36.2396240234375,-3.46001675559086,0.905331389035597
-36.0488891601563,1.85604042819857,0.204295456706003
-35.858154296875,-1.36923067612349,-2.02932168190006
-35.6674194335938,2.40475704843118,1.02594967724658
-35.4766845703125,-5.41301399341369,-1.22187529807747
-35.2859497070313,-1.51723934792245,2.59631609637446
-35.09521484375,-0.521307338640801,0.959946092317165
-34.9044799804688,2.39314301290661,-2.78531147018664
-34.7137451171875,3.17935914946194,3.507812624167
-34.5230102539063,-0.304764474944134,-2.91870008214432
-34.332275390625,1.79185384531899,2.98079160006622
-34.1415405273438,3.44030386990088,0.836165335959952
-33.9508056640625,1.88014516198185,4.33492318298211
-33.7600708007813,-6.99098222744134,-0.555342726126142
-33.5693359375,2.13638377662776,1.77479887574279
-33.3786010742188,1.98927051972264,3.8244853529403
-33.1878662109375,-0.136328696841065,-0.844325470600358
-32.9971313476563,0.342050841816043,0.366140586215735
-32.806396484375,4.27206391968877,-0.0670813874860098
-32.6156616210938,-2.8180576277939,-0.298268279838928
-32.4249267578125,2.02256790279076,1.9400362416024
-32.2341918945313,-3.57114185491713,2.49722747944423
-32.04345703125,1.01942070883674,2.11469695353808
-31.8527221679688,1.31466180195854,-5.51115841211193
-31.6619873046875,-2.44692260058605,-1.21947874879584
-31.4712524414063,-4.44559442943335,-0.308605312956771
-31.280517578125,3.86017344761443,0.815047829453011
-31.0897827148438,-5.22665636566373,-3.10766675042034
-30.8990478515625,0.37362743873714,-0.178318938182151
-30.7083129882813,1.60798167373144,0.563440984343998
-30.517578125,-2.7010752563914,1.95160737647882
-30.3268432617188,-0.899732998402495,2.19527672619986
-30.1361083984375,-1.55453383098973,-3.84001629793549
-29.9453735351563,3.70527236211417,-2.90965319497542
-29.754638671875,-0.788962720991014,-6.18609846918399
-29.5639038085938,-2.4163662511147,7.00053974075526
-29.3731689453125,-2.51269821001656,-1.4094700463265
-29.1824340820313,4.9933116008386,4.08332141038251
-28.99169921875,0.257604481870597,-2.96157970976357
-28.8009643554688,-2.46110922773924,-1.93517103881835
-28.6102294921875,8.68969778130463,1.57674226782634
-28.4194946289063,2.85341918865658,-0.065228301982117
-28.228759765625,4.68111550050781,-2.29457614795129
-28.0380249023438,0.107155407156148,6.37488673053855
-27.8472900390625,4.2698656503831,5.50536076079639
-27.6565551757813,-3.27469159816599,4.07288389795561
-27.4658203125,4.27059589547133,0.89198032982761
-27.2750854492188,-0.548341101840619,-7.43669477627528
-27.0843505859375,-0.254979148677905,-0.640405627798717
-26.8936157226563,1.80044796512085,-1.16912535831714
-26.702880859375,1.52590388568825,1.72267586468801
-26.5121459960938,4.6997896956956,2.7363980422319
-26.3214111328125,0.882445800939083,3.18153707221115
-26.1306762695313,1.32922760603971,1.85704217400414
-25.93994140625,-0.789584609456872,5.44034057225399
-25.7492065429688,-1.14838964846299,0.394081464360026
-25.5584716796875,2.19780427723163,2.50764460860338
-25.3677368164063,-4.06464992189368,2.48008344808464
-25.177001953125,1.28959590032642,0.374738961225874
-24.9862670898438,-4.34953904412634,-0.0345525040887457
-24.7955322265625,0.703905817145931,-4.49137638584397
-24.6047973632813,-3.33203755653367,-0.262099318762468
-24.4140625,-3.75438258439027,3.52147426074131
-24.2233276367188,-3.49432443125003,-6.4798433915326
-24.0325927734375,0.0950110082428942,1.84306473612559
-23.8418579101563,7.51764393362747,6.79605052980554
-23.651123046875,-0.607272936162021,5.84413866817575
-23.4603881835938,-3.78133383812761,-2.39848400909436
-23.2696533203125,1.16912352761315,9.63114384337063
-23.0789184570313,1.64537508880396,2.82778704018858
-22.88818359375,-0.943869089580073,3.60793207330528
-22.6974487304688,-2.19933321928339,-0.809617775728703
-22.5067138671875,-3.97101979645865,-3.16615876943551
-22.3159790039063,-0.647397551651838,3.07877203476597
-22.125244140625,-5.90806992419462,2.4009443489989
-21.9345092773438,-4.3938508553041,-0.739435281076806
-21.7437744140625,3.76629271085204,0.642565441295326
-21.5530395507813,2.08689768053351,-2.02503641336225
-21.3623046875,0.771920188644202,2.21623715879313
-21.1715698242188,1.26589237786178,2.24480506602899
-20.9808349609375,-4.33367915939742,2.34590002318555
-20.7901000976563,2.10597057155696,3.91402893411052
-20.599365234375,1.44155868664071,1.08783526658974
-20.4086303710938,-0.785377997844446,-0.40272216724611
-20.2178955078125,0.97348342172159,-1.01558974332605
-20.0271606445313,-5.07027297341062,-1.0801184681128
-19.83642578125,-0.636213788231901,-3.23406155994393
-19.6456909179688,-1.46440063205432,2.56956385515826
-19.4549560546875,4.04876785531646,2.67606174494674
-19.2642211914063,-6.5448408965805,4.43141362469923
-19.073486328125,-3.45928212978015,4.34327605199196
-18.8827514648438,-2.82826643462076,0.538556203409442
-18.6920166015625,-2.67209152714082,1.85608481784324
-18.5012817382813,1.26240456091758,2.84053617762191
-18.310546875,-0.313895506490185,-0.880400777553254
-18.1198120117188,1.53825384363203,-0.299340058423889
-17.9290771484375,-3.60160261386977,1.10416795010034
-17.7383422851563,1.84162843819295,4.69208904647684
-17.547607421875,-0.918822225117752,-2.76599300492031
-17.3568725585938,-0.665486201692158,4.01362046445946
-17.1661376953125,0.754582091993865,9.28659362767108
-16.9754028320313,6.7939762706036,1.34227972826776
-16.78466796875,2.70759536712055,3.42196393759227
-16.5939331054688,-1.3309156058706,1.82171688813978
-16.4031982421875,-1.39000602010405,-0.80015575079818
-16.2124633789063,3.89884671510478,0.956753730834798
-16.021728515625,-3.20213380888806,1.34276370295798
-15.8309936523438,-0.870830831602166,5.10175181354829
-15.6402587890625,1.07881519594983,2.1388089554157
-15.4495239257813,2.05469876317497,3.88203117997746
-15.2587890625,5.12917000276235,7.48413003662543
-15.0680541992188,1.05935318274651,-3.136012296024
-14.8773193359375,0.885366472700638,0.950174428455348
-14.6865844726563,2.76651590643541,-6.20567353268619
-14.495849609375,-5.88019099505151,-2.01387328135124
-14.3051147460938,-0.515998159400015,2.81903584703008
-14.1143798828125,3.16938361311678,0.832222004746021
-13.9236450195313,4.58077012653328,3.27741408993683
-13.73291015625,-2.5384501165609,0.780529045520983
-13.5421752929688,5.28116227508341,-0.0894245536537581
-13.3514404296875,2.94363668750202,2.69043588980548
-13.1607055664063,4.46998740057001,-0.861073969933313
-12.969970703125,-4.46394581645446,-0.67500989148349
-12.7792358398438,0.385788803200262,0.582811488527134
-12.5885009765625,-0.39353072358983,1.16712407517495
-12.3977661132813,0.687290446876081,5.28721693968587
-12.20703125,5.98124553109134,-1.05548181656781
-12.0162963867188,1.92030707945527,2.52100368854635
-11.8255615234375,0.555879848609301,-0.76062213192464
-11.6348266601563,-1.63485708667373,1.84332706774322
-11.444091796875,8.51152137553261,0.237483990028443
-11.2533569335938,3.04675659872124,0.94440180510347
-11.0626220703125,-1.45723491822758,0.224027065398914
-10.8718872070313,2.18311091649396,6.15583719743903
-10.68115234375,1.96386370277067,2.51526022820331
-10.4904174804688,-1.21153610633083,-0.887541222368452
-10.2996826171875,1.44116661821555,1.81396946289585
-10.1089477539063,4.20468403921963,2.50646627377698
-9.918212890625,-1.03361371855107,4.16915203216106
-9.72747802734375,-0.614572231584283,3.67036898975206
-9.5367431640625,3.48055841507434,1.11967438377496
-9.34600830078125,3.60446901829507,2.86203490384411
-9.1552734375,3.38794294178796,0.487216897799184
-8.96453857421875,-2.91884541650092,1.78469021322387
-8.7738037109375,-1.53570172531329,1.62823880275504
-8.58306884765625,-1.79732237926513,-1.36815381255836
-8.392333984375,1.33555980275694,2.46608989219999
-8.20159912109375,0.84663629936038,2.6439997644079
-8.0108642578125,2.28640165328043,-3.52097326186872
-7.82012939453125,4.42570075764432,-0.497711471484724
-7.62939453125,-2.59637462626773,4.70293566847502
-7.43865966796875,3.26409898826879,1.66745992129721
-7.2479248046875,0.926562628547719,3.98234130969537
-7.05718994140625,2.53226437399854,2.67965864840355
-6.866455078125,9.15322662846295,4.53963025094593
-6.67572021484375,4.27466647693341,0.643285551669577
-6.4849853515625,5.71450280737381,5.27721689548908
-6.29425048828125,3.32685065791346,2.53737502650612
-6.103515625,0.0957235725361412,8.99882037228218
-5.91278076171875,-0.769655246240776,-1.77473199991859
-5.7220458984375,6.06078179492481,1.36213797753172
-5.53131103515625,0.652146118027544,2.90779900574504
-5.340576171875,13.0869217736328,5.11807483869451
-5.14984130859375,4.88172814370548,-1.85305072679136
-4.9591064453125,2.34600818886376,3.27221248247117
-4.76837158203125,8.2407670860512,-5.49153802893743
-4.57763671875,2.66028338158856,1.91962925849356
-4.38690185546875,3.3956600911634,4.15040444239128
-4.1961669921875,6.23096677266441,1.59752200615759
-4.00543212890625,7.44605153474182,4.25663866178355
-3.814697265625,7.75304488153242,4.48961735242225
-3.62396240234375,2.42032347103855,-2.33369453418919
-3.4332275390625,9.12942338222886,-1.91307081154281
-3.24249267578125,1.84624445584966,3.31814164452131
-3.0517578125,5.37016178453393,-1.67426031751486
-2.86102294921875,3.02602813822925,2.25097953736029
-2.6702880859375,7.33013778547251,4.93796135346231
-2.47955322265625,3.13604759320251,2.59919507457487
-2.288818359375,10.0608634837658,7.850780884597
-2.09808349609375,3.95470706130499,2.67177579716028
-1.9073486328125,0.565692792424493,-0.296279617936258
-1.71661376953125,9.73631942377616,0.522762015491274
-1.52587890625,11.6573967750894,5.36885742675572
-1.33514404296875,0.990130369479104,2.56457257674357
-1.1444091796875,3.92627064094558,0.434256809128755
-0.95367431640625,5.19861107026831,5.72200055185141
-0.762939453125,9.72693827279953,-4.00018254778915
-0.57220458984375,4.68823998326399,4.95855235393884
-0.3814697265625,5.77123075320054,1.81716038413554
-0.19073486328125,16.2152382559101,-1.18895081109134
0,1.32586975287715,4.68502824019247
0.19073486328125,8.55198260210532,-1.10737053356373
0.3814697265625,4.05004398410611,-4.6395971390169
0.57220458984375,1.16877894020111,0.838436160812808
0.762939453125,8.90975881986932,-1.38529654767806
0.95367431640625,2.91000491957626,-1.14370749749187
1.1444091796875,8.15668754776868,-2.64729789024895
1.33514404296875,1.36207314431245,-3.97462021205551
1.52587890625,4.97993066645225,-1.56010561069998
1.71661376953125,7.64065145322698,1.65192439152327
1.9073486328125,7.68066376216161,1.24337245525345
2.09808349609375,6.18742580665852,-1.02649985130429
2.288818359375,3.38003169775156,-0.634564892290227
2.47955322265625,0.995256666582149,-1.33873910990183
2.6702880859375,3.85666497029384,-2.41917567493586
2.86102294921875,7.81040535488945,-3.91502813932068
3.0517578125,5.64121440787482,2.32176563285843
3.24249267578125,4.95969285564024,-3.91183117108616
3.4332275390625,-0.0552001455744255,-2.96195032223963
3.62396240234375,5.22103883423621,2.39065959044704
3.814697265625,0.158604065570378,-3.80543503024916
4.00543212890625,-5.2042888645072,-0.559291208761611
4.1961669921875,2.36632181558701,-5.27569047956242
4.38690185546875,4.35545790795167,-6.90937924126566
4.57763671875,2.69688602384617,-6.45912982517874
4.76837158203125,-0.697026778532129,-4.65011645422401
4.9591064453125,0.653874248362262,-3.50195686012239
5.14984130859375,1.68393202043661,-5.69794748981056
5.340576171875,2.08040781530417,-5.63648167087217
5.53131103515625,2.8343346282349,-5.46243457976881
5.7220458984375,-1.17192130593368,-6.08054079859979
5.91278076171875,2.65228084448993,-4.13955445755587
6.103515625,-0.92607532814678,-4.44150843739257
6.29425048828125,-2.05986460481447,-4.14221419624382
6.4849853515625,3.97055068195036,-3.00190735186601
6.67572021484375,-0.33232660650099,-6.27431571637752
6.866455078125,-4.01540353059147,-3.31432827997029
7.05718994140625,-0.328244610213228,-8.95388886450695
7.2479248046875,4.985771640838,-4.53950284519611
7.43865966796875,1.72384526844023,-4.09655798901288
7.62939453125,3.5951909176262,-4.27857718459206
7.82012939453125,3.1471711153119,-2.49651944920813
8.0108642578125,1.64934728059246,-3.47103296888766
8.20159912109375,1.42471263240469,-5.41956660760941
8.392333984375,-1.48788047810314,-2.09555696843868
8.58306884765625,-2.4292286545703,-2.27072780277589
8.7738037109375,-4.07961334238093,-5.30834454682461
8.96453857421875,4.90653284738885,-8.75932578320086
9.1552734375,-2.8191083499023,-3.48367311619068
9.34600830078125,3.09031686522835,-6.51978458739559
9.5367431640625,3.47746340084367,-6.27847164050569
9.72747802734375,2.12384845271514,-1.92623583868705
9.918212890625,-2.33087504606328,-1.56437944095644
10.1089477539063,-0.769283154627024,0.446688346408125
10.2996826171875,-5.13856758056247,-0.272784183663194
10.4904174804688,1.8007003350454,3.34407569266072
10.68115234375,4.30330805663451,-1.57857718059117
10.8718872070313,0.105543068093918,-4.74743264134293
11.0626220703125,4.38898102607288,-6.55264313899313
11.2533569335938,3.98272985002396,-2.38235070135236
11.444091796875,1.08896555960279,3.43149859635309
11.6348266601563,-1.55201620512341,1.08506644262059
11.8255615234375,0.733023481781475,-7.14296792587701
12.0162963867188,-0.00767754494281525,-2.94822526275459
12.20703125,1.53178511696237,-2.77113657135195
12.3977661132813,3.72786706037705,-2.10380739882659
12.5885009765625,1.84552112330109,-2.98175022443288
12.7792358398438,1.82885688698922,1.24021842110248
12.969970703125,0.425230539638983,0.50711835585203
13.1607055664063,-1.41957306123592,-0.94850024988958
13.3514404296875,-2.25077375982554,-1.10695321712164
13.5421752929688,2.22182726027025,-1.07928582891805
13.73291015625,3.64039644773487,-4.4100305473449
13.9236450195313,3.47147687463912,-0.490717472279472
14.1143798828125,-0.428032722659713,-2.05116111705715
14.3051147460938,-1.6635300535355,0.325174185399536
14.495849609375,7.87479762489702,3.26787536786119
14.6865844726563,-4.42552109774301,-1.95610475361747
14.8773193359375,0.5077280339627,-2.5466145303288
15.0680541992188,5.52488760742513,-4.13550520517298
15.2587890625,-4.95296230395735,2.16525214839602
15.4495239257813,-1.98339309698802,-3.43016982314214
15.6402587890625,-2.78997443270825,-2.50701845389623
15.8309936523438,1.73033089904565,1.04826526494279
16.021728515625,6.01965538815841,-1.32656751039619
16.2124633789063,-5.21434539739604,0.135525954900401
16.4031982421875,6.23808141979051,0.0655069877502956
16.5939331054688,0.63280575421774,-2.41706002085869
16.78466796875,1.74130040857883,-4.55859613930245
16.9754028320313,5.41280159646776,-3.46161453420071
17.1661376953125,-8.70782830685718,-3.23375526843001
17.3568725585938,1.11134969134944,-0.597774112027633
17.547607421875,-0.468991939418974,-1.73730640603507
17.7383422851563,-3.62456793531505,-0.0853472544311374
17.9290771484375,2.30286052482149,-4.06718029387481
18.1198120117188,-2.47529358579173,-8.9701228691218
18.310546875,4.39239007885979,-3.70623357782707
18.5012817382813,4.32282507476942,-2.57222731691057
18.6920166015625,4.04583882876529,-2.36425057865319
18.8827514648438,0.934851706965434,0.736145600848813
19.073486328125,-5.73423831000236,-3.72031984790845
19.2642211914063,3.06139043668265,-0.971745591340076
19.4549560546875,5.33237937895259,-1.38333123078679
19.6456909179688,3.71359027309353,-1.74910987442014
19.83642578125,1.33584511598563,-7.88947256449963
20.0271606445313,-0.210652153641632,2.48661618207251
20.2178955078125,1.01863158715462,0.516170223570763
20.4086303710938,3.12807396785069,0.281226958716056
20.599365234375,0.157014360169095,-5.40750375002636
20.7901000976563,-3.32343677061145,-1.68798935901078
20.9808349609375,-0.152740876002226,3.41009028317013
21.1715698242188,0.531394449887511,-2.20908271266639
21.3623046875,1.12126418569262,0.252290809655802
21.5530395507813,1.12467295543,1.98279552145476
21.7437744140625,-5.52655293727444,5.68051224738393
21.9345092773438,5.15268653585066,-1.8271801290394
22.125244140625,-4.31163399496022,-4.74117330041928
22.3159790039063,2.15632632259655,-1.70601678883573
22.5067138671875,-3.96576812318949,1.17422803074079
22.6974487304688,-1.15054791075607,-3.0071271021559
22.88818359375,-0.295708568244846,-1.54780780224357
23.0789184570313,-1.92663022939055,-2.91660609846522
23.2696533203125,2.18617264015653,1.09328621388588
23.4603881835938,-1.23892498791694,-3.92995521307772
23.651123046875,2.79735174968287,-1.5875390684728
23.8418579101563,4.89032400270331,-0.366647653321504
24.0325927734375,7.80895743197618E-05,-5.40777459295376
24.2233276367188,-0.166905526635634,1.40164437553657
24.4140625,0.89263185816468,4.49013194253754
24.6047973632813,-0.682157927542133,-2.1719968373891
24.7955322265625,3.3569699527854,-5.19036959111857
24.9862670898438,-2.52352277704671,-0.374529245453356
25.177001953125,-1.75755323118245,-0.0848627130782498
25.3677368164063,-0.419682422707073,-2.79032038461448
25.5584716796875,2.06929446436742,-1.38963495233284
25.7492065429688,1.43772905974598,-0.713754781443929
25.93994140625,0.864109906250656,-2.23522894703849
26.1306762695313,3.91010885481781,-3.46285464587219
26.3214111328125,-2.82415568471628,0.0409323265983182
26.5121459960938,-2.17234548243607,-2.49654801750285
26.702880859375,-0.359073313598591,-3.50123591162553
26.8936157226563,-3.79144292884865,0.751692156564002
27.0843505859375,-1.55563543185637,7.26461624492915
27.2750854492188,4.15029115636454,0.123932752917347
27.4658203125,1.75175127017024,4.3193904016698
27.6565551757813,5.39029358090136,-3.30693530679868
27.8472900390625,-3.01059453356213,-2.08368299733139
28.0380249023438,1.89855097946625,-0.127323012543978
28.228759765625,3.41178770589057,-2.07831449410517
28.4194946289063,0.386395823049633,3.40402979995935
28.6102294921875,-0.0988810739648065,-7.94007288933126
28.8009643554688,0.0878357732227205,-0.241915945031976
28.99169921875,4.88392893068324,2.77349669034165
29.1824340820313,6.73812965377313,-3.15787500697548
29.3731689453125,7.44592603947546,-0.629232647834313
29.5639038085938,-0.615339506115448,0.0148337104243275
29.754638671875,0.445310040251263,-2.34918326917782
29.9453735351563,2.51834342201243,-5.26716694627759
30.1361083984375,1.88278058569252,0.0439374593732454
30.3268432617188,-3.23401579533434,1.50922172203202
30.517578125,1.7919604705374,-0.962491991569399
30.7083129882813,2.66087554156606,-3.6422815195019
30.8990478515625,-0.473936955571173,3.12770389396811
31.0897827148438,-1.02302959545462,0.551387746255536
31.280517578125,2.28785089511956,4.31270208564072
31.4712524414063,0.933793872781005,-2.93188174880747
31.6619873046875,-3.00350596260062,-0.808194758958719
31.8527221679688,1.2998774664056,-1.45045547089153
32.04345703125,-2.18486258675396,-2.3714902111283
32.2341918945313,3.06418193201137,-0.935902715660898
32.4249267578125,-8.24207430957476,1.6186139706221
32.6156616210938,2.08392113663458,-0.556722515906022
32.806396484375,-0.834789446244789,2.05792823569559
32.9971313476563,-0.483748641508292,-1.79195147637282
33.1878662109375,1.64010418384452,-1.75484022251269
33.3786010742188,6.8286589817955,2.74954646064396
33.5693359375,0.593423131247094,0.139963963725586
33.7600708007813,-1.52805446388977,1.7990766324745
33.9508056640625,5.84623901393129,-6.76719100588608
34.1415405273438,4.63318460804968,-4.59894556785784
34.332275390625,-2.45062480849985,-6.41598020983826
34.5230102539063,-5.97925362746055,0.198106814534389
34.7137451171875,2.21512139599178,-1.35691847618472
34.9044799804688,1.42443680103321,-3.49084078078674
35.09521484375,-1.15871109205055,-3.34422760655145
35.2859497070313,-0.457875542098088,-6.00602940689544
35.4766845703125,-0.426513572527853,2.09119007008833
35.6674194335938,-1.7805517461377,-4.08797382524951
35.858154296875,-1.59437569298397,-3.31300152475922
36.0488891601563,1.53949519965097,-2.42987582698612
36.2396240234375,1.52193810194785,-0.794124679657782
36.4303588867188,1.07962648789719,-2.57570480953612
36.62109375,-4.4768766014987,-0.855234862019753
36.8118286132813,0.327956182290889,-2.32568184553724
37.0025634765625,1.22633976184182,2.08132391925743
37.1932983398438,-4.30037834386117,1.45967405101898
37.384033203125,0.495773744761558,1.50588460913681
37.5747680664063,1.80090205795522,0.255315118095297
37.7655029296875,-2.1110165776122,-2.55492558329026
37.9562377929688,3.80600399252758,4.18320514304775
38.14697265625,3.03576727234949,-1.14790931797582
38.3377075195313,-3.45936596187964,2.63929913114254
38.5284423828125,2.57728287150062,3.7937265940339
38.7191772460938,-2.72536362458263,-8.03234532024939
38.909912109375,3.8452336353786,1.11651621130624
39.1006469726563,-1.30624648491099,6.05430555029027
39.2913818359375,-3.09711488456567,-3.70620884832648
39.4821166992188,2.86470875223265,-1.39275480540088
39.6728515625,0.33395275227473,0.541445189106671
39.8635864257813,0.424705703941463,1.94458806150872
40.0543212890625,-0.931328417221653,-4.52411833031662
40.2450561523438,1.33644653154053,0.98714705016476
40.435791015625,0.831238190414735,2.51964417353274
40.6265258789063,-1.59038702194227,-3.01266094241342
40.8172607421875,2.34286519838363,1.33946680868408
41.0079956054688,1.60975060803459,-1.47296099800889
41.19873046875,2.32952263348939,0.253228019998022
41.3894653320313,0.250195544076693,-2.31426347984296
41.5802001953125,0.202581269341628,-0.382342107378864
41.7709350585938,-6.10244831035998,-0.297628979402417
41.961669921875,-2.63033230839381,-1.77568728404897
42.1524047851563,-1.38205659157412,0.209019493277647
42.3431396484375,0.465229893130852,-2.28362334993985
42.5338745117188,1.4928487871702,0.43127054389482
42.724609375,1.02886787574978,-5.32307484853585
42.9153442382813,-0.39047770147798,-8.18007220258132
43.1060791015625,-0.990285798485509,-2.18459192319709
43.2968139648438,4.17812349815598,7.11001973788537
43.487548828125,-3.61742100420603,-5.80951767343462
43.6782836914063,1.89318617089491,-5.3096164506783
43.8690185546875,2.03872985676537,-3.06529556230216
44.0597534179688,-0.227815978459889,-1.41190511431665
44.25048828125,-2.39138377353394,-1.73882313935141
44.4412231445313,2.199518827357,-0.483051669589537
44.6319580078125,0.529804249905946,5.91708569386878
44.8226928710938,-1.39545719885094,-1.34478915806721
45.013427734375,-1.72333199326011,-6.95024247187462
45.2041625976563,2.26565727679099,-6.43748981737099
45.3948974609375,-4.8939994716536,0.305196482869199
45.5856323242188,3.07128146244604,-2.50509862425769
45.7763671875,6.12959508890695,0.808871399827331
45.9671020507813,-0.237164787871278,0.658840893018581
46.1578369140625,-0.927840507217242,-1.25732421320798
46.3485717773438,-6.27378235894608,-2.46716871993929
46.539306640625,0.414056735955767,5.34983021773445
46.7300415039063,1.75893666503521,-1.43295704609243
46.9207763671875,2.38710096860616,-5.0061767648916
47.1115112304688,-1.30067729474651,0.166282978111886
47.30224609375,9.43740940658518,-0.771509726706496
47.4929809570313,3.66572516302918,3.36917868896727
47.6837158203125,6.25685732380555,-0.858611042523284
47.8744506835938,1.47623858992466,-6.84703783571085
48.065185546875,0.223039078526835,-3.83810781866642
48.2559204101563,-4.88755080286592,1.30085666535111
48.4466552734375,-1.51358001912312,6.58891146180462
48.6373901367188,5.63470744341315,6.24861679509032
48.828125,1.49898225572303,-3.84432891002709
49.0188598632813,-3.36205987497165,1.67636974389565
49.2095947265625,4.44408135596824,-1.21014874308885
49.4003295898438,1.68913389828868,1.6356241070003
49.591064453125,1.20309159589755,-1.97528463711485
49.7817993164063,7.27189499441785,-6.48046123341255
49.9725341796875,0.738645354104157,-2.52730610262719
50.1632690429688,5.89058540613142,-0.205741743856547
50.35400390625,-2.14370385327997,0.434812481365282
50.5447387695313,-3.81783001237233,-3.24936222795903
50.7354736328125,7.9996758838981,-0.754062822032198
50.9262084960938,1.98301581431694,-2.75586615063265
51.116943359375,4.04675847943955,2.70327146442385
51.3076782226563,1.89662591919062,-7.22030021058455
51.4984130859375,0.886236979216426,-4.23061863212505
51.6891479492188,0.994809839979041,-3.6341527000987
51.8798828125,1.74556123801884,-0.704735851260197
52.0706176757813,1.2280313755819,4.24042943662739
52.2613525390625,5.41367222108983,2.93011391615382
52.4520874023438,-0.256842626116847,-2.59909212384483
52.642822265625,-1.33818881813228,-1.6941529518123
52.8335571289063,2.06811384858606,-0.985949257250589
53.0242919921875,0.428022675935387,-2.3774242089124
53.2150268554688,1.80026560784313,-1.00441637643856
53.40576171875,2.4627924342229,-4.42412837177755
53.5964965820313,3.86646079583933,-2.54632315383348
53.7872314453125,-1.32296474950999,-9.93582385907235
53.9779663085938,-2.26301083799564,0.888322489927014
54.168701171875,-1.15032579512775,-0.816071973736922
54.3594360351563,-1.22870282902898,-4.06991979547112
54.5501708984375,2.23319836552145,-2.24893225330516
54.7409057617188,2.38077143198155,4.88532787888985
54.931640625,-0.195406771678165,-4.787040067515
55.1223754882813,-1.61660043264034,-0.550517341364125
55.3131103515625,-2.03765418327572,-0.814091066818427
55.5038452148438,0.104506369877902,2.50588912883131
55.694580078125,2.06379744747736,-0.759054804094708
55.8853149414063,4.24126298087033,0.0235150968423802
56.0760498046875,-1.44131553359377,4.52115485521713
56.2667846679688,4.45335968109512,-4.51441707321026
56.45751953125,2.20557060785878,7.31392228396601
56.6482543945313,0.55706755279199,-1.11920907299578
56.8389892578125,-0.542280023736047,1.89971266474038
57.0297241210938,-2.23976339377843,-2.58241360080036
57.220458984375,0.4980902669019,-0.448582807599681
57.4111938476563,1.82929258650982,-2.6049411903766
57.6019287109375,-2.49853972931215,-5.9872393607279
57.7926635742188,-9.2141099673993,4.55642346725568
57.9833984375,-2.12921642684682,-5.60567470054062
58.1741333007813,-1.99077850795316,-0.557844429195534
58.3648681640625,-4.82941018339591,-4.17594512944817
58.5556030273438,1.06812390246925,2.34044958617298
58.746337890625,4.95348185951652,2.83890610262321
58.9370727539063,2.93141242379901,1.69152523074511
59.1278076171875,5.04612346940597,-1.4701919934853
59.3185424804688,-3.88758985230932,1.11066450204474
59.50927734375,1.69918761051202,-8.7920337940095
59.7000122070313,3.85242095983915,3.56779582244141
59.8907470703125,2.90105600289638,-3.49269742415539
