Fre(kHz),Re,Im
-59.8907470703125,-4.3868820172589,-1.95646032433219,ZeroPoint:Tj,48,0.04
-59.7000122070313,3.73617795736765,2.72888901550131,Const.;stime,8.07389144,6.4E-07
-59.50927734375,3.4281118295064,-7.54080873463604,Fre.Range:Tau,-60:60,3E-05
-59.3185424804688,-0.0552719366627569,-0.103664355655592,FFTSize:DataSize:Firstpul,8192:8192,8E-07
-59.1278076171875,1.74140368363493,0.19340603235169,90kT1-2F040,Freq.=139776000
-58.9370727539063,3.625749640284,-7.81608161645278
-58.746337890625,-0.402552603010462,-1.58560995931158
-58.5556030273438,-0.450499400831496,2.03422078117656
-58.3648681640625,3.74913615061924,-5.64242076281087
-58.1741333007813,-2.7195767865057,-1.9395003311695
-57.9833984375,-4.00654851032662,0.838275329957141
-57.7926635742188,1.57141816070489,1.09322782626045
-57.6019287109375,0.646114947426469,4.52627762330856
-57.4111938476563,-1.53370366685812,-1.14751350695298
-57.220458984375,0.616370633305538,-1.42751266802909
-57.0297241210938,-3.57608989749432,0.83184583550847
-56.8389892578125,-5.65266622422378,-2.13547088718847
-56.6482543945313,-6.26608680638842,8.61513061149581
-56.45751953125,-4.02816905159847,0.912439078791728
-56.2667846679688,-4.81676793090776,-7.86659379725611
-56.0760498046875,2.48958178041117,-2.90077280685963
-55.8853149414063,-1.66535185598943,0.555206002272518
-55.694580078125,-3.03996291877332,-6.93498289158568
-55.5038452148438,4.52134548290299,-3.65039066455744
-55.3131103515625,3.24667733534531,1.83682595355462
-55.1223754882813,-3.73218748351308,3.78536325428774
-54.931640625,3.7199007116385,-0.415269736865998
-54.7409057617188,-1.60163411203184,-1.25160960970481
-54.5501708984375,1.55495199880761,2.88233816954427
-54.3594360351563,1.43499010386915,-0.315433260642337
-54.168701171875,0.11077428438206,-1.9751333852592
-53.9779663085938,1.49767568550859,-2.90807688068101
-53.7872314453125,2.8902698999152,4.24565127458254
-53.5964965820313,-0.795270152793315,-5.84976420051883
-53.40576171875,6.16889655041476,-2.89159977587413
-53.2150268554688,5.17021578399798,-0.547891973009764
-53.0242919921875,1.41637269324846,0.0480077461399437
-52.8335571289063,0.810870215027552,1.01585061019269
-52.642822265625,5.04176468218446,-4.37307341453295
-52.4520874023438,-3.83817023612642,4.43865567030463
-52.2613525390625,5.29353353353702,-2.36786577354467
-52.0706176757813,1.00035001667687,-1.42362822368885
-51.8798828125,-1.73011738123447,-0.120033355525298
-51.6891479492188,-2.73088875770918,8.61042761502621
-51.4984130859375,-5.33084116783822,-1.12661198006625
-51.3076782226563,5.19048421046132,0.293484128358307
-51.116943359375,3.03443305417507,-0.833560667030494
-50.9262084960938,3.49259293086677,-4.22384618454083
-50.7354736328125,3.44416983593308,2.91186990188249
-50.5447387695313,-2.10368696118057,7.11745796111367
-50.35400390625,-1.02385291829812,-8.99315081999107
-50.1632690429688,4.41187972082917,7.8693386784159
-49.9725341796875,1.42251051042177,0.785914324402134
-49.7817993164063,-3.80231776787279,-1.18102351692818
-49.591064453125,-3.92172910235016,-0.154923757757303
-49.4003295898438,-4.67435971054776,-4.42544238783897
-49.2095947265625,-7.92069808007778,4.3076821600299
-49.0188598632813,0.166768293860659,2.46263154874498
-48.828125,0.743120043874968,0.746184389004113
-48.6373901367188,-7.29507702811307,-0.553524595746423
-48.4466552734375,-7.99171026238915,-4.19323511761159
-48.2559204101563,0.461762744562953,0.268428039827795
-48.065185546875,3.59436601708136,-1.35223506150751
-47.8744506835938,-0.118359219059269,0.444139245946268
-47.6837158203125,3.71741342549856,0.268891930978818
-47.4929809570313,-0.67302230111426,-0.109563840773989
-47.30224609375,4.14705961756207,-2.1270773841941
-47.1115112304688,2.60387801090342,0.940779325261725
-46.9207763671875,2.53934455264801,0.675101641644238
-46.7300415039063,-5.07195718318437,-0.576043863008026
-46.539306640625,0.770453514105317,-8.81233670989276
-46.3485717773438,0.210498391051909,0.510227091195842
-46.1578369140625,4.84843161754807,-2.76900051547518
-45.9671020507813,-2.12536742485436,2.20516036882173
-45.7763671875,2.25060469223075,0.457034407754577
-45.5856323242188,4.9486419010113,-3.65816258816517
-45.3948974609375,-2.42340320482818,0.56803169756071
-45.2041625976563,0.885800939736111,1.51235787207247
-45.013427734375,0.604647730359773,9.39784991758019
-44.8226928710938,-3.81293181520504,-1.61246813429654
-44.6319580078125,0.417703165879123,2.5405655317869
-44.4412231445313,4.26460526911634,-0.908378465598946
-44.25048828125,1.06935190586152,0.425261526161594
-44.0597534179688,-2.27707050115979,-2.75858694001282
-43.8690185546875,-0.153139241292917,1.89379505310591
-43.6782836914063,0.541620942216012,3.56925516895857
-43.487548828125,-0.463043454430314,4.26913883467746
-43.2968139648438,-0.336567177890039,2.24769192034296
-43.1060791015625,6.16531917214151,2.25404862771982
-42.9153442382813,0.640966406187493,1.04800036158782
-42.724609375,3.94558520160393,0.523140306967335
-42.5338745117188,-4.72015358322474,-0.428104147407567
-42.3431396484375,2.21435173301055,2.12807833020998
-42.1524047851563,-4.18973947668288,1.45789406100777
-41.961669921875,-1.96429303846134,8.82436683441079
-41.7709350585938,-2.07344913195451,-3.82190063503123
-41.5802001953125,4.27973524876399,-1.30268715873552
-41.3894653320313,0.458474687902208,-0.454246499193542
-41.19873046875,5.25703898871508,-2.31618605388886
-41.0079956054688,-6.31635840896772,2.22552743367964
-40.8172607421875,0.963810198410588,4.41358136976376
-40.6265258789063,-2.95248371538896,-1.45328881879982
-40.435791015625,0.425376114320671,9.64658982681051
-40.2450561523438,-0.760351717295108,-0.530086358870262
-40.0543212890625,-1.10612931518787,-1.66835345871328
-39.8635864257813,0.671082351975547,-2.06111998644891
-39.6728515625,0.406162042756575,2.51787050428796
-39.4821166992188,3.36009509136632,-0.163101682320427
-39.2913818359375,-1.45304282921901,1.1217436796632
-39.1006469726563,-1.68064229117988,-3.20639481359861
-38.909912109375,3.129956937064,6.32627364308057
-38.7191772460938,5.49457574887986,-4.43708498417553
-38.5284423828125,-0.0679082967875323,-2.44661618359017
-38.3377075195313,-4.47154562017097,-1.67698715939527
-38.14697265625,0.370507979752942,0.5011956928228
-37.9562377929688,3.12311363051511,-2.31726588710101
-37.7655029296875,3.26395335848792,-2.55066958967479
-37.5747680664063,-5.56821093613229,4.13353353836162
-37.384033203125,3.24231729054828,-4.17784231729774
-37.1932983398438,-3.24030237706428,-3.7618649018847
-37.0025634765625,-1.30924649999049,2.38767849661548
-36.8118286132813,-5.82944752247279,6.12204792808057
-36.62109375,-1.43473432337331,-5.22274463494632
-36.4303588867188,-5.15522399238138,7.52076451176292
-36.2396240234375,5.26337562944867,2.78559331862293
-36.0488891601563,2.9852004045267,-0.314646446383383
-35.858154296875,-1.16211663787253,0.0940611241229305
-35.6674194335938,-0.122147554467199,-4.24422989228892
-35.4766845703125,-1.75705467904313,1.17428065316165
-35.2859497070313,2.50620698374941,-0.613339254253737
-35.09521484375,6.80571113842404,1.73940507297806
-34.9044799804688,2.99582295872477,1.91268135028928
-34.7137451171875,0.196247747418917,-0.950098480756541
-34.5230102539063,3.30447077513886,2.67901177583197
-34.332275390625,0.856293252680314,1.34663123290147
-34.1415405273438,3.02601080542853,3.54277983769647
-33.9508056640625,1.92744064930806,-0.154672169209623
-33.7600708007813,3.25768644273938,-0.130770875028188
-33.5693359375,0.483456805391555,4.0721178971413
-33.3786010742188,-5.39259710191118,-4.42008618465032
-33.1878662109375,2.75259415122435,-4.58833154384069
-32.9971313476563,0.909371417854515,-1.80447667814547
-32.806396484375,2.80964823889741,0.00437855623461136
-32.6156616210938,-0.027444955552641,-1.68841647268558
-32.4249267578125,1.64333445240134,3.34624265353955
-32.2341918945313,-2.24374744426441,7.42019630225878
-32.04345703125,0.849668309415353,1.88809262622453
-31.8527221679688,-2.38762444479134,-0.80139041304616
-31.6619873046875,-0.864664398903635,6.44869013033781
-31.4712524414063,1.76727340472622,-5.6408514806634
-31.280517578125,4.640371698965,4.1555252568012
-31.0897827148438,8.90936930971325,1.71483325799935
-30.8990478515625,-1.3079836402305,-5.55076852773399
-30.7083129882813,-2.43203000970068,1.53372467538224
-30.517578125,1.79377406828816,-3.62826033315491
-30.3268432617188,4.39147802962336,2.35884302552579
-30.1361083984375,-1.06692090358858,6.36339321027209
-29.9453735351563,3.70304568416737,1.86172173976515
-29.754638671875,-1.59929664892956,-2.10285171523022
-29.5639038085938,1.8965814569074,1.23165989162806
-29.3731689453125,-2.70062694300147,1.13726622963134
-29.1824340820313,1.162917178177,2.65279470181875
-28.99169921875,-0.654069971824524,1.31329332932364
-28.8009643554688,-4.57993759575448,-3.5388878780394
-28.6102294921875,6.64188578872935,6.00122873042198
-28.4194946289063,-1.52609305549611,0.222955126297735
-28.228759765625,4.21554079949832,-1.90874561542617
-28.0380249023438,-1.93466599830239,-3.55240604387783
-27.8472900390625,1.20636287230774,4.82660042084018
-27.6565551757813,2.59692881623425,2.69802542103984
-27.4658203125,-0.759083816368516,-1.40322612149726
-27.2750854492188,-2.84767225933768,1.41347919262405
-27.0843505859375,1.67842508178315,-1.04823929628931
-26.8936157226563,-0.613539691644929,-5.86089468540372
-26.702880859375,4.704802162862,-0.067096306007508
-26.5121459960938,-3.3730396115607,-1.96857612790461
-26.3214111328125,3.07071791346035,-0.151214024652823
-26.1306762695313,-3.84250512602404,-1.99822964712344
-25.93994140625,-3.28082368015874,-4.63369014883629
-25.7492065429688,-0.465495470466998,-1.78358459718049
-25.5584716796875,-0.931800839850715,1.27345716025732
-25.3677368164063,5.16834878241376,-2.28711029306892
-25.177001953125,3.55270225400502,0.101077201070183
-24.9862670898438,0.845320516028458,3.01049271880233
-24.7955322265625,-2.40255883042675,1.64003141735714
-24.6047973632813,-0.126509698664341,-3.17841862427376
-24.4140625,0.494347365318528,-2.2399601474762
-24.2233276367188,3.71870610882525,-0.39199009770908
-24.0325927734375,-0.196508271411066,-3.94139405726058
-23.8418579101563,-2.64664231014108,0.322546017525293
-23.651123046875,1.28807381570866,1.11649023946595
-23.4603881835938,4.60181275521201,0.974866756296838
-23.2696533203125,6.19111002897076,3.13562396776213
-23.0789184570313,-0.265794120751404,1.1764330470909
-22.88818359375,0.0984146438963656,3.00454857146951
-22.6974487304688,1.14550574988036,-1.2372670095464
-22.5067138671875,2.90338205808658,2.80252550799392
-22.3159790039063,8.05665691208091,-0.749064987398116
-22.125244140625,-2.85492034365454,-3.35151968752796
-21.9345092773438,3.1461637937617,3.05946027076494
-21.7437744140625,1.10778715898761,2.20683862195495
-21.5530395507813,3.86428602179472,0.93809885416922
-21.3623046875,-4.38856282770826,1.36836825420991
-21.1715698242188,-3.17061508602785,4.66026098280033
-20.9808349609375,0.766059686840466,-4.15412584963903
-20.7901000976563,-3.29387166778808,-3.93233001711059
-20.599365234375,2.03082348558979,-5.32211014999096
-20.4086303710938,6.32075496719468,5.27515469304151
-20.2178955078125,-4.05778383088168,1.2525473965371
-20.0271606445313,-1.63217706729068,-0.975389117504229
-19.83642578125,-2.32702798877966,0.513204796804148
-19.6456909179688,-2.78411942622739,-3.69436211111259
-19.4549560546875,5.62990638400116,-3.57570774082903
-19.2642211914063,-2.7187792053514,-5.56105007285073
-19.073486328125,1.26786206785229,11.7138016296724
-18.8827514648438,1.90278703925198,4.35235294890291
-18.6920166015625,-6.2331338827868,-0.389405996816783
-18.5012817382813,-0.828735950687219,6.50862782539548
-18.310546875,4.51013886175914,0.625090226487223
-18.1198120117188,9.83799391061853,2.4897005248289
-17.9290771484375,-1.14291312371887,-1.24916285382221
-17.7383422851563,0.342559492670891,-0.396678912574736
-17.547607421875,3.32846811660958,-1.59702134734166
-17.3568725585938,1.75133280658305,0.91664609404504
-17.1661376953125,2.78599946295967,3.41495298024549
-16.9754028320313,-1.77275704115056,0.933478270804749
-16.78466796875,-1.82308629388699,4.1020712589335
-16.5939331054688,0.162221139829042,-0.358191603308811
-16.4031982421875,2.02585868605314,1.30416401360392
-16.2124633789063,0.454902415783663,2.96039376487955
-16.021728515625,7.65451480044014,1.83278607514266
-15.8309936523438,-0.0314945416307276,-3.42939424759856
-15.6402587890625,6.68164184009583,8.64937152934762
-15.4495239257813,1.85324767609444,-3.62160949799702
-15.2587890625,-1.218403779713,3.00597822921516
-15.0680541992188,0.979162746902561,-0.67941209628633
-14.8773193359375,-2.98843673737366,0.947313925065089
-14.6865844726563,-4.57876621625112,1.07326567112629
-14.495849609375,0.48986190193602,0.866647921180501
-14.3051147460938,0.926962842842285,5.25199932899464
-14.1143798828125,-0.985822184059152,-3.59472064867126
-13.9236450195313,3.56902892999704,-4.0002309086153
-13.73291015625,-0.0782619062341805,5.89294276036883
-13.5421752929688,3.16453985158758,-2.00525003655716
-13.3514404296875,-1.32816211375312,3.30312035704092
-13.1607055664063,-3.31981815970091,-1.71007133125487
-12.969970703125,-0.802619146746462,0.431202469615736
-12.7792358398438,0.922142031555041,3.42898738782007
-12.5885009765625,-1.98029127678051,0.138129232299775
-12.3977661132813,0.174339604729311,5.74404699657153
-12.20703125,1.76832599402932,1.59587988336796
-12.0162963867188,-0.681784932301504,-1.50694189624529
-11.8255615234375,-0.18940330701491,-0.170162963172413
-11.6348266601563,-1.5867730066633,-1.53571030613867
-11.444091796875,-2.67800688346555,2.58948662455304
-11.2533569335938,1.14762414141994,-5.69934668870411
-11.0626220703125,1.00305006471957,1.07445095596295
-10.8718872070313,0.976021702444982,2.09078563690828
-10.68115234375,6.37224585440526,5.43732381934384
-10.4904174804688,-2.53763421933036,-5.32817335746137
-10.2996826171875,1.93492027231527,1.97046013033223
-10.1089477539063,4.31146894704341,0.967654999271155
-9.918212890625,-2.31571864425215,2.98956276587304
-9.72747802734375,0.297224253866634,0.186866725671707
-9.5367431640625,-0.380691878994938,-4.01543955089876
-9.34600830078125,1.02161917982051,4.39693922776301
-9.1552734375,1.99051844696788,1.84377370512832
-8.96453857421875,4.14987898063357,-1.44255273515061
-8.7738037109375,-2.20496616589678,-0.739596673866685
-8.58306884765625,2.31254507289073,1.69238767694041
-8.392333984375,1.36794542816826,-0.0660456194321873
-8.20159912109375,0.670519810008826,4.02678912531782
-8.0108642578125,-0.226373603707315,-2.25198575017584
-7.82012939453125,-4.89219196892601,5.07868186792261
-7.62939453125,1.96033750941917,-6.35170296216014
-7.43865966796875,-0.00193347217342743,3.68480479993512
-7.2479248046875,4.09024372943217,4.08279109752659
-7.05718994140625,0.586660451948811,-1.04860609763815
-6.866455078125,5.19268398470074,5.29457746418697
-6.67572021484375,1.41050223189843,-1.26729745836614
-6.4849853515625,1.28810767872435,4.99636296517423
-6.29425048828125,1.00727128996507,3.17282507864576
-6.103515625,5.32923677377529,2.95617116876763
-5.91278076171875,4.18803291904975,3.51817869982862
-5.7220458984375,1.29118806032326,6.57560145575835
-5.53131103515625,0.21803431685932,4.30146220664643
-5.340576171875,5.57217828036576,4.43314234420707
-5.14984130859375,4.4933484908097,4.59816241511282
-4.9591064453125,5.22343638345488,2.36399939985909
-4.76837158203125,5.10893992753037,-0.152721894631122
-4.57763671875,5.79477710153863,3.96282504384547
-4.38690185546875,0.927371182219921,2.68236303250557
-4.1961669921875,-1.15659630853747,-3.94731195979008
-4.00543212890625,6.22820409213921,3.26510967119265
-3.814697265625,0.416491021586408,5.12995369476831
-3.62396240234375,3.07759491676793,-0.140479563351223
-3.4332275390625,0.376287638116017,6.58189476602437
-3.24249267578125,0.702202831801753,3.51572515187661
-3.0517578125,-0.876321814442591,0.0621676807967538
-2.86102294921875,2.99780793774965,0.274124631179102
-2.6702880859375,-0.809117702280753,-1.38485008729296
-2.47955322265625,-2.02131948454881,2.22806134549828
-2.288818359375,6.59161496900429,-5.82789759234247
-2.09808349609375,7.66766109125146,1.04128443758007
-1.9073486328125,0.921338936495482,3.17446577048817
-1.71661376953125,7.6035334212526,-1.63777764657835
-1.52587890625,1.44790362545674,1.81787476668113
-1.33514404296875,4.36901973844303,-1.10770992113955
-1.1444091796875,3.76387257287809,0.590643415936003
-0.95367431640625,4.98901782414991,-2.97200466349321
-0.762939453125,4.32121997846007,0.140441124891878
-0.57220458984375,4.68537717435621,-3.03519565815317
-0.3814697265625,4.38153197103972,-2.43086395930169
-0.19073486328125,9.94519020362961,2.40131908991246
0,2.93658427206699,2.36336786824484
0.19073486328125,3.58042008573506,-2.98054213930395
0.3814697265625,1.75462723509175,-2.09579241420901
0.57220458984375,7.30983150183127,-3.25805230497033
0.762939453125,0.617384252299588,-0.468494352548275
0.95367431640625,8.46699685594908,-1.54358136946916
1.1444091796875,3.1229808391253,2.63246771572163
1.33514404296875,5.8216014267467,-4.9754384790103
1.52587890625,5.84183008248338,1.27782369422268
1.71661376953125,2.89333755201844,-10.2725538931235
1.9073486328125,7.04464251537954,-10.2801760957488
2.09808349609375,1.85007777221191,0.660519104077778
2.288818359375,-1.7871390829324,-5.3159294948694
2.47955322265625,2.60580953032644,-0.800871709473354
2.6702880859375,7.25880161093965,-3.29980524211074
2.86102294921875,1.98718356266436,-1.3921345999763
3.0517578125,7.90607217414135,-0.57449969012274
3.24249267578125,5.63255397549525,1.98142493848373
3.4332275390625,5.42673771983752,-5.47615130121183
3.62396240234375,-2.28073608287334,-0.0456343589179921
3.814697265625,1.3796723494195,-2.91205006529315
4.00543212890625,2.5913681167483,1.72161405975143
4.1961669921875,7.71237882250112,-2.8998008776057
4.38690185546875,2.04991770226214,-2.20204446589349
4.57763671875,1.86508009928052,-3.78775924043905
4.76837158203125,-0.692937579380326,-1.94629662194212
4.9591064453125,5.3402966067433,1.92973899588715
5.14984130859375,-4.69339363528658,3.66711657724515
5.340576171875,-0.418353660706943,-5.02900921069615
5.53131103515625,-2.04122274227212,-3.93529115729751
5.7220458984375,2.17912903376691,-2.46967527006456
5.91278076171875,0.275967405685146,-3.83189743097774
6.103515625,4.35471953979416,8.27499899199311
6.29425048828125,1.78133197754542,-0.987423760767425
6.4849853515625,2.12799825745998,-6.59439413858458
6.67572021484375,0.676846643278992,-4.13296074379257
6.866455078125,1.17603742867137,-3.22011198490987
7.05718994140625,3.44839157837437,-5.19815988309622
7.2479248046875,1.63127265291537,-6.11159318266439
7.43865966796875,-2.36779336544095,-2.82502636711802
7.62939453125,3.0761027440406,-1.41651739817979
7.82012939453125,1.68016711867259,1.90785443934828
8.0108642578125,3.31811011524593,4.65596335733688
8.20159912109375,-3.85101744816206,-2.12343776934762
8.392333984375,5.62514403802072,4.74307615393063
8.58306884765625,2.8100821544266,-0.666896872473631
8.7738037109375,1.95439086400692,-2.72906138276568
8.96453857421875,-4.68159899838362,2.67722217169076
9.1552734375,2.12079197861893,2.47064827019459
9.34600830078125,1.66819309959815,-3.35403368309137
9.5367431640625,6.14660344310099,-2.50334342784242
9.72747802734375,4.62574070728317,-2.75664905911329
9.918212890625,3.35469913275873,-0.00590440703859729
10.1089477539063,-2.30438816806766,2.72922364659233
10.2996826171875,1.61149123008999,-2.48376612341181
10.4904174804688,-1.87868386227132,-2.09431656397641
10.68115234375,-3.26503680516064,-1.52940032040889
10.8718872070313,-0.0858066848101324,-8.56408369422322
11.0626220703125,-5.37907347696392,0.112973783051516
11.2533569335938,-0.740763413514649,-4.32466526557408
11.444091796875,1.25643998635659,2.92158830123852
11.6348266601563,-2.36312973835559,-0.0827412586581557
11.8255615234375,1.46208981342912,-0.879979955694048
12.0162963867188,-2.57135043503728,-2.61799081906516
12.20703125,1.41354014311721,-4.69982011180597
12.3977661132813,0.715961455328221,-1.91747068625647
12.5885009765625,0.558053922180189,0.586435099325857
12.7792358398438,-4.28717015048826,-4.29897668466794
12.969970703125,-1.37534413177003,-1.20840216433436
13.1607055664063,1.04749164645257,-5.57264555130167
13.3514404296875,-1.36536017219082,-4.00336825860315
13.5421752929688,0.867479080254613,1.41327525667082
13.73291015625,1.80413845528451,-0.205758010914371
13.9236450195313,-0.518743181378478,2.58429226309799
14.1143798828125,1.74402266310688,1.04548391824256
14.3051147460938,3.67268581917211,1.95199594082486
14.495849609375,4.33236526256784,0.538073591238893
14.6865844726563,3.51770683696151,2.31906782274833
14.8773193359375,5.26554153849966,4.22753374834084
15.0680541992188,2.01835980620956,4.03736177612624
15.2587890625,5.37485683041298,0.0591025550195292
15.4495239257813,-0.135957842987803,-3.14243428729868
15.6402587890625,7.04232092393061,0.845431878604474
15.8309936523438,-4.0927701257716,0.491355652121068
16.021728515625,-0.531118491833181,-4.96889140141053
16.2124633789063,3.43756009210799,0.448387774606007
16.4031982421875,-2.20452173090415,-3.69643223027311
16.5939331054688,-2.07284940049916,-1.89891500643716
16.78466796875,1.31813342616019,-2.78261499708837
16.9754028320313,0.594453503073334,2.87890453789572
17.1661376953125,4.23541469029083,-1.52305827835485
17.3568725585938,-0.848546036834532,-0.90831169832719
17.547607421875,3.33653922943077,-1.29694301908101
17.7383422851563,3.51972078381005,4.03538991385406
17.9290771484375,-1.91657330006307,-5.78006434244909
18.1198120117188,6.55438224811153,-5.09914332124212
18.310546875,2.78184862805502,-0.986232016524658
18.5012817382813,6.35998688762452,0.806141590405344
18.6920166015625,2.20737719176944,-4.632223674648
18.8827514648438,2.44923540254231,-5.13417603370712
19.073486328125,1.32421752185896,-2.30985594805529
19.2642211914063,-0.812949186777224,-3.08742580360638
19.4549560546875,-3.2102277309164,-2.60894834101387
19.6456909179688,4.24127661921348,-0.521102049790132
19.83642578125,-0.761474694986039,-1.701573410211
20.0271606445313,-0.970356433907613,-2.91649682161099
20.2178955078125,4.17012160221785,-0.270807614521928
20.4086303710938,-2.48257858757371,1.26723122246852
20.599365234375,1.36109439794172,-0.651844595065635
20.7901000976563,-0.42324669674296,-1.43312216482101
20.9808349609375,2.78685973449953,2.81851778595127
21.1715698242188,-0.188084212166579,6.13402950495647
21.3623046875,2.90939327242386,-3.54841476596074
21.5530395507813,2.11143426590358,5.53210555129187
21.7437744140625,1.92382324328731,-7.39052574899016
21.9345092773438,2.79873681210981,-0.283199997037483
22.125244140625,-4.45945417621544,-5.47485982046542
22.3159790039063,-2.20121167871121,-4.20135767697584
22.5067138671875,-1.80137835751556,-0.612090904280322
22.6974487304688,2.66197692047114,5.62381685367617
22.88818359375,-0.148229354559063,-3.38945973235522
23.0789184570313,-4.71082005186725,-0.527513223777526
23.2696533203125,0.587424062235978,-2.25668022330693
23.4603881835938,1.79174147890612,3.26428181823596
23.651123046875,0.863582236474705,-0.94641866889515
23.8418579101563,4.21294162904274,2.83165743323342
24.0325927734375,-0.524365972358054,-5.72268106579529
24.2233276367188,-0.985681045585045,-1.87684016034509
24.4140625,2.74024461686077,-1.16925096022073
24.6047973632813,2.01120192290242,-0.1555354097247
24.7955322265625,0.258635079836723,-1.03865001882682
24.9862670898438,0.895889693933729,-0.0373971130588016
25.177001953125,3.37262654618443,0.0851188802802701
25.3677368164063,3.36095333953033,0.17200546457945
25.5584716796875,0.789698976600705,1.72413242476863
25.7492065429688,0.630417434970687,-0.379541893468145
25.93994140625,3.68562443857419,3.17286779568934
26.1306762695313,3.08615491877076,0.117434508264261
26.3214111328125,1.22128403683749,-2.62496709148555
26.5121459960938,3.41713123667164,0.0456476890561585
26.702880859375,2.76161674880679,0.0149690309645923
26.8936157226563,5.35348937351277,-0.755688927702107
27.0843505859375,4.47042171387002,-1.42768101084572
27.2750854492188,1.55889622033159,-0.741680948122634
27.4658203125,2.34103796619573,-1.25988692931377
27.6565551757813,1.34148477662678,-1.71374169081483
27.8472900390625,0.903907270249227,-2.14520946519988
28.0380249023438,8.01774932346354,-6.04434505557276
28.228759765625,3.63432988806684,-5.84485556153122
28.4194946289063,0.210252788966474,-2.84141099095242
28.6102294921875,1.2644148770204,1.78914425648313
28.8009643554688,3.22991724161258,-5.00057819626209
28.99169921875,2.62389086809386,-2.66277880308831
29.1824340820313,-1.02267548434811,-3.08335331719497
29.3731689453125,0.0153281281740705,0.126770380924133
29.5639038085938,1.33287307318048,-2.96864899766445
29.754638671875,2.37395136113584,-4.068399697117
29.9453735351563,3.70851143853356,-2.63090137725895
30.1361083984375,1.5314737305152,-6.12860122462741
30.3268432617188,-0.982684055991425,-3.53966794535607
30.517578125,-0.851871171820728,-3.00724359857491
30.7083129882813,-1.72570294396098,1.66826750909464
30.8990478515625,0.112863974466034,-0.525145123393948
31.0897827148438,1.1555895050257,4.23237483506424
31.280517578125,1.8160333637965,-4.60447344492735
31.4712524414063,3.395553951304,1.4102868741838
31.6619873046875,-1.12780849531324,2.14870802564742
31.8527221679688,-7.39586294847371,-4.62117043120433
32.04345703125,-4.08400218610088,6.64157826075906
32.2341918945313,-0.0406218181764653,-9.22156962402115
32.4249267578125,4.74088633263748,3.50797208837935
32.6156616210938,1.74550064353199,-5.09239584818994
32.806396484375,-1.46208833982708,-1.48750151384532
32.9971313476563,-6.37566793423682,3.21305409588264
33.1878662109375,3.90765849579307,1.27205123626518
33.3786010742188,0.655481145610289,-1.53052550377002
33.5693359375,2.49531158623484,-9.39357129795974
33.7600708007813,4.49947544542645,0.413798746888609
33.9508056640625,1.03385799965671,-8.46031470770804
34.1415405273438,-0.201566108310045,-4.84543127603357
34.332275390625,0.805758718871986,7.22116065023674
34.5230102539063,-2.29705832954502,5.04072982976842
34.7137451171875,4.13421819257675,-5.61621257756119
34.9044799804688,3.81597611854455,-0.443352681936528
35.09521484375,-0.642000095349766,-2.1763674129452
35.2859497070313,2.73038638590406,-0.255084102053672
35.4766845703125,1.41406821896422,-0.580378886368967
35.6674194335938,-3.44758265237377,-1.84588600551956
35.858154296875,5.16627173580929,-2.84603239559944
36.0488891601563,3.58064201098151,1.16756261899073
36.2396240234375,0.133521483587271,-0.550719341829507
36.4303588867188,1.57825035477644,-1.40913075615947
36.62109375,3.26322198362789,0.0924003115766343
36.8118286132813,-0.518041208503694,-3.50282276260078
37.0025634765625,3.750211542736,-1.4244658760269
37.1932983398438,5.1264898284478,3.31992910738726
37.384033203125,-0.654499049531397,-3.68120788329039
37.5747680664063,0.494872844871399,-1.3081841288401
37.7655029296875,-1.03722851956145,-1.87114317226146
37.9562377929688,-8.13263361384641,-7.41571560012424
38.14697265625,-3.35317557330821,-0.873663600809241
38.3377075195313,1.52249693303171,-0.907649163772023
38.5284423828125,-3.69301013357497,-1.71500326059693
38.7191772460938,-2.86182427204507,-5.47103032764924
38.909912109375,2.22325604490792,-3.99163569075174
39.1006469726563,6.35072278702201,-5.73957850141294
39.2913818359375,0.233074429519466,0.829106467412666
39.4821166992188,-4.23020305183445,-2.32103874342014
39.6728515625,0.477621485223056,-1.69402725465556
39.8635864257813,2.58828011035472,3.05820316863224
40.0543212890625,-1.7652168694144,-5.84201550465059
40.2450561523438,-0.759219314202407,-3.51656221825295
40.435791015625,0.251254467091399,2.11337455689193
40.6265258789063,3.90173557857476,-1.00653931633787
40.8172607421875,-3.31200114825292,-0.73241779883847
41.0079956054688,0.144940642732011,-0.483174654558127
41.19873046875,0.340545829194396,-1.6249275793051
41.3894653320313,4.69183069126435,2.77267539236124
41.5802001953125,7.94664066660266,0.0184928287151682
41.7709350585938,-8.87321902926758,-3.88897120678802
41.961669921875,1.74755823546831,-3.80785167754447
42.1524047851563,-2.39201796654893,3.25829505778272
42.3431396484375,1.12296898501771,-2.09138920953371
42.5338745117188,-3.7100138995142,-2.70806779115686
42.724609375,0.692063233253278,1.82937173173603
42.9153442382813,0.11273081058204,-0.0319181243267235
43.1060791015625,6.14101895388695,2.12227386361494
43.2968139648438,-3.40062495413002,-9.42205421641509
43.487548828125,-1.93853946222192,-3.04787562538872
43.6782836914063,2.90522426358995,-1.50351708075331
43.8690185546875,5.87155000741193,2.59915191034436
44.0597534179688,-0.576691075550462,1.32522887977751
44.25048828125,2.62049336345294,-1.48461062383113
44.4412231445313,0.469190778596726,-2.44599191913991
44.6319580078125,4.62942433496926,-2.60587891274371
44.8226928710938,4.36508280046749,-6.33380412190855
45.013427734375,4.06118673463971,1.10455702545431
45.2041625976563,-2.10738316699134,2.17958616039116
45.3948974609375,-1.97752942813398,-1.01343223556198
45.5856323242188,-1.58782429460826,-1.13498830260659
45.7763671875,-1.16828861490055,5.06358839676339
45.9671020507813,-1.84748987006899,-0.123559089616972
46.1578369140625,-1.9996176175988,-2.30961585232842
46.3485717773438,-3.51250602119823,4.04650980904466
46.539306640625,-0.773290274723147,0.336452338166278
46.7300415039063,2.53562142218165,1.04765665745604
46.9207763671875,3.18962709978025,4.56842629047776
47.1115112304688,0.415143916114697,-0.940465581215845
47.30224609375,-1.15095924537112,-0.823557350109217
47.4929809570313,1.17732392409168,0.580475597664255
47.6837158203125,-1.8359405372802,-3.72860253143089
47.8744506835938,-3.2280313214727,-3.21243576620915
48.065185546875,3.50935979062289,-2.88474666237912
48.2559204101563,-5.6089955976028,-1.62586770493154
48.4466552734375,1.52996589345739,-1.54698467231562
48.6373901367188,0.993008076296301,0.0892919573932853
48.828125,2.0842731662522,2.64908149144653
49.0188598632813,-0.677257015974241,0.92583254924402
49.2095947265625,2.07434208713408,-1.82470199376111
49.4003295898438,0.593566367880399,-3.81378514954491
49.591064453125,-1.59973023647144,-1.65564707204535
49.7817993164063,4.712111930854,3.96785577440064
49.9725341796875,3.94985880190213,2.89827192582619
50.1632690429688,0.954519129942699,-3.52477719677769
50.35400390625,4.29894578149712,-3.18562795697876
50.5447387695313,1.11034821316333,-5.09834998029206
50.7354736328125,2.05366437190082,-7.93433551871667
50.9262084960938,1.48388470471498,-2.2635036008276
51.116943359375,1.4751191602359,5.36038334344677
51.3076782226563,5.43860316907997,1.55568812100573
51.4984130859375,2.04653680715462,-2.11226707973295
51.6891479492188,6.11218066112045,-1.09072606046491
51.8798828125,-0.0810513757609533,-1.70001169120718
52.0706176757813,6.03281263426654,-2.68207520448169
52.2613525390625,0.189237202693991,-2.25625236716618
52.4520874023438,-6.35197090077018,-0.149376855990115
52.642822265625,0.882140649490551,-3.08804523389633
52.8335571289063,3.73875863132887,-1.98111374062749
53.0242919921875,-8.30281266340161,-1.59795428818636
53.2150268554688,3.57751893961938,-3.35318904115228
53.40576171875,-2.00062114495247,-3.70458165267377
53.5964965820313,2.489107270556,-3.51930542634528
53.7872314453125,-2.91075481554587,-2.56880072076529
53.9779663085938,-2.6569868727494,3.71880208271611
54.168701171875,-1.09075086823544,4.80510276498838
54.3594360351563,3.03506604236055,-1.19485802080185
54.5501708984375,5.08214323147567,0.672577921748156
54.7409057617188,-1.78172804475817,1.25346236238045
54.931640625,-0.29626910218267,-0.259497569212745
55.1223754882813,3.08785232608575,-9.37581190870638
55.3131103515625,-2.0861857753859,3.75415225677462
55.5038452148438,-5.02045442347731,-0.86551703864724
55.694580078125,1.77104406773684,-4.55092407309899
55.8853149414063,-1.17198545606003,-4.53381650516662
56.0760498046875,-1.32074360716932,-1.08766714191635
56.2667846679688,-4.70681103686201,-5.04150825172948
56.45751953125,-3.78138392678459,0.160177917871549
56.6482543945313,0.197348926115626,-0.28740814053696
56.8389892578125,-1.41798603483905,-3.55670220741498
57.0297241210938,4.69181535665926,5.64841048165856
57.220458984375,-5.49583915035661,1.97070986521032
57.4111938476563,7.80502464906915,-5.77413593380098
57.6019287109375,-0.140840876267634,-4.58054015319237
57.7926635742188,-2.68914124801679,1.07551594423632
57.9833984375,-3.50455670192181,-0.207531609986698
58.1741333007813,1.81267985994057,-2.47019422897177
58.3648681640625,-4.0119457479474,-2.75192419435859
58.5556030273438,0.678644747191203,-4.84143846471691
58.746337890625,0.869554919496776,0.887824260135621
58.9370727539063,-0.908791922170532,1.05295081239483
59.1278076171875,-0.0549380490712355,3.83014905030646
59.3185424804688,4.91052827082447,-3.34647711763307
59.50927734375,-1.46453395699574,-3.64583184991594
59.7000122070313,4.27980985937777,2.19934224474752
59.8907470703125,-0.00997010526123354,-1.9532092527379
